100
1 4.9577314660244336e-05
10 0.0003299990007072514
20 0.00020644303682742368
30 4.80280235771117e-05
40 3.253511274578535e-05
50 2.9823853350303234e-05
60 3.0598498891869555e-05
70 2.5175980100905327e-05
80 7.746455415663179e-06
90 3.48590493704843e-06
100 1.9366138539157946e-06
110 1.5492910831326355e-06
120 3.873227707831589e-07
130 3.873227707831589e-07
140 1.9366138539157946e-06
150 7.746455415663177e-07
160 1.9366138539157946e-06
170 3.873227707831589e-07
180 1.5492910831326355e-06
190 3.873227707831589e-07
200 4.260550478614748e-06
300 4.260550478614748e-06
400 2.711259395482112e-06
500 1.1619683123494768e-06
600 1.5492910831326355e-06
700 1.9366138539157946e-06
800 1.9366138539157946e-06
900 2.3239366246989536e-06
1000 1.394361974819372e-05
2000 2.0140784080724264e-05
3000 2.0915429622290582e-05
4000 2.362668901777269e-05
5000 2.440133455933901e-05
6000 2.0528106851507423e-05
7000 2.440133455933901e-05
8000 2.0915429622290582e-05
9000 2.6337948413254804e-05
10000 1.2394328665061084e-05
20000 0.0106575733608694
40000 1.5492910831326355e-06
60000 3.873227707831589e-07
80000 1.1619683123494768e-06
100000 1.9366138539157946e-06
4350
1 3.873227707831589e-07
10 7.746455415663177e-07
20 3.098582166265271e-06
50 3.873227707831589e-07
60 7.746455415663177e-07
70 7.746455415663177e-07
80 3.873227707831589e-07
100 3.873227707831589e-07
9000 3.873227707831589e-07
600
1 6.197164332530542e-06
10 3.524637214126746e-05
20 3.292243551656851e-05
30 6.584487103313701e-06
40 1.9366138539157946e-06
50 3.873227707831589e-07
60 3.098582166265271e-06
70 3.098582166265271e-06
80 1.5492910831326355e-06
90 7.746455415663177e-07
110 3.873227707831589e-07
140 3.873227707831589e-07
160 3.873227707831589e-07
200 7.746455415663177e-07
500 1.1619683123494768e-06
800 3.873227707831589e-07
1000 7.746455415663177e-07
2000 1.9366138539157946e-06
3000 2.3239366246989536e-06
4000 3.873227707831589e-07
5000 1.5492910831326355e-06
6000 2.3239366246989536e-06
7000 7.746455415663177e-07
8000 1.9366138539157946e-06
9000 1.9366138539157946e-06
10000 3.873227707831589e-07
20000 0.00037918899259671254
24
1 3.640834045361694e-05
10 0.0005193998356202161
20 8.869691450934338e-05
30 1.2781651435844243e-05
40 3.873227707831589e-06
50 2.3239366246989536e-06
60 3.48590493704843e-06
70 3.48590493704843e-06
80 1.1619683123494768e-06
90 1.5492910831326355e-06
100 1.1619683123494768e-06
110 3.873227707831589e-07
140 7.746455415663177e-07
150 3.873227707831589e-07
190 3.873227707831589e-07
200 7.746455415663177e-07
300 1.1619683123494768e-06
400 2.711259395482112e-06
500 3.098582166265271e-06
600 2.711259395482112e-06
700 7.746455415663177e-07
800 1.9366138539157946e-06
900 1.5492910831326355e-06
1000 1.5105588060543196e-05
2000 2.130275239307374e-05
3000 2.0528106851507423e-05
4000 2.5175980100905327e-05
5000 2.401401178855585e-05
6000 2.2077397934640055e-05
7000 2.5563302871688486e-05
8000 2.1690075163856897e-05
9000 3.369708105813483e-05
10000 1.394361974819372e-05
20000 0.009456872771441608
40000 1.1619683123494768e-06
60000 7.746455415663177e-07
80000 7.746455415663177e-07
1500
1 4.260550478614748e-06
10 8.521100957229496e-06
20 2.1690075163856897e-05
30 1.9366138539157946e-06
50 7.746455415663177e-07
60 1.1619683123494768e-06
80 7.746455415663177e-07
120 7.746455415663177e-07
130 7.746455415663177e-07
170 3.873227707831589e-07
500 3.873227707831589e-07
1000 7.746455415663177e-07
2000 3.873227707831589e-07
3000 7.746455415663177e-07
4000 3.873227707831589e-07
5000 7.746455415663177e-07
7000 7.746455415663177e-07
8000 3.873227707831589e-07
20000 0.0002575696425708007
500
1 8.908423728012655e-06
10 6.119699778373911e-05
20 4.260550478614748e-05
30 1.0457714811145291e-05
40 5.809841561747383e-06
50 3.098582166265271e-06
60 4.647873249397907e-06
70 4.260550478614748e-06
80 1.9366138539157946e-06
90 3.873227707831589e-07
100 3.873227707831589e-07
140 7.746455415663177e-07
150 3.873227707831589e-07
170 3.873227707831589e-07
190 1.1619683123494768e-06
200 7.746455415663177e-07
300 1.1619683123494768e-06
400 1.5492910831326355e-06
500 7.746455415663177e-07
900 3.873227707831589e-07
1000 7.746455415663177e-07
2000 2.711259395482112e-06
3000 1.9366138539157946e-06
4000 3.873227707831589e-06
5000 3.48590493704843e-06
6000 5.809841561747383e-06
7000 2.3239366246989536e-06
8000 3.098582166265271e-06
9000 3.48590493704843e-06
20000 0.0007885891613145115
40000 3.873227707831589e-07
100000 3.873227707831589e-07
40
1 6.545754826235386e-05
10 0.0008083426226244526
20 0.00029552727410755026
30 5.771109284669067e-05
40 4.1830859244581164e-05
50 3.176046720421903e-05
60 2.6725271184037963e-05
70 1.9366138539157946e-05
80 1.2007005894277925e-05
90 3.48590493704843e-06
100 1.5492910831326355e-06
110 1.5492910831326355e-06
120 3.098582166265271e-06
130 1.5492910831326355e-06
140 2.711259395482112e-06
150 1.5492910831326355e-06
160 7.746455415663177e-07
170 7.746455415663177e-07
190 3.873227707831589e-07
200 2.3239366246989536e-06
300 2.711259395482112e-06
400 6.97180987409686e-06
500 5.422518790964224e-06
600 3.48590493704843e-06
700 4.260550478614748e-06
800 4.260550478614748e-06
900 1.5492910831326355e-06
1000 2.401401178855585e-05
2000 3.950692261988221e-05
3000 5.073928297259381e-05
4000 4.415479586928011e-05
5000 5.538715622199172e-05
6000 4.9577314660244336e-05
7000 4.918999188946118e-05
8000 3.8344954307532734e-05
9000 4.492944141084643e-05
10000 1.820417022680847e-05
20000 0.017389630439851485
40000 3.48590493704843e-06
60000 1.5492910831326355e-06
80000 3.098582166265271e-06
100000 3.098582166265271e-06
480
1 5.035196020181066e-06
10 2.8274562267170598e-05
20 2.130275239307374e-05
30 6.584487103313701e-06
40 2.711259395482112e-06
50 1.9366138539157946e-06
60 1.9366138539157946e-06
70 1.5492910831326355e-06
80 1.5492910831326355e-06
90 3.873227707831589e-07
100 3.873227707831589e-07
130 3.873227707831589e-07
160 3.873227707831589e-07
200 7.746455415663177e-07
400 7.746455415663177e-07
500 3.873227707831589e-07
700 7.746455415663177e-07
1000 7.746455415663177e-07
2000 1.1619683123494768e-06
3000 2.3239366246989536e-06
4000 2.711259395482112e-06
5000 2.3239366246989536e-06
6000 1.9366138539157946e-06
7000 7.746455415663177e-07
8000 1.1619683123494768e-06
9000 1.9366138539157946e-06
10000 1.1619683123494768e-06
20000 0.00047601968529250227
850
1 1.9366138539157946e-06
10 2.2464720705423214e-05
20 2.9823853350303234e-05
30 4.647873249397907e-06
40 2.711259395482112e-06
50 1.9366138539157946e-06
60 3.873227707831589e-07
70 1.5492910831326355e-06
80 7.746455415663177e-07
110 3.873227707831589e-07
120 7.746455415663177e-07
130 1.1619683123494768e-06
140 3.873227707831589e-07
160 7.746455415663177e-07
170 3.873227707831589e-07
300 7.746455415663177e-07
3000 1.1619683123494768e-06
4000 2.711259395482112e-06
5000 3.873227707831589e-07
6000 7.746455415663177e-07
7000 7.746455415663177e-07
8000 1.9366138539157946e-06
9000 3.873227707831589e-07
10000 1.1619683123494768e-06
20000 0.00012007005894277925
80000 3.873227707831589e-07
48
1 1.5880233602109516e-05
10 0.00015221784891778146
20 5.7323770075907514e-05
30 6.197164332530542e-06
40 7.359132644880019e-06
50 5.422518790964224e-06
60 4.260550478614748e-06
70 5.035196020181066e-06
80 2.3239366246989536e-06
90 1.9366138539157946e-06
100 7.746455415663177e-07
110 7.746455415663177e-07
120 3.873227707831589e-07
150 3.873227707831589e-07
160 3.873227707831589e-07
180 3.873227707831589e-07
200 3.873227707831589e-07
300 7.746455415663177e-07
400 1.5492910831326355e-06
500 3.873227707831589e-07
600 3.873227707831589e-07
700 7.746455415663177e-07
800 1.1619683123494768e-06
900 1.1619683123494768e-06
1000 3.48590493704843e-06
2000 6.197164332530542e-06
3000 8.133778186446337e-06
4000 6.97180987409686e-06
5000 9.683069269578973e-06
6000 1.0457714811145291e-05
7000 8.133778186446337e-06
8000 8.133778186446337e-06
9000 8.521100957229496e-06
10000 3.098582166265271e-06
20000 0.0038883332958921323
40000 3.873227707831589e-07
60000 7.746455415663177e-07
80000 3.873227707831589e-07
100000 7.746455415663177e-07
260
1 1.0070392040362132e-05
10 4.80280235771117e-05
20 5.3837865138859084e-05
30 1.4330942518976879e-05
40 7.359132644880019e-06
50 4.647873249397907e-06
60 8.908423728012655e-06
70 5.422518790964224e-06
90 1.5492910831326355e-06
100 3.873227707831589e-07
110 1.1619683123494768e-06
120 1.1619683123494768e-06
130 3.873227707831589e-07
140 1.5492910831326355e-06
150 7.746455415663177e-07
160 1.1619683123494768e-06
170 3.873227707831589e-07
180 3.873227707831589e-07
200 1.1619683123494768e-06
400 7.746455415663177e-07
600 3.873227707831589e-07
700 1.9366138539157946e-06
800 1.5492910831326355e-06
900 1.5492910831326355e-06
1000 3.098582166265271e-06
2000 6.97180987409686e-06
3000 5.809841561747383e-06
4000 8.133778186446337e-06
5000 6.97180987409686e-06
6000 6.584487103313701e-06
7000 6.197164332530542e-06
8000 6.97180987409686e-06
9000 7.359132644880019e-06
10000 3.098582166265271e-06
20000 0.0017421778229826487
80000 3.873227707831589e-07
80
1 5.228857405572645e-05
10 0.0004736957486678033
20 0.0002932033374828513
30 6.933077597018545e-05
40 3.369708105813483e-05
50 3.718298599518326e-05
60 2.3239366246989532e-05
70 1.859149299759163e-05
80 8.908423728012655e-06
90 3.873227707831589e-06
100 7.746455415663177e-07
110 2.3239366246989536e-06
120 4.260550478614748e-06
130 2.3239366246989536e-06
140 2.711259395482112e-06
150 1.1619683123494768e-06
160 2.3239366246989536e-06
170 3.873227707831589e-07
190 1.1619683123494768e-06
200 3.48590493704843e-06
300 7.359132644880019e-06
400 3.48590493704843e-06
500 2.711259395482112e-06
600 3.48590493704843e-06
700 3.48590493704843e-06
800 4.647873249397907e-06
900 2.3239366246989536e-06
1000 1.2007005894277925e-05
2000 3.67956632244001e-05
3000 3.137314443343587e-05
4000 3.330975828735167e-05
5000 4.066889093223169e-05
6000 3.253511274578535e-05
7000 2.788723949638744e-05
8000 3.524637214126746e-05
9000 4.221818201536432e-05
10000 1.4330942518976879e-05
20000 0.018369557049932875
40000 4.260550478614748e-06
80000 1.5492910831326355e-06
100000 4.647873249397907e-06
22
1 3.4084403828917986e-05
10 0.0005616180176355804
20 8.327439571837917e-05
30 1.0070392040362132e-05
40 8.521100957229496e-06
50 1.9366138539157946e-06
60 1.5492910831326355e-06
70 1.5492910831326355e-06
80 1.1619683123494768e-06
90 3.873227707831589e-07
110 3.873227707831589e-07
120 3.873227707831589e-07
130 7.746455415663177e-07
140 7.746455415663177e-07
160 3.873227707831589e-07
170 3.873227707831589e-07
180 1.1619683123494768e-06
200 1.1619683123494768e-06
300 3.48590493704843e-06
400 3.48590493704843e-06
500 2.3239366246989536e-06
600 3.873227707831589e-07
700 3.873227707831589e-07
800 2.3239366246989536e-06
900 1.9366138539157946e-06
1000 1.2007005894277925e-05
2000 1.9366138539157946e-05
3000 2.0528106851507423e-05
4000 2.0528106851507423e-05
5000 2.711259395482112e-05
6000 2.0915429622290582e-05
7000 1.6267556372892675e-05
8000 2.0528106851507423e-05
9000 2.9049207808736916e-05
10000 1.2781651435844243e-05
20000 0.011193628075633292
40000 1.9366138539157946e-06
60000 2.3239366246989536e-06
80000 3.098582166265271e-06
100000 3.873227707831589e-07
14
1 6.894345319940229e-05
10 0.0010287292792000701
20 0.00013749958362802142
30 2.130275239307374e-05
40 1.0845037581928448e-05
50 9.295746498795814e-06
60 5.422518790964224e-06
70 3.48590493704843e-06
80 4.647873249397907e-06
90 1.5492910831326355e-06
100 7.746455415663177e-07
110 3.873227707831589e-07
120 7.746455415663177e-07
130 7.746455415663177e-07
140 7.746455415663177e-07
160 7.746455415663177e-07
190 1.1619683123494768e-06
200 1.1619683123494768e-06
300 2.711259395482112e-06
400 2.711259395482112e-06
500 3.873227707831589e-06
600 6.197164332530542e-06
700 3.873227707831589e-06
800 4.260550478614748e-06
900 1.5492910831326355e-06
1000 2.130275239307374e-05
2000 4.028156816144853e-05
3000 3.524637214126746e-05
4000 3.369708105813483e-05
5000 4.2992827556930634e-05
6000 4.1056213703014846e-05
7000 4.1056213703014846e-05
8000 3.718298599518326e-05
9000 4.764070080632854e-05
10000 1.9753461309941105e-05
20000 0.023186690350163023
40000 2.3239366246989536e-06
60000 1.1619683123494768e-06
80000 1.9366138539157946e-06
100000 1.1619683123494768e-06
60
1 4.6091409723195906e-05
10 0.0008466875769319853
20 0.00038925938463707467
30 8.94715600509097e-05
40 5.6549124534341197e-05
50 4.066889093223169e-05
60 3.137314443343587e-05
70 3.176046720421903e-05
80 2.2464720705423214e-05
90 6.97180987409686e-06
100 3.098582166265271e-06
110 3.48590493704843e-06
120 3.48590493704843e-06
130 3.098582166265271e-06
140 2.711259395482112e-06
150 1.9366138539157946e-06
160 1.5492910831326355e-06
170 3.873227707831589e-07
200 3.873227707831589e-06
300 5.809841561747383e-06
400 4.647873249397907e-06
500 5.035196020181066e-06
600 4.647873249397907e-06
700 3.873227707831589e-06
800 3.48590493704843e-06
900 6.97180987409686e-06
1000 2.6725271184037963e-05
2000 4.9964637431027495e-05
3000 4.066889093223169e-05
4000 4.725337803554538e-05
5000 6.0809675012955945e-05
6000 5.267589682650961e-05
7000 5.190125128494329e-05
8000 4.918999188946118e-05
9000 5.6936447305124355e-05
10000 1.8978815768374787e-05
20000 0.021365886004711395
40000 4.260550478614748e-06
60000 3.098582166265271e-06
80000 2.3239366246989536e-06
100000 4.647873249397907e-06
34
1 2.401401178855585e-05
10 0.0002746118444852597
20 7.281668090723388e-05
30 9.295746498795814e-06
40 5.035196020181066e-06
50 1.9366138539157946e-06
60 2.3239366246989536e-06
70 3.873227707831589e-07
80 3.873227707831589e-07
100 7.746455415663177e-07
110 3.873227707831589e-07
120 3.873227707831589e-07
140 3.873227707831589e-07
150 3.873227707831589e-07
160 1.1619683123494768e-06
180 3.873227707831589e-07
190 3.873227707831589e-07
200 1.1619683123494768e-06
300 3.873227707831589e-07
400 3.873227707831589e-07
500 3.48590493704843e-06
600 1.5492910831326355e-06
800 2.3239366246989536e-06
900 1.1619683123494768e-06
1000 9.295746498795814e-06
2000 1.4330942518976879e-05
3000 1.2394328665061084e-05
4000 1.394361974819372e-05
5000 1.6654879143675834e-05
6000 1.6654879143675834e-05
7000 1.6654879143675834e-05
8000 1.6267556372892675e-05
9000 1.4330942518976879e-05
10000 8.521100957229496e-06
20000 0.0058993131217982935
40000 1.1619683123494768e-06
60000 7.746455415663177e-07
80000 1.1619683123494768e-06
100000 1.5492910831326355e-06
440
1 3.098582166265271e-06
10 2.8661885037953757e-05
20 2.8274562267170598e-05
30 1.0070392040362132e-05
40 4.260550478614748e-06
50 1.5492910831326355e-06
60 3.098582166265271e-06
70 2.3239366246989536e-06
80 7.746455415663177e-07
90 3.873227707831589e-07
110 3.873227707831589e-07
130 3.873227707831589e-07
140 7.746455415663177e-07
160 3.873227707831589e-07
300 3.873227707831589e-07
400 3.873227707831589e-07
700 7.746455415663177e-07
2000 2.711259395482112e-06
3000 1.9366138539157946e-06
4000 2.3239366246989536e-06
5000 1.1619683123494768e-06
6000 1.5492910831326355e-06
7000 1.9366138539157946e-06
8000 2.3239366246989536e-06
9000 2.711259395482112e-06
10000 3.873227707831589e-07
20000 0.0004136607191964137
80000 3.873227707831589e-07
5800
1 1.9366138539157946e-06
10 1.9366138539157946e-06
20 7.746455415663179e-06
30 1.1619683123494768e-06
40 7.746455415663177e-07
50 3.873227707831589e-07
70 3.873227707831589e-07
140 3.873227707831589e-07
3000 3.873227707831589e-07
8000 3.873227707831589e-07
9000 3.873227707831589e-07
20000 3.873227707831589e-07
1
1 0.000692145791389505
10 0.008504833400856603
20 0.0007060894111376987
30 0.0001835909933512173
40 8.01758135521139e-05
50 8.521100957229496e-05
60 7.901384523976442e-05
70 6.274628886687175e-05
80 3.950692261988221e-05
90 1.4718265289760038e-05
100 1.0457714811145291e-05
110 8.521100957229496e-06
120 7.359132644880019e-06
130 4.260550478614748e-06
140 6.197164332530542e-06
150 5.035196020181066e-06
160 4.647873249397907e-06
170 2.3239366246989536e-06
180 2.3239366246989536e-06
190 7.746455415663177e-07
200 4.647873249397907e-06
300 2.711259395482112e-06
400 3.48590493704843e-06
500 1.5492910831326355e-06
600 3.873227707831589e-07
700 1.1619683123494768e-06
800 7.746455415663177e-07
900 1.1619683123494768e-06
1000 5.809841561747383e-06
2000 2.5950625642471645e-05
3000 8.908423728012655e-06
4000 0.00019637264478706155
5000 8.133778186446337e-06
6000 1.9753461309941105e-05
7000 1.2394328665061084e-05
8000 1.0070392040362132e-05
9000 7.746455415663179e-06
10000 5.422518790964224e-06
20000 0.22132785090862048
40000 1.5492910831326355e-06
16
1 4.841534634789486e-05
10 0.0008679903293250591
20 0.00011735879954729714
30 1.9753461309941105e-05
40 7.359132644880019e-06
50 7.359132644880019e-06
60 4.647873249397907e-06
70 2.711259395482112e-06
80 4.260550478614748e-06
90 1.5492910831326355e-06
100 1.1619683123494768e-06
110 3.873227707831589e-07
120 1.9366138539157946e-06
130 7.746455415663177e-07
140 3.873227707831589e-07
160 7.746455415663177e-07
180 1.1619683123494768e-06
190 3.873227707831589e-07
200 1.5492910831326355e-06
300 4.647873249397907e-06
400 4.647873249397907e-06
500 3.48590493704843e-06
600 2.711259395482112e-06
700 2.3239366246989536e-06
800 2.711259395482112e-06
900 2.3239366246989536e-06
1000 1.3168974206627402e-05
2000 3.4471726599701144e-05
3000 3.0598498891869555e-05
4000 2.0915429622290582e-05
5000 4.492944141084643e-05
6000 3.602101768283378e-05
7000 3.369708105813483e-05
8000 3.0598498891869555e-05
9000 4.1443536473798005e-05
10000 1.5492910831326357e-05
20000 0.019876629951050148
40000 3.098582166265271e-06
60000 1.1619683123494768e-06
80000 3.873227707831589e-07
100000 7.746455415663177e-07
26
1 2.5563302871688486e-05
10 0.0004551042556702117
20 6.119699778373911e-05
30 9.683069269578973e-06
40 3.873227707831589e-06
50 1.9366138539157946e-06
60 2.3239366246989536e-06
70 3.098582166265271e-06
100 7.746455415663177e-07
110 1.1619683123494768e-06
120 7.746455415663177e-07
130 3.873227707831589e-07
140 3.873227707831589e-07
180 1.1619683123494768e-06
200 1.1619683123494768e-06
300 1.5492910831326355e-06
400 1.1619683123494768e-06
500 2.3239366246989536e-06
600 3.873227707831589e-06
700 1.5492910831326355e-06
800 1.1619683123494768e-06
900 7.746455415663177e-07
1000 1.2007005894277925e-05
2000 1.2394328665061084e-05
3000 1.7042201914458993e-05
4000 1.6267556372892675e-05
5000 2.2852043476206373e-05
6000 1.6654879143675834e-05
7000 1.2007005894277925e-05
8000 1.820417022680847e-05
9000 2.5563302871688486e-05
10000 8.133778186446337e-06
20000 0.008107440238033082
40000 1.5492910831326355e-06
60000 1.5492910831326355e-06
80000 3.873227707831589e-07
100000 1.5492910831326355e-06
8
1 7.940116801054758e-05
10 0.0010357010890741669
20 0.00010070392040362131
30 2.0140784080724264e-05
40 1.0457714811145291e-05
50 8.133778186446337e-06
60 6.584487103313701e-06
70 3.873227707831589e-06
80 2.711259395482112e-06
90 1.9366138539157946e-06
100 1.5492910831326355e-06
110 1.9366138539157946e-06
120 1.5492910831326355e-06
130 2.3239366246989536e-06
140 7.746455415663177e-07
150 7.746455415663177e-07
160 1.5492910831326355e-06
170 3.873227707831589e-07
180 1.1619683123494768e-06
190 7.746455415663177e-07
200 2.3239366246989536e-06
300 6.197164332530542e-06
400 5.422518790964224e-06
500 4.260550478614748e-06
600 3.873227707831589e-06
700 6.197164332530542e-06
800 5.809841561747383e-06
900 3.873227707831589e-06
1000 3.0598498891869555e-05
2000 4.338015032771379e-05
3000 4.880266911867802e-05
4000 4.686605526476222e-05
5000 5.151392851416013e-05
6000 5.073928297259381e-05
7000 4.492944141084643e-05
8000 5.6549124534341197e-05
9000 5.112660574337697e-05
10000 2.2077397934640055e-05
20000 0.023558520210114856
40000 1.9366138539157946e-06
60000 2.711259395482112e-06
80000 1.1619683123494768e-06
53600
1 3.873227707831589e-07
6000 3.873227707831589e-07
182800
20000 3.873227707831589e-07
120
1 2.8661885037953757e-05
10 0.00023123169415754585
20 0.00018126705672651835
30 5.538715622199172e-05
40 2.9436530579520075e-05
50 2.9436530579520075e-05
60 1.7042201914458993e-05
70 2.3239366246989532e-05
80 1.2394328665061084e-05
90 5.809841561747383e-06
100 5.035196020181066e-06
110 2.711259395482112e-06
120 1.9366138539157946e-06
130 1.9366138539157946e-06
140 1.9366138539157946e-06
150 7.746455415663177e-07
160 1.5492910831326355e-06
170 7.746455415663177e-07
180 1.5492910831326355e-06
190 1.1619683123494768e-06
200 3.098582166265271e-06
300 5.422518790964224e-06
400 3.873227707831589e-06
500 1.9366138539157946e-06
600 2.711259395482112e-06
700 1.5492910831326355e-06
800 2.3239366246989536e-06
900 7.746455415663177e-07
1000 5.035196020181066e-06
2000 2.2852043476206373e-05
3000 1.6267556372892675e-05
4000 1.4330942518976879e-05
5000 1.355629697741056e-05
6000 1.820417022680847e-05
7000 1.6654879143675834e-05
8000 1.6654879143675834e-05
9000 2.0528106851507423e-05
10000 7.746455415663179e-06
20000 0.00867254416060571
40000 1.5492910831326355e-06
60000 1.1619683123494768e-06
80000 1.1619683123494768e-06
100000 2.711259395482112e-06
180
1 2.440133455933901e-05
10 9.876730654970551e-05
20 0.00011193628075633292
30 3.718298599518326e-05
40 1.2394328665061084e-05
50 1.355629697741056e-05
60 1.6654879143675834e-05
70 1.1232360352711607e-05
80 6.584487103313701e-06
90 3.48590493704843e-06
100 2.3239366246989536e-06
110 1.5492910831326355e-06
120 1.1619683123494768e-06
130 1.5492910831326355e-06
140 1.1619683123494768e-06
150 1.1619683123494768e-06
160 7.746455415663177e-07
170 3.873227707831589e-07
180 7.746455415663177e-07
190 3.873227707831589e-07
200 1.9366138539157946e-06
300 1.5492910831326355e-06
400 2.711259395482112e-06
500 1.5492910831326355e-06
600 1.1619683123494768e-06
700 1.1619683123494768e-06
800 1.1619683123494768e-06
900 3.098582166265271e-06
1000 6.584487103313701e-06
2000 1.1232360352711607e-05
3000 1.0070392040362132e-05
4000 1.0845037581928448e-05
5000 1.2781651435844243e-05
6000 7.359132644880019e-06
7000 1.0070392040362132e-05
8000 9.683069269578973e-06
9000 1.4718265289760038e-05
10000 8.908423728012655e-06
20000 0.0026740764094869292
40000 1.1619683123494768e-06
100000 7.746455415663177e-07
4100
1 3.873227707831589e-07
10 7.746455415663177e-07
20 4.260550478614748e-06
30 3.873227707831589e-07
40 3.873227707831589e-07
70 3.873227707831589e-07
5000 3.873227707831589e-07
8000 3.873227707831589e-07
400
1 3.873227707831589e-06
10 3.4859049370484303e-05
20 2.130275239307374e-05
30 7.359132644880019e-06
40 6.97180987409686e-06
50 3.48590493704843e-06
60 3.098582166265271e-06
70 3.48590493704843e-06
80 1.9366138539157946e-06
90 7.746455415663177e-07
100 3.873227707831589e-07
110 3.873227707831589e-07
120 7.746455415663177e-07
130 3.873227707831589e-07
150 3.873227707831589e-07
160 3.873227707831589e-07
200 7.746455415663177e-07
300 1.5492910831326355e-06
400 7.746455415663177e-07
500 3.873227707831589e-07
800 3.873227707831589e-07
1000 3.873227707831589e-07
2000 1.9366138539157946e-06
3000 2.3239366246989536e-06
4000 3.48590493704843e-06
5000 1.9366138539157946e-06
6000 2.3239366246989536e-06
7000 3.098582166265271e-06
8000 3.098582166265271e-06
9000 3.098582166265271e-06
10000 3.873227707831589e-07
20000 0.00036214679068225354
100000 3.873227707831589e-07
4650
1 7.746455415663177e-07
10 7.746455415663177e-07
20 3.873227707831589e-07
60 3.873227707831589e-07
120 3.873227707831589e-07
140 3.873227707831589e-07
2000 3.873227707831589e-07
20000 3.873227707831589e-07
7600
20 4.647873249397907e-06
30 1.1619683123494768e-06
40 3.873227707831589e-07
70 3.873227707831589e-07
140 3.873227707831589e-07
20000 3.873227707831589e-07
6200
1 3.873227707831589e-07
10 7.746455415663177e-07
20 4.647873249397907e-06
30 7.746455415663177e-07
70 3.873227707831589e-07
90 3.873227707831589e-07
130 3.873227707831589e-07
150 3.873227707831589e-07
3000 3.873227707831589e-07
9
1 6.158432055452227e-05
10 0.0008788353669069876
20 9.644336992500656e-05
30 1.0070392040362132e-05
40 1.0845037581928448e-05
50 7.746455415663179e-06
60 4.647873249397907e-06
70 2.711259395482112e-06
80 1.9366138539157946e-06
90 2.3239366246989536e-06
100 7.746455415663177e-07
110 1.1619683123494768e-06
120 3.873227707831589e-07
140 7.746455415663177e-07
160 1.1619683123494768e-06
180 7.746455415663177e-07
200 1.5492910831326355e-06
300 4.260550478614748e-06
400 3.48590493704843e-06
500 2.711259395482112e-06
600 1.5492910831326355e-06
700 2.711259395482112e-06
800 1.5492910831326355e-06
900 2.711259395482112e-06
1000 1.4718265289760038e-05
2000 3.524637214126746e-05
3000 3.950692261988221e-05
4000 3.253511274578535e-05
5000 4.764070080632854e-05
6000 2.6337948413254804e-05
7000 3.0598498891869555e-05
8000 3.563369491205062e-05
9000 3.7957631536749575e-05
10000 1.3168974206627402e-05
20000 0.02127215389418187
40000 1.1619683123494768e-06
80000 7.746455415663177e-07
100000 3.873227707831589e-07
280
1 8.133778186446337e-06
10 4.2992827556930634e-05
20 4.1830859244581164e-05
30 1.1232360352711607e-05
40 8.521100957229496e-06
50 4.647873249397907e-06
60 5.422518790964224e-06
70 9.683069269578973e-06
80 3.873227707831589e-06
90 1.1619683123494768e-06
100 3.873227707831589e-07
110 7.746455415663177e-07
130 3.873227707831589e-07
140 3.873227707831589e-07
180 3.873227707831589e-07
300 7.746455415663177e-07
400 3.873227707831589e-07
500 3.873227707831589e-07
700 3.873227707831589e-07
800 7.746455415663177e-07
900 3.873227707831589e-07
1000 1.1619683123494768e-06
2000 1.9366138539157946e-06
3000 6.197164332530542e-06
4000 3.48590493704843e-06
5000 7.359132644880019e-06
6000 2.3239366246989536e-06
7000 4.647873249397907e-06
8000 5.422518790964224e-06
9000 3.48590493704843e-06
10000 7.746455415663177e-07
20000 0.0007688357000045704
40000 1.1619683123494768e-06
60000 3.873227707831589e-07
80000 3.873227707831589e-07
460
1 5.422518790964224e-06
10 2.3239366246989532e-05
20 2.8274562267170598e-05
30 8.133778186446337e-06
40 4.647873249397907e-06
50 2.711259395482112e-06
60 2.3239366246989536e-06
70 2.711259395482112e-06
80 1.1619683123494768e-06
100 3.873227707831589e-07
130 3.873227707831589e-07
140 3.873227707831589e-07
160 3.873227707831589e-07
200 7.746455415663177e-07
300 3.873227707831589e-07
500 3.873227707831589e-07
600 7.746455415663177e-07
2000 1.5492910831326355e-06
3000 3.48590493704843e-06
4000 2.711259395482112e-06
5000 1.1619683123494768e-06
6000 1.5492910831326355e-06
7000 1.1619683123494768e-06
8000 1.5492910831326355e-06
9000 2.711259395482112e-06
20000 0.00033890742443526406
100000 3.873227707831589e-07
1050
1 4.647873249397907e-06
10 1.4718265289760038e-05
20 1.6654879143675834e-05
30 1.5492910831326355e-06
40 1.9366138539157946e-06
50 7.746455415663177e-07
60 7.746455415663177e-07
70 3.873227707831589e-07
110 3.873227707831589e-07
140 3.873227707831589e-07
180 3.873227707831589e-07
900 3.873227707831589e-07
1000 3.873227707831589e-07
2000 3.873227707831589e-07
3000 3.873227707831589e-07
4000 1.1619683123494768e-06
5000 7.746455415663177e-07
6000 7.746455415663177e-07
7000 3.873227707831589e-07
8000 7.746455415663177e-07
9000 1.1619683123494768e-06
20000 5.538715622199172e-05
50
1 7.746455415663179e-06
10 6.855613042861913e-05
20 2.4788657330122168e-05
30 5.809841561747383e-06
40 8.133778186446337e-06
50 5.035196020181066e-06
60 1.9366138539157946e-06
70 1.1619683123494768e-06
80 7.746455415663177e-07
90 7.746455415663177e-07
100 7.746455415663177e-07
120 1.1619683123494768e-06
130 3.873227707831589e-07
140 3.873227707831589e-07
160 3.873227707831589e-07
180 3.873227707831589e-07
190 3.873227707831589e-07
300 7.746455415663177e-07
400 7.746455415663177e-07
500 3.873227707831589e-07
600 3.873227707831589e-07
900 3.873227707831589e-07
1000 7.746455415663177e-07
2000 4.647873249397907e-06
3000 3.873227707831589e-06
4000 3.873227707831589e-06
5000 3.873227707831589e-06
6000 3.098582166265271e-06
7000 5.809841561747383e-06
8000 1.5492910831326355e-06
9000 1.9366138539157946e-06
10000 1.5492910831326355e-06
20000 0.0018723182739657901
40000 3.873227707831589e-07
60000 7.746455415663177e-07
80000 1.1619683123494768e-06
100000 3.873227707831589e-07
380
1 8.133778186446337e-06
10 2.8274562267170598e-05
20 2.9436530579520075e-05
30 8.908423728012655e-06
40 1.5492910831326355e-06
50 1.1619683123494768e-06
60 3.873227707831589e-06
70 3.098582166265271e-06
80 7.746455415663177e-07
130 7.746455415663177e-07
160 3.873227707831589e-07
170 3.873227707831589e-07
180 3.873227707831589e-07
190 3.873227707831589e-07
200 7.746455415663177e-07
300 1.5492910831326355e-06
400 3.873227707831589e-07
500 7.746455415663177e-07
1000 7.746455415663177e-07
2000 1.1619683123494768e-06
3000 7.746455415663177e-07
4000 2.3239366246989536e-06
5000 3.48590493704843e-06
6000 1.9366138539157946e-06
7000 2.711259395482112e-06
8000 1.1619683123494768e-06
9000 2.3239366246989536e-06
10000 3.873227707831589e-07
20000 0.00031373144433435873
340
1 5.035196020181066e-06
10 2.9436530579520075e-05
20 2.749991672560428e-05
30 1.3168974206627402e-05
40 6.197164332530542e-06
50 2.711259395482112e-06
60 3.098582166265271e-06
70 1.9366138539157946e-06
80 7.746455415663177e-07
90 7.746455415663177e-07
100 1.5492910831326355e-06
140 3.873227707831589e-07
160 3.873227707831589e-07
300 3.873227707831589e-07
400 7.746455415663177e-07
1000 1.5492910831326355e-06
2000 4.647873249397907e-06
3000 4.260550478614748e-06
4000 3.098582166265271e-06
5000 3.873227707831589e-06
6000 1.9366138539157946e-06
7000 7.746455415663177e-07
8000 1.9366138539157946e-06
9000 3.098582166265271e-06
10000 2.3239366246989536e-06
20000 0.0010473207721976617
80000 3.873227707831589e-07
100000 3.873227707831589e-07
42
1 1.4718265289760038e-05
10 0.0001894008349129647
20 5.499983345120856e-05
30 9.683069269578973e-06
40 6.97180987409686e-06
50 5.422518790964224e-06
60 2.3239366246989536e-06
70 2.3239366246989536e-06
80 1.9366138539157946e-06
90 3.873227707831589e-07
120 3.873227707831589e-07
140 3.873227707831589e-07
160 7.746455415663177e-07
170 7.746455415663177e-07
180 3.873227707831589e-07
190 3.873227707831589e-07
200 3.873227707831589e-07
300 1.1619683123494768e-06
400 2.3239366246989536e-06
500 7.746455415663177e-07
600 7.746455415663177e-07
700 7.746455415663177e-07
800 3.873227707831589e-07
900 1.5492910831326355e-06
1000 5.035196020181066e-06
2000 9.683069269578973e-06
3000 1.355629697741056e-05
4000 1.1619683123494766e-05
5000 1.3168974206627402e-05
6000 1.3168974206627402e-05
7000 8.908423728012655e-06
8000 9.683069269578973e-06
9000 1.2007005894277925e-05
10000 3.873227707831589e-06
20000 0.0054666735868335046
40000 1.5492910831326355e-06
60000 1.5492910831326355e-06
80000 3.873227707831589e-07
100000 1.9366138539157946e-06
30200
50 3.873227707831589e-07
20000 3.873227707831589e-07
220
1 1.0457714811145291e-05
10 5.577447899277488e-05
20 7.978849078133074e-05
30 2.440133455933901e-05
40 1.5492910831326357e-05
50 6.97180987409686e-06
60 1.1232360352711607e-05
70 9.295746498795814e-06
80 3.098582166265271e-06
90 3.098582166265271e-06
100 7.746455415663177e-07
120 1.5492910831326355e-06
130 1.1619683123494768e-06
140 7.746455415663177e-07
150 7.746455415663177e-07
170 3.873227707831589e-07
190 3.873227707831589e-07
200 3.873227707831589e-07
300 1.1619683123494768e-06
400 7.746455415663177e-07
500 1.9366138539157946e-06
600 3.873227707831589e-07
700 7.746455415663177e-07
800 1.5492910831326355e-06
900 7.746455415663177e-07
1000 5.422518790964224e-06
2000 8.133778186446337e-06
3000 7.746455415663179e-06
4000 4.260550478614748e-06
5000 1.0457714811145291e-05
6000 8.908423728012655e-06
7000 1.0070392040362132e-05
8000 1.0070392040362132e-05
9000 1.0845037581928448e-05
10000 3.098582166265271e-06
20000 0.0017731636446453015
40000 3.873227707831589e-07
60000 3.873227707831589e-07
80000 3.873227707831589e-07
100000 7.746455415663177e-07
32
1 2.2464720705423214e-05
10 0.0003234145136039377
20 6.0809675012955945e-05
30 8.521100957229496e-06
40 4.647873249397907e-06
50 1.1619683123494768e-06
60 1.1619683123494768e-06
70 7.746455415663177e-07
80 2.3239366246989536e-06
110 1.9366138539157946e-06
120 1.1619683123494768e-06
140 3.873227707831589e-07
180 7.746455415663177e-07
190 7.746455415663177e-07
200 1.5492910831326355e-06
300 1.1619683123494768e-06
400 1.5492910831326355e-06
500 1.1619683123494768e-06
600 1.5492910831326355e-06
700 7.746455415663177e-07
800 2.3239366246989536e-06
900 7.746455415663177e-07
1000 7.746455415663179e-06
2000 1.5492910831326357e-05
3000 1.5880233602109516e-05
4000 1.781684745602531e-05
5000 2.0528106851507423e-05
6000 1.3168974206627402e-05
7000 1.5880233602109516e-05
8000 1.820417022680847e-05
9000 1.7429524685242152e-05
10000 6.197164332530542e-06
20000 0.006248678261044702
40000 1.5492910831326355e-06
60000 1.5492910831326355e-06
80000 3.873227707831589e-07
100000 1.1619683123494768e-06
1550
1 2.711259395482112e-06
10 5.809841561747383e-06
20 2.2464720705423214e-05
30 2.3239366246989536e-06
40 3.873227707831589e-07
50 7.746455415663177e-07
60 1.1619683123494768e-06
70 1.1619683123494768e-06
80 3.873227707831589e-07
90 3.873227707831589e-07
100 3.873227707831589e-07
110 3.873227707831589e-07
120 3.873227707831589e-07
140 3.873227707831589e-07
180 3.873227707831589e-07
300 3.873227707831589e-07
1000 3.873227707831589e-07
2000 3.873227707831589e-07
4000 3.873227707831589e-07
6000 7.746455415663177e-07
20000 0.00010806305304850133
7
1 9.450675607109076e-05
10 0.0012669327832317127
20 9.992927486205499e-05
30 2.4788657330122168e-05
40 1.5492910831326357e-05
50 1.0457714811145291e-05
60 8.521100957229496e-06
70 6.97180987409686e-06
80 1.1619683123494768e-06
90 1.5492910831326355e-06
100 1.1619683123494768e-06
110 7.746455415663177e-07
120 1.1619683123494768e-06
130 3.873227707831589e-07
140 3.873227707831589e-07
150 7.746455415663177e-07
160 3.873227707831589e-07
180 7.746455415663177e-07
200 1.9366138539157946e-06
300 1.5492910831326355e-06
400 7.746455415663177e-07
500 1.5492910831326355e-06
600 1.5492910831326355e-06
700 1.9366138539157946e-06
800 7.746455415663177e-07
900 1.9366138539157946e-06
1000 1.394361974819372e-05
2000 1.355629697741056e-05
3000 1.9366138539157946e-05
4000 1.7429524685242152e-05
5000 1.9366138539157946e-05
6000 1.9366138539157946e-05
7000 1.355629697741056e-05
8000 2.0140784080724264e-05
9000 1.394361974819372e-05
10000 7.359132644880019e-06
20000 0.026279462674866548
40000 7.746455415663177e-07
60000 7.746455415663177e-07
80000 3.873227707831589e-07
2300
1 3.873227707831589e-07
10 4.260550478614748e-06
20 1.0070392040362132e-05
30 1.9366138539157946e-06
50 3.873227707831589e-07
60 1.9366138539157946e-06
70 7.746455415663177e-07
80 3.873227707831589e-07
110 3.873227707831589e-07
120 3.873227707831589e-07
130 3.873227707831589e-07
140 3.873227707831589e-07
1000 3.873227707831589e-07
4000 3.873227707831589e-07
5000 3.873227707831589e-07
7000 3.873227707831589e-07
8000 7.746455415663177e-07
20000 8.869691450934338e-05
4
1 0.00014834462120994987
10 0.0023045704861597953
20 0.00014214745687741933
30 5.112660574337697e-05
40 2.130275239307374e-05
50 1.394361974819372e-05
60 1.6267556372892675e-05
70 1.355629697741056e-05
80 8.908423728012655e-06
90 5.809841561747383e-06
100 4.647873249397907e-06
110 5.035196020181066e-06
120 2.3239366246989536e-06
130 3.48590493704843e-06
140 3.098582166265271e-06
150 1.9366138539157946e-06
160 3.098582166265271e-06
170 7.746455415663177e-07
180 2.711259395482112e-06
190 1.9366138539157946e-06
200 8.133778186446337e-06
300 9.295746498795814e-06
400 1.0070392040362132e-05
500 1.0845037581928448e-05
600 1.2394328665061084e-05
700 1.0457714811145291e-05
800 1.0845037581928448e-05
900 1.3168974206627402e-05
1000 6.003502947138963e-05
2000 0.00010573911642380237
3000 0.00010380250256988658
4000 0.00010651376196536869
5000 0.00011077431244398344
6000 0.00010961234413163396
7000 0.00010147856594518763
8000 0.0001235559638798277
9000 0.0001111616352147666
10000 4.376747309849695e-05
20000 0.0510224159180363
40000 6.584487103313701e-06
60000 5.035196020181066e-06
80000 3.098582166265271e-06
100000 2.3239366246989536e-06
950
1 3.48590493704843e-06
10 1.5492910831326357e-05
20 2.5563302871688486e-05
30 2.3239366246989536e-06
40 2.3239366246989536e-06
50 7.746455415663177e-07
60 7.746455415663177e-07
70 7.746455415663177e-07
80 7.746455415663177e-07
110 3.873227707831589e-07
150 3.873227707831589e-07
200 7.746455415663177e-07
700 3.873227707831589e-07
1000 7.746455415663177e-07
3000 3.873227707831589e-07
4000 1.1619683123494768e-06
5000 3.873227707831589e-07
6000 3.873227707831589e-07
7000 7.746455415663177e-07
8000 1.9366138539157946e-06
9000 1.1619683123494768e-06
20000 1.2394328665061084e-05
3450
1 3.873227707831589e-07
10 1.5492910831326355e-06
20 2.3239366246989536e-06
30 3.873227707831589e-07
60 7.746455415663177e-07
70 3.873227707831589e-07
80 3.873227707831589e-07
120 3.873227707831589e-07
3000 7.746455415663177e-07
4000 3.873227707831589e-07
20000 7.746455415663177e-07
6000
1 1.5492910831326355e-06
10 2.711259395482112e-06
20 3.873227707831589e-06
30 7.746455415663177e-07
40 7.746455415663177e-07
50 3.873227707831589e-07
60 3.873227707831589e-07
80 3.873227707831589e-07
110 3.873227707831589e-07
140 3.873227707831589e-07
3000 1.1619683123494768e-06
20000 1.1619683123494768e-06
4900
1 7.746455415663177e-07
10 7.746455415663177e-07
20 2.3239366246989536e-06
50 3.873227707831589e-07
150 3.873227707831589e-07
190 3.873227707831589e-07
800
1 3.48590493704843e-06
10 2.2852043476206373e-05
20 2.130275239307374e-05
30 2.3239366246989536e-06
40 1.1619683123494768e-06
50 1.5492910831326355e-06
60 1.5492910831326355e-06
70 1.9366138539157946e-06
80 7.746455415663177e-07
90 3.873227707831589e-07
100 7.746455415663177e-07
130 7.746455415663177e-07
140 7.746455415663177e-07
150 1.1619683123494768e-06
200 7.746455415663177e-07
300 7.746455415663177e-07
1000 7.746455415663177e-07
2000 3.873227707831589e-07
3000 1.1619683123494768e-06
4000 1.9366138539157946e-06
5000 1.5492910831326355e-06
6000 3.873227707831589e-07
7000 3.873227707831589e-07
8000 1.1619683123494768e-06
9000 7.746455415663177e-07
10000 3.873227707831589e-07
20000 0.00019056280322531416
100000 3.873227707831589e-07
650
1 4.647873249397907e-06
10 2.5175980100905327e-05
20 3.214778997500219e-05
30 9.683069269578973e-06
40 5.809841561747383e-06
50 1.5492910831326355e-06
60 1.5492910831326355e-06
70 3.48590493704843e-06
80 3.48590493704843e-06
90 3.873227707831589e-07
100 7.746455415663177e-07
110 7.746455415663177e-07
120 3.873227707831589e-07
150 3.873227707831589e-07
160 7.746455415663177e-07
170 7.746455415663177e-07
180 3.873227707831589e-07
190 3.873227707831589e-07
300 7.746455415663177e-07
600 3.873227707831589e-07
1000 3.873227707831589e-07
2000 1.5492910831326355e-06
3000 1.1619683123494768e-06
4000 7.746455415663177e-07
5000 3.873227707831589e-07
6000 1.1619683123494768e-06
7000 1.1619683123494768e-06
8000 7.746455415663177e-07
9000 1.9366138539157946e-06
10000 3.873227707831589e-07
20000 0.0010008420397036827
4850
1 3.873227707831589e-07
10 1.5492910831326355e-06
20 2.3239366246989536e-06
50 3.873227707831589e-07
60 3.873227707831589e-07
20000 3.873227707831589e-07
2
1 0.0003102455393973103
10 0.004563436885367178
20 0.0003311609690196009
30 0.00010302785702832026
40 4.066889093223169e-05
50 4.531676418162959e-05
60 4.80280235771117e-05
70 3.4859049370484303e-05
80 2.5175980100905327e-05
90 8.908423728012655e-06
100 9.295746498795814e-06
110 9.295746498795814e-06
120 5.422518790964224e-06
130 5.035196020181066e-06
140 6.197164332530542e-06
150 4.647873249397907e-06
160 5.035196020181066e-06
170 3.48590493704843e-06
180 3.873227707831589e-06
190 2.3239366246989536e-06
200 1.5105588060543196e-05
300 2.5563302871688486e-05
400 2.1690075163856897e-05
500 1.781684745602531e-05
600 1.9366138539157946e-05
700 2.401401178855585e-05
800 1.9366138539157946e-05
900 1.9366138539157946e-05
1000 0.00011154895798554976
2000 0.00020024587249489314
3000 0.0001967599675578447
4000 0.0002203866565756174
5000 0.00020644303682742368
6000 0.00021535146055543634
7000 0.0002025698091195921
8000 0.00020721768236899
9000 0.00019366138539157944
10000 0.00011426021738103187
20000 0.11450229411277135
40000 1.0845037581928448e-05
60000 9.683069269578973e-06
80000 1.2007005894277925e-05
100000 9.295746498795814e-06
3200
1 3.873227707831589e-07
10 1.1619683123494768e-06
20 3.48590493704843e-06
30 7.746455415663177e-07
40 7.746455415663177e-07
60 3.873227707831589e-07
90 3.873227707831589e-07
120 3.873227707831589e-07
8000 3.873227707831589e-07
18
1 4.918999188946118e-05
10 0.0007502442070069788
20 0.00011813344508886346
30 1.6267556372892675e-05
40 5.035196020181066e-06
50 8.133778186446337e-06
60 5.422518790964224e-06
70 3.873227707831589e-06
80 1.5492910831326355e-06
90 1.9366138539157946e-06
100 7.746455415663177e-07
140 3.873227707831589e-07
160 1.1619683123494768e-06
170 7.746455415663177e-07
180 7.746455415663177e-07
190 3.873227707831589e-07
200 1.9366138539157946e-06
300 3.098582166265271e-06
400 1.9366138539157946e-06
500 3.098582166265271e-06
600 2.711259395482112e-06
700 3.873227707831589e-06
800 4.260550478614748e-06
900 3.098582166265271e-06
1000 2.1690075163856897e-05
2000 3.330975828735167e-05
3000 3.524637214126746e-05
4000 3.253511274578535e-05
5000 4.260550478614748e-05
6000 3.0985821662652714e-05
7000 3.214778997500219e-05
8000 3.7570308765966416e-05
9000 3.369708105813483e-05
10000 1.820417022680847e-05
20000 0.016623118676471614
40000 1.9366138539157946e-06
60000 7.746455415663177e-07
80000 1.1619683123494768e-06
100000 1.5492910831326355e-06
491600
20000 3.873227707831589e-07
36
1 1.820417022680847e-05
10 0.00024091476342712483
20 6.429557995000438e-05
30 7.746455415663179e-06
40 9.295746498795814e-06
50 1.1619683123494768e-06
60 1.5492910831326355e-06
70 3.48590493704843e-06
80 7.746455415663177e-07
90 1.1619683123494768e-06
100 3.873227707831589e-07
130 3.873227707831589e-07
140 3.873227707831589e-07
160 3.873227707831589e-07
170 7.746455415663177e-07
180 7.746455415663177e-07
200 1.9366138539157946e-06
300 2.3239366246989536e-06
400 1.1619683123494768e-06
500 1.9366138539157946e-06
600 1.1619683123494768e-06
700 7.746455415663177e-07
800 1.1619683123494768e-06
900 3.873227707831589e-07
1000 6.584487103313701e-06
2000 1.2394328665061084e-05
3000 1.394361974819372e-05
4000 1.2394328665061084e-05
5000 1.2394328665061084e-05
6000 1.3168974206627402e-05
7000 9.295746498795814e-06
8000 1.5880233602109516e-05
9000 1.4330942518976879e-05
10000 7.746455415663179e-06
20000 0.005540264913282304
40000 7.746455415663177e-07
60000 1.1619683123494768e-06
80000 7.746455415663177e-07
100000 1.1619683123494768e-06
266800
20000 3.873227707831589e-07
65400
20000 3.873227707831589e-07
1900800
1 3.873227707831589e-07
534600
20000 3.873227707831589e-07
47400
1 3.873227707831589e-07
6000 3.873227707831589e-07
78600
20000 3.873227707831589e-07
9000
1 7.746455415663177e-07
10 3.873227707831589e-07
20 3.873227707831589e-07
40 3.873227707831589e-07
8000 3.873227707831589e-07
20000 3.873227707831589e-07
1800
1 7.746455415663177e-07
10 8.521100957229496e-06
20 1.820417022680847e-05
30 1.1619683123494768e-06
40 1.1619683123494768e-06
50 3.873227707831589e-07
60 3.873227707831589e-07
70 1.9366138539157946e-06
80 7.746455415663177e-07
90 3.873227707831589e-07
100 3.873227707831589e-07
120 3.873227707831589e-07
140 3.873227707831589e-07
8000 3.873227707831589e-07
360
1 6.97180987409686e-06
10 2.8274562267170598e-05
20 2.788723949638744e-05
30 1.2007005894277925e-05
40 5.035196020181066e-06
50 3.873227707831589e-06
60 5.422518790964224e-06
70 2.3239366246989536e-06
80 1.1619683123494768e-06
90 7.746455415663177e-07
100 7.746455415663177e-07
110 3.873227707831589e-07
130 3.873227707831589e-07
140 7.746455415663177e-07
150 7.746455415663177e-07
160 3.873227707831589e-07
200 3.873227707831589e-07
300 1.1619683123494768e-06
600 3.873227707831589e-07
700 3.873227707831589e-07
800 7.746455415663177e-07
900 3.873227707831589e-07
1000 7.746455415663177e-07
2000 1.9366138539157946e-06
3000 1.9366138539157946e-06
4000 1.1619683123494768e-06
5000 2.3239366246989536e-06
6000 7.746455415663177e-07
7000 1.5492910831326355e-06
8000 3.098582166265271e-06
9000 1.9366138539157946e-06
10000 7.746455415663177e-07
20000 0.0006700683934548649
100000 3.873227707831589e-07
28
1 2.9049207808736916e-05
10 0.0004124987508840642
20 5.964770670060647e-05
30 1.0845037581928448e-05
40 6.584487103313701e-06
50 1.5492910831326355e-06
60 2.3239366246989536e-06
70 2.3239366246989536e-06
80 1.5492910831326355e-06
90 7.746455415663177e-07
110 3.873227707831589e-07
130 7.746455415663177e-07
150 3.873227707831589e-07
160 7.746455415663177e-07
170 3.873227707831589e-07
190 3.873227707831589e-07
200 3.873227707831589e-07
300 3.873227707831589e-07
400 3.873227707831589e-07
500 3.873227707831589e-06
600 1.9366138539157946e-06
700 1.9366138539157946e-06
800 2.3239366246989536e-06
900 1.9366138539157946e-06
1000 8.908423728012655e-06
2000 1.7429524685242152e-05
3000 1.6267556372892675e-05
4000 1.6654879143675834e-05
5000 2.1690075163856897e-05
6000 1.781684745602531e-05
7000 2.0915429622290582e-05
8000 1.5492910831326357e-05
9000 1.820417022680847e-05
10000 1.1619683123494766e-05
20000 0.0068451553280507674
40000 7.746455415663177e-07
60000 1.5492910831326355e-06
80000 1.5492910831326355e-06
320
1 5.809841561747383e-06
10 3.0598498891869555e-05
20 4.260550478614748e-05
30 1.4330942518976879e-05
40 8.521100957229496e-06
50 4.647873249397907e-06
60 3.48590493704843e-06
70 5.809841561747383e-06
80 7.746455415663177e-07
90 7.746455415663177e-07
100 3.873227707831589e-07
120 3.873227707831589e-07
150 3.873227707831589e-07
190 3.873227707831589e-07
400 3.873227707831589e-07
500 7.746455415663177e-07
700 3.873227707831589e-07
1000 1.5492910831326355e-06
2000 5.422518790964224e-06
3000 3.098582166265271e-06
4000 4.647873249397907e-06
5000 3.48590493704843e-06
6000 1.9366138539157946e-06
7000 2.3239366246989536e-06
8000 3.48590493704843e-06
9000 3.48590493704843e-06
10000 1.1619683123494768e-06
20000 0.0010442221900313965
60000 3.873227707831589e-07
100000 3.873227707831589e-07
28200
80 3.873227707831589e-07
5000 3.873227707831589e-07
5600
1 3.48590493704843e-06
10 3.873227707831589e-06
20 5.809841561747383e-06
30 1.9366138539157946e-06
40 7.746455415663177e-07
50 3.873227707831589e-07
60 3.873227707831589e-07
70 1.5492910831326355e-06
80 3.873227707831589e-07
90 3.873227707831589e-07
100 3.873227707831589e-07
1000 3.873227707831589e-07
3000 3.873227707831589e-07
28600
70 3.873227707831589e-07
8000 3.873227707831589e-07
10
1 0.00011542218569338135
10 0.0014617561369356417
20 0.0001386615519403709
30 2.2852043476206373e-05
40 1.0457714811145291e-05
50 1.2007005894277925e-05
60 9.683069269578973e-06
70 6.197164332530542e-06
80 3.098582166265271e-06
90 1.9366138539157946e-06
100 1.9366138539157946e-06
110 1.5492910831326355e-06
120 3.873227707831589e-07
130 1.1619683123494768e-06
140 2.3239366246989536e-06
150 2.3239366246989536e-06
160 1.9366138539157946e-06
170 3.873227707831589e-07
190 7.746455415663177e-07
200 3.48590493704843e-06
300 3.48590493704843e-06
400 3.873227707831589e-06
500 3.873227707831589e-06
600 5.809841561747383e-06
700 5.809841561747383e-06
800 5.035196020181066e-06
900 5.035196020181066e-06
1000 2.9049207808736916e-05
2000 6.661951657470334e-05
3000 4.492944141084643e-05
4000 4.5704086952412747e-05
5000 6.352093440843806e-05
6000 4.686605526476222e-05
7000 3.911959984909905e-05
8000 5.267589682650961e-05
9000 5.7323770075907514e-05
10000 2.130275239307374e-05
20000 0.03461503602489091
40000 5.035196020181066e-06
60000 2.3239366246989536e-06
80000 2.711259395482112e-06
100000 1.5492910831326355e-06
750
1 3.873227707831589e-06
10 2.6725271184037963e-05
20 2.6337948413254804e-05
30 5.422518790964224e-06
40 2.3239366246989536e-06
50 1.9366138539157946e-06
60 1.1619683123494768e-06
70 1.1619683123494768e-06
80 3.873227707831589e-07
90 2.3239366246989536e-06
100 7.746455415663177e-07
110 3.873227707831589e-07
130 7.746455415663177e-07
140 3.873227707831589e-07
190 3.873227707831589e-07
400 1.5492910831326355e-06
800 3.873227707831589e-07
900 3.873227707831589e-07
1000 7.746455415663177e-07
2000 1.1619683123494768e-06
3000 7.746455415663177e-07
4000 2.3239366246989536e-06
5000 2.3239366246989536e-06
6000 7.746455415663177e-07
7000 7.746455415663177e-07
8000 1.1619683123494768e-06
9000 1.9366138539157946e-06
10000 3.873227707831589e-07
20000 0.00032225254529158823
80000 3.873227707831589e-07
6
1 0.00011232360352711608
10 0.0015167559703868501
20 0.00012897848267079192
30 2.9436530579520075e-05
40 9.295746498795814e-06
50 1.0070392040362132e-05
60 8.521100957229496e-06
70 6.584487103313701e-06
80 2.711259395482112e-06
90 5.422518790964224e-06
100 7.746455415663177e-07
110 1.1619683123494768e-06
120 1.5492910831326355e-06
130 2.3239366246989536e-06
140 1.9366138539157946e-06
150 7.746455415663177e-07
160 2.711259395482112e-06
170 1.1619683123494768e-06
180 2.3239366246989536e-06
190 1.9366138539157946e-06
200 5.422518790964224e-06
300 9.683069269578973e-06
400 1.1619683123494766e-05
500 6.97180987409686e-06
600 1.1232360352711607e-05
700 8.521100957229496e-06
800 7.746455415663179e-06
900 7.359132644880019e-06
1000 5.7323770075907514e-05
2000 9.60560471542234e-05
3000 9.79926610081392e-05
4000 0.00010690108473615185
5000 9.915462932048867e-05
6000 9.566872438344024e-05
7000 8.830959173856022e-05
8000 9.566872438344024e-05
9000 0.00010573911642380237
10000 4.880266911867802e-05
20000 0.033869052368362546
40000 1.5492910831326355e-06
60000 1.1619683123494768e-06
80000 1.1619683123494768e-06
100000 3.098582166265271e-06
23000
20000 3.873227707831589e-07
46
1 1.2007005894277925e-05
10 0.00016654879143675834
20 4.880266911867802e-05
30 8.133778186446337e-06
40 7.746455415663179e-06
50 3.098582166265271e-06
60 5.809841561747383e-06
70 1.5492910831326355e-06
80 1.5492910831326355e-06
90 3.873227707831589e-07
110 3.873227707831589e-07
120 3.873227707831589e-07
140 7.746455415663177e-07
150 3.873227707831589e-07
170 3.873227707831589e-07
180 3.873227707831589e-07
200 7.746455415663177e-07
300 1.1619683123494768e-06
400 2.3239366246989536e-06
500 1.1619683123494768e-06
600 7.746455415663177e-07
700 7.746455415663177e-07
800 1.1619683123494768e-06
900 1.9366138539157946e-06
1000 4.647873249397907e-06
2000 9.295746498795814e-06
3000 8.908423728012655e-06
4000 1.2394328665061084e-05
5000 1.0457714811145291e-05
6000 9.683069269578973e-06
7000 1.1619683123494766e-05
8000 7.359132644880019e-06
9000 1.0070392040362132e-05
10000 2.711259395482112e-06
20000 0.0036691086076288642
40000 7.746455415663177e-07
60000 2.3239366246989536e-06
80000 1.1619683123494768e-06
100000 3.873227707831589e-07
1400
1 3.098582166265271e-06
10 1.1619683123494766e-05
20 2.3239366246989532e-05
30 2.3239366246989536e-06
40 1.9366138539157946e-06
50 3.873227707831589e-07
60 1.5492910831326355e-06
70 1.1619683123494768e-06
80 3.873227707831589e-07
90 3.873227707831589e-07
110 3.873227707831589e-07
120 3.873227707831589e-07
1000 3.873227707831589e-07
3000 1.5492910831326355e-06
5000 7.746455415663177e-07
7000 3.873227707831589e-07
9000 3.873227707831589e-07
10000 3.873227707831589e-07
20000 2.0140784080724264e-05
1650
1 1.5492910831326355e-06
10 1.0070392040362132e-05
20 1.781684745602531e-05
30 3.873227707831589e-07
40 3.873227707831589e-07
50 7.746455415663177e-07
60 7.746455415663177e-07
70 1.1619683123494768e-06
80 3.873227707831589e-07
100 3.873227707831589e-07
110 3.873227707831589e-07
600 3.873227707831589e-07
2000 3.873227707831589e-07
3000 3.873227707831589e-07
4000 7.746455415663177e-07
8000 3.873227707831589e-07
10000 3.873227707831589e-07
20000 3.0985821662652714e-05
1600
1 1.5492910831326355e-06
10 8.521100957229496e-06
20 1.8978815768374787e-05
30 1.9366138539157946e-06
40 7.746455415663177e-07
50 7.746455415663177e-07
60 1.1619683123494768e-06
70 1.1619683123494768e-06
80 1.1619683123494768e-06
90 3.873227707831589e-07
140 3.873227707831589e-07
150 3.873227707831589e-07
190 3.873227707831589e-07
200 3.873227707831589e-07
5000 3.873227707831589e-07
9000 3.873227707831589e-07
20000 5.46125106804254e-05
5
1 0.00013827422916958774
10 0.0018603112680715122
20 0.00013130241929549088
30 3.8344954307532734e-05
40 1.3168974206627402e-05
50 1.7042201914458993e-05
60 1.394361974819372e-05
70 9.295746498795814e-06
80 5.422518790964224e-06
90 3.873227707831589e-06
100 2.711259395482112e-06
110 1.9366138539157946e-06
120 7.746455415663177e-07
130 1.9366138539157946e-06
140 1.5492910831326355e-06
150 2.3239366246989536e-06
160 3.873227707831589e-07
180 1.1619683123494768e-06
190 3.873227707831589e-07
200 1.9366138539157946e-06
300 7.746455415663177e-07
400 3.873227707831589e-07
500 7.746455415663177e-07
600 3.48590493704843e-06
700 1.5492910831326355e-06
800 3.873227707831589e-07
900 1.5492910831326355e-06
1000 8.521100957229496e-06
2000 1.6267556372892675e-05
3000 1.2394328665061084e-05
4000 1.3168974206627402e-05
5000 1.4330942518976879e-05
6000 1.5105588060543196e-05
7000 1.3168974206627402e-05
8000 1.820417022680847e-05
9000 1.6654879143675834e-05
10000 5.422518790964224e-06
20000 0.04164765557400073
40000 1.5492910831326355e-06
60000 2.3239366246989536e-06
80000 1.1619683123494768e-06
100000 1.5492910831326355e-06
1350
1 2.3239366246989536e-06
10 1.5492910831326357e-05
20 1.9753461309941105e-05
30 3.48590493704843e-06
40 7.746455415663177e-07
50 7.746455415663177e-07
60 1.5492910831326355e-06
80 3.873227707831589e-07
90 3.873227707831589e-07
110 3.873227707831589e-07
150 3.873227707831589e-07
1000 7.746455415663177e-07
3000 3.873227707831589e-07
4000 3.873227707831589e-07
5000 7.746455415663177e-07
7000 3.873227707831589e-07
9000 3.873227707831589e-07
20000 1.820417022680847e-05
169200
8000 3.873227707831589e-07
115000
1 3.873227707831589e-07
1264400
1 3.873227707831589e-07
285200
1 3.873227707831589e-07
128400
7000 3.873227707831589e-07
26000
30 3.873227707831589e-07
3000 3.873227707831589e-07
49600
1 3.873227707831589e-07
5000 3.873227707831589e-07
35200
1 3.873227707831589e-07
160
1 2.711259395482112e-05
10 0.00012975312821235824
20 0.00012781651435844245
30 3.524637214126746e-05
40 1.8978815768374787e-05
50 1.859149299759163e-05
60 1.7429524685242152e-05
70 1.1619683123494766e-05
80 9.683069269578973e-06
90 4.260550478614748e-06
100 1.5492910831326355e-06
110 2.711259395482112e-06
120 2.3239366246989536e-06
130 7.746455415663177e-07
140 7.746455415663177e-07
150 7.746455415663177e-07
160 3.873227707831589e-07
190 3.873227707831589e-07
200 1.1619683123494768e-06
300 2.3239366246989536e-06
400 2.3239366246989536e-06
500 7.746455415663177e-07
600 1.5492910831326355e-06
800 7.746455415663177e-07
900 7.746455415663177e-07
1000 8.133778186446337e-06
2000 1.0845037581928448e-05
3000 1.1619683123494766e-05
4000 1.1619683123494766e-05
5000 1.820417022680847e-05
6000 1.355629697741056e-05
7000 1.4330942518976879e-05
8000 1.4718265289760038e-05
9000 1.5880233602109516e-05
10000 9.295746498795814e-06
20000 0.0032775252863670905
40000 7.746455415663177e-07
80000 3.873227707831589e-07
100000 1.5492910831326355e-06
5200
1 7.746455415663177e-07
10 7.746455415663177e-07
20 5.809841561747383e-06
30 7.746455415663177e-07
40 7.746455415663177e-07
60 1.1619683123494768e-06
90 3.873227707831589e-07
140 3.873227707831589e-07
4000 3.873227707831589e-07
8000 7.746455415663177e-07
20000 3.873227707831589e-07
140
1 1.7429524685242152e-05
10 0.000173133278540072
20 0.00012936580544157508
30 4.1056213703014846e-05
40 1.5880233602109516e-05
50 1.820417022680847e-05
60 2.2464720705423214e-05
70 1.2781651435844243e-05
80 9.683069269578973e-06
90 3.48590493704843e-06
100 7.746455415663179e-06
110 2.3239366246989536e-06
120 2.3239366246989536e-06
130 2.711259395482112e-06
140 3.48590493704843e-06
150 1.5492910831326355e-06
160 1.5492910831326355e-06
170 1.1619683123494768e-06
180 1.5492910831326355e-06
190 3.873227707831589e-07
200 4.647873249397907e-06
300 6.197164332530542e-06
400 3.098582166265271e-06
500 3.873227707831589e-07
600 2.3239366246989536e-06
700 1.5492910831326355e-06
800 2.3239366246989536e-06
900 2.3239366246989536e-06
1000 1.1232360352711607e-05
2000 1.2781651435844243e-05
3000 1.5492910831326357e-05
4000 1.394361974819372e-05
5000 1.859149299759163e-05
6000 1.2394328665061084e-05
7000 1.4330942518976879e-05
8000 1.7042201914458993e-05
9000 1.4330942518976879e-05
10000 7.746455415663179e-06
20000 0.005066181841843718
40000 1.9366138539157946e-06
60000 3.873227707831589e-07
80000 2.3239366246989536e-06
100000 7.746455415663177e-07
120000
8000 3.873227707831589e-07
50000
3000 3.873227707831589e-07
1300
1 2.3239366246989536e-06
10 1.0070392040362132e-05
20 1.820417022680847e-05
30 1.9366138539157946e-06
40 1.1619683123494768e-06
50 3.873227707831589e-07
60 1.1619683123494768e-06
70 3.873227707831589e-07
80 3.873227707831589e-07
100 7.746455415663177e-07
120 3.873227707831589e-07
160 3.873227707831589e-07
180 3.873227707831589e-07
900 3.873227707831589e-07
1000 7.746455415663177e-07
2000 7.746455415663177e-07
3000 7.746455415663177e-07
4000 1.1619683123494768e-06
5000 1.5492910831326355e-06
6000 7.746455415663177e-07
7000 1.5492910831326355e-06
8000 7.746455415663177e-07
9000 3.873227707831589e-07
20000 2.3239366246989536e-06
44
1 1.1619683123494766e-05
10 0.00017390792408163833
20 5.848573838825699e-05
30 1.0070392040362132e-05
40 7.746455415663179e-06
50 3.873227707831589e-06
60 3.873227707831589e-06
70 1.5492910831326355e-06
80 1.5492910831326355e-06
100 2.3239366246989536e-06
110 7.746455415663177e-07
140 3.873227707831589e-07
200 7.746455415663177e-07
300 2.3239366246989536e-06
400 7.746455415663177e-07
500 1.1619683123494768e-06
600 1.1619683123494768e-06
700 7.746455415663177e-07
800 7.746455415663177e-07
900 3.873227707831589e-07
1000 8.133778186446337e-06
2000 8.908423728012655e-06
3000 1.1619683123494766e-05
4000 8.908423728012655e-06
5000 1.2394328665061084e-05
6000 1.0070392040362132e-05
7000 1.2007005894277925e-05
8000 8.133778186446337e-06
9000 1.0457714811145291e-05
10000 4.260550478614748e-06
20000 0.004500303273729523
40000 7.746455415663177e-07
60000 7.746455415663177e-07
80000 1.5492910831326355e-06
1200
1 1.5492910831326355e-06
10 1.355629697741056e-05
20 1.5492910831326357e-05
30 2.3239366246989536e-06
40 1.1619683123494768e-06
50 3.873227707831589e-07
60 7.746455415663177e-07
80 7.746455415663177e-07
100 3.873227707831589e-07
110 3.873227707831589e-07
120 3.873227707831589e-07
900 3.873227707831589e-07
2000 3.873227707831589e-07
3000 1.1619683123494768e-06
5000 1.1619683123494768e-06
6000 7.746455415663177e-07
20000 1.394361974819372e-05
1150
1 4.647873249397907e-06
10 8.908423728012655e-06
20 1.5105588060543196e-05
30 2.711259395482112e-06
40 1.5492910831326355e-06
50 1.5492910831326355e-06
60 1.5492910831326355e-06
70 7.746455415663177e-07
80 1.1619683123494768e-06
90 7.746455415663177e-07
110 3.873227707831589e-07
140 1.1619683123494768e-06
150 3.873227707831589e-07
1000 3.873227707831589e-07
2000 1.1619683123494768e-06
3000 7.746455415663177e-07
4000 7.746455415663177e-07
5000 3.873227707831589e-07
7000 3.873227707831589e-07
8000 1.1619683123494768e-06
9000 7.746455415663177e-07
20000 1.0845037581928448e-05
1100
1 3.873227707831589e-07
10 1.4718265289760038e-05
20 2.0140784080724264e-05
30 2.3239366246989536e-06
40 7.746455415663177e-07
50 7.746455415663177e-07
60 1.1619683123494768e-06
70 1.1619683123494768e-06
80 1.5492910831326355e-06
90 3.873227707831589e-07
120 7.746455415663177e-07
130 7.746455415663177e-07
140 7.746455415663177e-07
150 3.873227707831589e-07
160 3.873227707831589e-07
300 3.873227707831589e-07
400 3.873227707831589e-07
600 3.873227707831589e-07
2000 7.746455415663177e-07
3000 7.746455415663177e-07
4000 1.1619683123494768e-06
5000 7.746455415663177e-07
6000 3.873227707831589e-07
7000 1.1619683123494768e-06
8000 3.873227707831589e-07
9000 7.746455415663177e-07
10000 3.873227707831589e-07
20000 2.711259395482112e-06
126400
20000 3.873227707831589e-07
38
1 1.9753461309941105e-05
10 0.00023045704861597953
20 5.499983345120856e-05
30 7.746455415663179e-06
40 4.647873249397907e-06
50 1.5492910831326355e-06
60 1.9366138539157946e-06
70 1.1619683123494768e-06
80 7.746455415663177e-07
90 3.873227707831589e-07
100 3.873227707831589e-07
140 7.746455415663177e-07
150 3.873227707831589e-07
160 3.873227707831589e-07
200 3.873227707831589e-07
300 1.5492910831326355e-06
400 1.1619683123494768e-06
500 3.873227707831589e-07
600 2.711259395482112e-06
700 1.1619683123494768e-06
800 1.1619683123494768e-06
900 1.1619683123494768e-06
1000 4.260550478614748e-06
2000 1.2394328665061084e-05
3000 1.2007005894277925e-05
4000 1.6267556372892675e-05
5000 1.2394328665061084e-05
6000 1.0457714811145291e-05
7000 9.295746498795814e-06
8000 1.2781651435844243e-05
9000 1.2781651435844243e-05
10000 8.133778186446337e-06
20000 0.004300832046776197
40000 1.1619683123494768e-06
60000 7.746455415663177e-07
80000 7.746455415663177e-07
100000 3.873227707831589e-07
1000
1 3.098582166265271e-06
10 1.2781651435844243e-05
20 2.1690075163856897e-05
30 5.035196020181066e-06
40 1.1619683123494768e-06
50 1.1619683123494768e-06
60 2.711259395482112e-06
70 1.1619683123494768e-06
80 7.746455415663177e-07
90 1.5492910831326355e-06
110 3.873227707831589e-07
120 3.873227707831589e-07
130 3.873227707831589e-07
140 3.873227707831589e-07
160 3.873227707831589e-07
190 3.873227707831589e-07
200 3.873227707831589e-07
300 3.873227707831589e-07
400 3.873227707831589e-07
500 3.873227707831589e-07
2000 7.746455415663177e-07
3000 1.5492910831326355e-06
4000 1.5492910831326355e-06
5000 7.746455415663177e-07
6000 1.5492910831326355e-06
8000 7.746455415663177e-07
9000 7.746455415663177e-07
10000 3.873227707831589e-07
20000 5.538715622199172e-05
16000
20 1.1619683123494768e-06
90 3.873227707831589e-07
8000 3.873227707831589e-07
4250
10 3.873227707831589e-07
20 3.48590493704843e-06
30 7.746455415663177e-07
70 3.873227707831589e-07
90 7.746455415663177e-07
300 3.873227707831589e-07
4000 3.873227707831589e-07
9000 3.873227707831589e-07
20000 1.0070392040362132e-05
700
1 6.584487103313701e-06
10 2.440133455933901e-05
20 3.253511274578535e-05
30 5.809841561747383e-06
40 3.098582166265271e-06
50 7.746455415663177e-07
60 1.9366138539157946e-06
70 3.873227707831589e-07
80 3.873227707831589e-07
90 3.873227707831589e-07
100 3.873227707831589e-07
110 7.746455415663177e-07
120 3.873227707831589e-07
150 3.873227707831589e-07
160 3.873227707831589e-07
200 7.746455415663177e-07
400 7.746455415663177e-07
500 7.746455415663177e-07
1000 3.873227707831589e-07
2000 2.3239366246989536e-06
3000 1.5492910831326355e-06
4000 1.5492910831326355e-06
5000 7.746455415663177e-07
6000 3.873227707831589e-07
7000 1.9366138539157946e-06
8000 1.9366138539157946e-06
9000 7.746455415663177e-07
10000 7.746455415663177e-07
20000 0.00047447039420936963
240
1 1.394361974819372e-05
10 5.964770670060647e-05
20 5.7323770075907514e-05
30 1.5492910831326357e-05
40 1.0070392040362132e-05
50 1.0457714811145291e-05
60 9.295746498795814e-06
70 6.197164332530542e-06
80 5.035196020181066e-06
90 3.873227707831589e-07
100 2.711259395482112e-06
110 7.746455415663177e-07
120 7.746455415663177e-07
130 3.873227707831589e-07
140 3.873227707831589e-07
150 7.746455415663177e-07
160 3.873227707831589e-07
180 1.1619683123494768e-06
200 7.746455415663177e-07
300 1.1619683123494768e-06
400 7.746455415663177e-07
500 3.873227707831589e-07
600 3.873227707831589e-07
700 3.873227707831589e-07
900 1.5492910831326355e-06
1000 3.48590493704843e-06
2000 8.133778186446337e-06
3000 1.0845037581928448e-05
4000 8.133778186446337e-06
5000 9.683069269578973e-06
6000 9.683069269578973e-06
7000 8.133778186446337e-06
8000 6.197164332530542e-06
9000 1.0457714811145291e-05
10000 4.647873249397907e-06
20000 0.0015272136851979955
60000 3.873227707831589e-07
80000 7.746455415663177e-07
100000 3.873227707831589e-07
4200
1 3.873227707831589e-07
10 1.1619683123494768e-06
20 1.5492910831326355e-06
40 3.873227707831589e-07
60 3.873227707831589e-07
70 3.873227707831589e-07
3000 3.873227707831589e-07
20000 4.492944141084643e-05
27400
40 3.873227707831589e-07
300
1 6.584487103313701e-06
10 4.028156816144853e-05
20 4.454211864006327e-05
30 1.2781651435844243e-05
40 4.260550478614748e-06
50 6.584487103313701e-06
60 5.035196020181066e-06
70 4.647873249397907e-06
80 2.711259395482112e-06
90 1.1619683123494768e-06
120 7.746455415663177e-07
130 3.873227707831589e-07
140 3.873227707831589e-07
200 3.873227707831589e-07
300 3.873227707831589e-07
600 1.9366138539157946e-06
700 3.873227707831589e-07
800 3.873227707831589e-07
1000 2.3239366246989536e-06
2000 1.9366138539157946e-06
3000 5.809841561747383e-06
4000 5.422518790964224e-06
5000 3.873227707831589e-06
6000 7.746455415663177e-07
7000 4.647873249397907e-06
8000 3.873227707831589e-06
9000 3.48590493704843e-06
10000 2.3239366246989536e-06
20000 0.0014799603071624502
60000 7.746455415663177e-07
80000 3.873227707831589e-07
100000 7.746455415663177e-07
25800
30 3.873227707831589e-07
21400
20 3.873227707831589e-07
50 3.873227707831589e-07
32000
40 3.873227707831589e-07
4550
1 3.873227707831589e-07
20 3.098582166265271e-06
30 3.873227707831589e-07
60 3.873227707831589e-07
80 3.873227707831589e-07
100 3.873227707831589e-07
120 3.873227707831589e-07
130 3.873227707831589e-07
23200
70 3.873227707831589e-07
8000 3.873227707831589e-07
18400
20 7.746455415663177e-07
30 3.873227707831589e-07
8000 3.873227707831589e-07
22400
80 3.873227707831589e-07
550
1 7.359132644880019e-06
10 5.0351960201810654e-05
20 3.67956632244001e-05
30 1.0070392040362132e-05
40 4.647873249397907e-06
50 2.3239366246989536e-06
60 3.48590493704843e-06
70 4.647873249397907e-06
80 2.711259395482112e-06
90 1.1619683123494768e-06
100 7.746455415663177e-07
110 1.5492910831326355e-06
130 3.873227707831589e-07
140 3.873227707831589e-07
150 3.873227707831589e-07
160 3.873227707831589e-07
170 3.873227707831589e-07
190 3.873227707831589e-07
200 7.746455415663177e-07
300 1.1619683123494768e-06
400 3.873227707831589e-07
500 3.873227707831589e-07
1000 1.5492910831326355e-06
2000 1.5492910831326355e-06
3000 1.9366138539157946e-06
4000 3.098582166265271e-06
5000 1.9366138539157946e-06
6000 1.5492910831326355e-06
7000 1.1619683123494768e-06
8000 7.746455415663177e-07
9000 2.3239366246989536e-06
10000 1.1619683123494768e-06
20000 0.0003474285253924935
11800
70 3.873227707831589e-07
12
1 7.514061753193283e-05
10 0.001186756969679599
20 0.00012665454604609297
30 2.6337948413254804e-05
40 1.394361974819372e-05
50 6.97180987409686e-06
60 9.295746498795814e-06
70 1.9366138539157946e-06
80 2.3239366246989536e-06
90 7.746455415663177e-07
100 1.5492910831326355e-06
110 7.746455415663177e-07
120 3.873227707831589e-07
130 3.873227707831589e-07
140 3.873227707831589e-07
150 1.1619683123494768e-06
160 3.873227707831589e-07
170 1.1619683123494768e-06
180 7.746455415663177e-07
190 7.746455415663177e-07
200 3.873227707831589e-06
300 7.359132644880019e-06
400 6.584487103313701e-06
500 6.97180987409686e-06
600 3.098582166265271e-06
700 6.97180987409686e-06
800 3.48590493704843e-06
900 3.873227707831589e-06
1000 3.292243551656851e-05
2000 5.3063219597292766e-05
3000 5.809841561747383e-05
4000 6.0809675012955945e-05
5000 6.429557995000438e-05
6000 5.809841561747383e-05
7000 5.6549124534341197e-05
8000 6.816880765783597e-05
9000 5.616180176355804e-05
10000 2.4788657330122168e-05
20000 0.028520124903847123
40000 5.422518790964224e-06
60000 3.098582166265271e-06
80000 1.1619683123494768e-06
100000 1.1619683123494768e-06
3150
1 7.746455415663177e-07
10 1.9366138539157946e-06
20 6.584487103313701e-06
30 3.873227707831589e-07
40 3.873227707831589e-07
50 3.873227707831589e-07
60 1.1619683123494768e-06
70 3.873227707831589e-07
120 3.873227707831589e-07
20000 1.1619683123494768e-06
3600
1 3.873227707831589e-07
10 1.1619683123494768e-06
20 3.098582166265271e-06
30 7.746455415663177e-07
40 3.873227707831589e-07
50 3.873227707831589e-07
60 3.873227707831589e-07
70 7.746455415663177e-07
80 7.746455415663177e-07
90 3.873227707831589e-07
100 3.873227707831589e-07
3350
1 7.746455415663177e-07
10 1.1619683123494768e-06
20 2.711259395482112e-06
30 3.873227707831589e-07
40 3.873227707831589e-07
70 3.873227707831589e-07
80 3.873227707831589e-07
140 3.873227707831589e-07
150 3.873227707831589e-07
8000 3.873227707831589e-07
9000 3.873227707831589e-07
12800
20 1.1619683123494768e-06
130 3.873227707831589e-07
2400
1 1.5492910831326355e-06
10 6.197164332530542e-06
20 1.0457714811145291e-05
30 1.1619683123494768e-06
40 3.873227707831589e-07
60 3.873227707831589e-07
70 1.5492910831326355e-06
80 3.873227707831589e-07
90 3.873227707831589e-07
120 3.873227707831589e-07
4000 3.873227707831589e-07
5000 3.873227707831589e-07
6000 3.873227707831589e-07
9000 7.746455415663177e-07
20000 1.859149299759163e-05
16800
10 3.873227707831589e-07
40 3.873227707831589e-07
6000 3.873227707831589e-07
3850
1 3.873227707831589e-07
10 3.48590493704843e-06
20 6.97180987409686e-06
50 3.873227707831589e-07
60 3.873227707831589e-07
70 3.873227707831589e-07
77400
4000 3.873227707831589e-07
37600
20 3.873227707831589e-07
40 3.873227707831589e-07
50 3.873227707831589e-07
20000 7.746455415663177e-07
30
1 3.214778997500219e-05
10 0.00037144253718104936
20 5.887306115904015e-05
30 9.295746498795814e-06
40 5.809841561747383e-06
50 1.9366138539157946e-06
60 3.098582166265271e-06
70 2.711259395482112e-06
80 3.873227707831589e-07
90 3.873227707831589e-07
100 3.873227707831589e-07
110 7.746455415663177e-07
120 7.746455415663177e-07
130 3.873227707831589e-07
140 7.746455415663177e-07
150 3.873227707831589e-07
200 7.746455415663177e-07
300 1.9366138539157946e-06
400 2.3239366246989536e-06
500 3.098582166265271e-06
600 3.873227707831589e-07
700 7.746455415663177e-07
800 1.1619683123494768e-06
900 1.5492910831326355e-06
1000 7.746455415663179e-06
2000 1.859149299759163e-05
3000 1.3168974206627402e-05
4000 1.5492910831326357e-05
5000 2.0915429622290582e-05
6000 1.4718265289760038e-05
7000 1.781684745602531e-05
8000 1.5880233602109516e-05
9000 1.6267556372892675e-05
10000 8.521100957229496e-06
20000 0.006553888604421832
40000 3.873227707831589e-07
60000 1.9366138539157946e-06
80000 1.1619683123494768e-06
100000 3.873227707831589e-07
6800
1 3.873227707831589e-07
10 1.1619683123494768e-06
20 1.9366138539157946e-06
30 7.746455415663177e-07
80 3.873227707831589e-07
100 3.873227707831589e-07
5000 3.873227707831589e-07
20000 1.5492910831326355e-06
17600
10 3.873227707831589e-07
20 3.873227707831589e-07
60 3.873227707831589e-07
20000 3.873227707831589e-07
5400
1 3.873227707831589e-07
10 2.3239366246989536e-06
20 6.584487103313701e-06
30 3.873227707831589e-07
40 7.746455415663177e-07
60 7.746455415663177e-07
80 3.873227707831589e-07
120 3.873227707831589e-07
3000 3.873227707831589e-07
9000 3.873227707831589e-07
3100
1 1.1619683123494768e-06
10 2.3239366246989536e-06
20 3.873227707831589e-06
30 3.873227707831589e-07
40 7.746455415663177e-07
50 3.873227707831589e-07
60 1.1619683123494768e-06
70 3.873227707831589e-07
80 1.1619683123494768e-06
90 3.873227707831589e-07
110 3.873227707831589e-07
4000 3.873227707831589e-07
5000
1 7.746455415663177e-07
10 3.873227707831589e-06
20 6.197164332530542e-06
30 1.5492910831326355e-06
50 7.746455415663177e-07
60 3.873227707831589e-07
110 3.873227707831589e-07
6000 3.873227707831589e-07
20000 3.873227707831589e-07
17200
1 3.873227707831589e-07
20 1.5492910831326355e-06
15800
20 3.873227707831589e-07
20000 3.873227707831589e-07
15000
20 7.746455415663177e-07
20
1 2.9823853350303234e-05
10 0.0006421811539584775
20 0.00010186588871597078
30 1.1232360352711607e-05
40 5.809841561747383e-06
50 5.422518790964224e-06
60 4.647873249397907e-06
70 3.873227707831589e-06
80 1.9366138539157946e-06
90 3.873227707831589e-07
100 1.9366138539157946e-06
110 3.873227707831589e-07
120 3.873227707831589e-07
130 3.873227707831589e-07
140 3.873227707831589e-07
150 3.873227707831589e-07
160 3.873227707831589e-07
180 3.873227707831589e-07
190 3.873227707831589e-07
200 1.9366138539157946e-06
300 1.9366138539157946e-06
400 5.809841561747383e-06
500 2.711259395482112e-06
600 3.48590493704843e-06
700 4.647873249397907e-06
800 1.9366138539157946e-06
900 2.3239366246989536e-06
1000 1.5492910831326357e-05
2000 3.292243551656851e-05
3000 2.401401178855585e-05
4000 1.9366138539157946e-05
5000 3.0211176121086393e-05
6000 2.711259395482112e-05
7000 2.5950625642471645e-05
8000 2.6725271184037963e-05
9000 3.0985821662652714e-05
10000 1.4330942518976879e-05
20000 0.013748796394489792
40000 1.1619683123494768e-06
60000 2.711259395482112e-06
80000 7.746455415663177e-07
100000 1.5492910831326355e-06
2650
1 3.873227707831589e-07
10 1.5492910831326355e-06
20 1.0845037581928448e-05
30 1.1619683123494768e-06
50 7.746455415663177e-07
70 7.746455415663177e-07
80 3.873227707831589e-07
90 3.873227707831589e-07
100 7.746455415663177e-07
7000 3.873227707831589e-07
20000 1.1619683123494768e-06
2450
1 7.746455415663177e-07
10 2.711259395482112e-06
20 8.521100957229496e-06
30 3.873227707831589e-07
70 3.873227707831589e-07
80 3.873227707831589e-07
3000 1.1619683123494768e-06
5000 7.746455415663177e-07
20000 7.746455415663177e-07
8000
1 7.746455415663177e-07
10 1.1619683123494768e-06
20 1.1619683123494768e-06
30 7.746455415663177e-07
4450
1 3.873227707831589e-07
10 1.1619683123494768e-06
20 2.711259395482112e-06
50 3.873227707831589e-07
60 3.873227707831589e-07
80 3.873227707831589e-07
100 3.873227707831589e-07
2000 3.873227707831589e-07
4000 3.873227707831589e-07
3700
10 1.9366138539157946e-06
20 5.422518790964224e-06
30 3.873227707831589e-07
40 3.873227707831589e-07
50 7.746455415663177e-07
70 3.873227707831589e-07
140 3.873227707831589e-07
20000 3.873227707831589e-07
3500
1 7.746455415663177e-07
10 2.3239366246989536e-06
20 5.809841561747383e-06
30 3.873227707831589e-07
50 7.746455415663177e-07
60 1.5492910831326355e-06
3000 3.873227707831589e-07
21000
20 3.873227707831589e-07
3000 3.873227707831589e-07
49400
8000 3.873227707831589e-07
26200
70 3.873227707831589e-07
3000 3.873227707831589e-07
20000 3.873227707831589e-07
2500
1 1.1619683123494768e-06
10 3.873227707831589e-06
20 6.197164332530542e-06
50 7.746455415663177e-07
60 1.9366138539157946e-06
70 7.746455415663177e-07
100 7.746455415663177e-07
2000 3.873227707831589e-07
4000 3.873227707831589e-07
4950
10 3.873227707831589e-07
20 2.711259395482112e-06
30 3.873227707831589e-07
50 3.873227707831589e-07
60 3.873227707831589e-07
90 3.873227707831589e-07
1000 3.873227707831589e-07
4750
1 3.873227707831589e-07
10 7.746455415663177e-07
20 2.711259395482112e-06
30 3.873227707831589e-07
40 3.873227707831589e-07
50 3.873227707831589e-07
60 7.746455415663177e-07
80 3.873227707831589e-07
6000 3.873227707831589e-07
20000 3.873227707831589e-07
4000
10 1.9366138539157946e-06
20 4.260550478614748e-06
30 3.873227707831589e-07
40 3.873227707831589e-07
70 3.873227707831589e-07
80 3.873227707831589e-07
130 3.873227707831589e-07
2200
1 2.711259395482112e-06
10 2.711259395482112e-06
20 1.2394328665061084e-05
30 1.9366138539157946e-06
40 1.5492910831326355e-06
60 1.1619683123494768e-06
70 1.9366138539157946e-06
80 1.5492910831326355e-06
100 7.746455415663177e-07
130 7.746455415663177e-07
4000 3.873227707831589e-07
5000 3.873227707831589e-07
8000 3.873227707831589e-07
10000 3.873227707831589e-07
20000 2.0528106851507423e-05
2900
1 7.746455415663177e-07
10 3.873227707831589e-06
20 7.359132644880019e-06
30 7.746455415663177e-07
50 7.746455415663177e-07
60 3.873227707831589e-07
70 3.873227707831589e-07
100 3.873227707831589e-07
130 3.873227707831589e-07
150 3.873227707831589e-07
20000 2.2077397934640055e-05
2350
1 7.746455415663177e-07
10 3.098582166265271e-06
20 6.197164332530542e-06
30 1.5492910831326355e-06
40 3.873227707831589e-07
50 7.746455415663177e-07
60 7.746455415663177e-07
70 7.746455415663177e-07
80 1.1619683123494768e-06
100 7.746455415663177e-07
110 3.873227707831589e-07
120 3.873227707831589e-07
2000 3.873227707831589e-07
3000 3.873227707831589e-07
4000 7.746455415663177e-07
9000 3.873227707831589e-07
20000 5.190125128494329e-05
6600
1 7.746455415663177e-07
10 7.746455415663177e-07
20 1.5492910831326355e-06
40 3.873227707831589e-07
80 3.873227707831589e-07
120 3.873227707831589e-07
130 3.873227707831589e-07
4000 3.873227707831589e-07
20000 3.873227707831589e-07
2700
1 7.746455415663177e-07
10 3.098582166265271e-06
20 7.359132644880019e-06
30 7.746455415663177e-07
40 3.873227707831589e-07
60 3.873227707831589e-07
70 2.3239366246989536e-06
80 7.746455415663177e-07
130 3.873227707831589e-07
140 3.873227707831589e-07
3000 3.873227707831589e-07
7000 3.873227707831589e-07
20000 3.873227707831589e-07
4700
1 1.1619683123494768e-06
10 1.1619683123494768e-06
20 2.711259395482112e-06
40 3.873227707831589e-07
60 3.873227707831589e-07
140 3.873227707831589e-07
3000 3.873227707831589e-07
2150
1 3.873227707831589e-07
10 7.359132644880019e-06
20 1.1232360352711607e-05
40 7.746455415663177e-07
50 7.746455415663177e-07
60 1.1619683123494768e-06
70 3.873227707831589e-07
80 3.873227707831589e-07
100 3.873227707831589e-07
120 3.873227707831589e-07
130 3.873227707831589e-07
140 3.873227707831589e-07
3000 3.873227707831589e-07
4000 7.746455415663177e-07
5000 3.873227707831589e-07
7000 3.873227707831589e-07
20000 5.6549124534341197e-05
11200
10 3.873227707831589e-07
20 7.746455415663177e-07
110 3.873227707831589e-07
9000 3.873227707831589e-07
7800
1 3.873227707831589e-07
10 3.873227707831589e-07
20 3.873227707831589e-06
30 3.873227707831589e-07
40 3.873227707831589e-07
70 7.746455415663177e-07
80 3.873227707831589e-07
1000 3.873227707831589e-07
20000 3.873227707831589e-07
9400
10 7.746455415663177e-07
20 1.9366138539157946e-06
60 3.873227707831589e-07
70 3.873227707831589e-07
5000 3.873227707831589e-07
4500
1 7.746455415663177e-07
10 7.746455415663177e-07
20 3.098582166265271e-06
80 3.873227707831589e-07
3900
1 3.873227707831589e-07
10 3.098582166265271e-06
20 3.873227707831589e-06
40 3.873227707831589e-07
50 1.1619683123494768e-06
60 1.5492910831326355e-06
110 3.873227707831589e-07
130 3.873227707831589e-07
140 3.873227707831589e-07
20000 3.873227707831589e-07
4800
1 3.873227707831589e-07
10 1.5492910831326355e-06
20 1.9366138539157946e-06
50 3.873227707831589e-07
70 3.873227707831589e-07
4150
10 1.1619683123494768e-06
20 3.098582166265271e-06
30 7.746455415663177e-07
40 3.873227707831589e-07
70 7.746455415663177e-07
3000 3.873227707831589e-07
2800
10 3.48590493704843e-06
20 7.359132644880019e-06
30 1.1619683123494768e-06
40 3.873227707831589e-07
60 3.873227707831589e-07
70 3.873227707831589e-07
20000 9.683069269578973e-06
8600
1 7.746455415663177e-07
10 1.1619683123494768e-06
20 2.3239366246989536e-06
30 3.873227707831589e-07
80 3.873227707831589e-07
5000 7.746455415663177e-07
20000 3.873227707831589e-07
7000
10 1.1619683123494768e-06
20 1.5492910831326355e-06
120 3.873227707831589e-07
5000 3.873227707831589e-07
8000 3.873227707831589e-07
20000 7.746455415663177e-07
2600
1 3.873227707831589e-07
10 1.1619683123494768e-06
20 9.295746498795814e-06
30 3.873227707831589e-07
50 3.873227707831589e-07
60 1.1619683123494768e-06
70 3.873227707831589e-07
80 7.746455415663177e-07
120 3.873227707831589e-07
140 7.746455415663177e-07
8000 3.873227707831589e-07
20000 1.1619683123494768e-06
2550
1 1.5492910831326355e-06
10 4.260550478614748e-06
20 6.97180987409686e-06
30 1.1619683123494768e-06
40 3.873227707831589e-07
60 3.873227707831589e-07
70 2.3239366246989536e-06
300 3.873227707831589e-07
8000 7.746455415663177e-07
20000 1.1619683123494768e-06
3000
1 1.1619683123494768e-06
10 3.098582166265271e-06
20 5.035196020181066e-06
30 7.746455415663177e-07
40 3.873227707831589e-07
50 3.873227707831589e-07
60 3.873227707831589e-07
70 1.1619683123494768e-06
110 3.873227707831589e-07
1000 3.873227707831589e-07
3000 3.873227707831589e-07
3950
10 1.5492910831326355e-06
20 6.197164332530542e-06
30 3.873227707831589e-07
60 3.873227707831589e-07
70 3.873227707831589e-07
4000 3.873227707831589e-07
78000
20000 3.873227707831589e-07
2850
10 3.098582166265271e-06
20 4.647873249397907e-06
30 7.746455415663177e-07
60 7.746455415663177e-07
70 3.873227707831589e-07
140 3.873227707831589e-07
20000 1.7042201914458993e-05
3400
1 3.873227707831589e-07
10 1.9366138539157946e-06
20 4.260550478614748e-06
30 3.873227707831589e-07
40 3.873227707831589e-07
70 3.873227707831589e-07
4050
10 2.3239366246989536e-06
20 4.260550478614748e-06
30 7.746455415663177e-07
40 7.746455415663177e-07
3000 3.873227707831589e-07
2750
10 3.098582166265271e-06
20 5.422518790964224e-06
30 7.746455415663177e-07
40 7.746455415663177e-07
70 7.746455415663177e-07
100 3.873227707831589e-07
110 3.873227707831589e-07
4000 3.873227707831589e-07
10000 3.873227707831589e-07
4400
10 3.873227707831589e-07
20 3.873227707831589e-06
30 7.746455415663177e-07
60 3.873227707831589e-07
120 3.873227707831589e-07
3000 7.746455415663177e-07
4000 3.873227707831589e-07
8000 3.873227707831589e-07
8800
1 7.746455415663177e-07
10 1.1619683123494768e-06
20 2.3239366246989536e-06
60 7.746455415663177e-07
3000 3.873227707831589e-07
4000 3.873227707831589e-07
8000 3.873227707831589e-07
20000 3.873227707831589e-07
2100
1 7.746455415663177e-07
10 1.1619683123494768e-06
20 1.0070392040362132e-05
30 1.1619683123494768e-06
40 3.873227707831589e-07
50 3.873227707831589e-07
60 1.1619683123494768e-06
80 3.873227707831589e-07
130 3.873227707831589e-07
200 3.873227707831589e-07
300 3.873227707831589e-07
2000 3.873227707831589e-07
3000 7.746455415663177e-07
4000 3.873227707831589e-07
8000 1.5492910831326355e-06
9000 3.873227707831589e-07
20000 1.1619683123494768e-06
1900
10 4.647873249397907e-06
20 2.0140784080724264e-05
30 7.746455415663177e-07
40 3.873227707831589e-07
50 1.1619683123494768e-06
60 7.746455415663177e-07
70 1.9366138539157946e-06
80 3.873227707831589e-07
110 3.873227707831589e-07
120 1.1619683123494768e-06
140 7.746455415663177e-07
300 3.873227707831589e-07
3000 3.873227707831589e-07
4000 3.873227707831589e-07
5000 3.873227707831589e-07
6000 3.873227707831589e-07
8000 7.746455415663177e-07
9000 3.873227707831589e-07
420
1 3.48590493704843e-06
10 2.4788657330122168e-05
20 2.5950625642471645e-05
30 9.295746498795814e-06
40 1.1619683123494768e-06
50 2.3239366246989536e-06
60 2.3239366246989536e-06
70 3.098582166265271e-06
80 2.3239366246989536e-06
100 7.746455415663177e-07
120 3.873227707831589e-07
130 7.746455415663177e-07
150 3.873227707831589e-07
300 3.873227707831589e-07
500 1.1619683123494768e-06
600 3.873227707831589e-07
1000 7.746455415663177e-07
2000 2.711259395482112e-06
3000 1.5492910831326355e-06
4000 1.9366138539157946e-06
5000 1.9366138539157946e-06
6000 1.1619683123494768e-06
7000 1.1619683123494768e-06
8000 1.9366138539157946e-06
9000 3.873227707831589e-06
10000 7.746455415663177e-07
20000 0.0003718298599518325
80000 3.873227707831589e-07
100000 3.873227707831589e-07
3800
1 3.873227707831589e-07
10 2.3239366246989536e-06
20 6.584487103313701e-06
30 7.746455415663177e-07
4000 3.873227707831589e-07
20000 3.873227707831589e-07
3650
1 1.1619683123494768e-06
10 7.746455415663177e-07
20 4.647873249397907e-06
30 3.873227707831589e-07
50 3.873227707831589e-07
60 1.9366138539157946e-06
160 3.873227707831589e-07
20000 7.746455415663177e-07
3
1 0.00023626689017772692
10 0.003025378162587254
20 0.00021496413778465318
30 7.514061753193283e-05
40 3.137314443343587e-05
50 2.6337948413254804e-05
60 2.9049207808736916e-05
70 1.2781651435844243e-05
80 1.2394328665061084e-05
90 5.809841561747383e-06
100 7.359132644880019e-06
110 3.873227707831589e-06
120 2.3239366246989536e-06
130 2.711259395482112e-06
140 3.48590493704843e-06
150 1.9366138539157946e-06
160 3.48590493704843e-06
180 1.1619683123494768e-06
190 7.746455415663177e-07
200 4.260550478614748e-06
300 5.422518790964224e-06
400 7.359132644880019e-06
500 5.035196020181066e-06
600 5.809841561747383e-06
700 7.359132644880019e-06
800 6.97180987409686e-06
900 6.97180987409686e-06
1000 3.137314443343587e-05
2000 7.436597199036651e-05
3000 6.584487103313702e-05
4000 7.475329476114967e-05
5000 9.257014221717497e-05
6000 7.204203536566756e-05
7000 8.327439571837917e-05
8000 7.010542151175177e-05
9000 9.295746498795813e-05
10000 3.8344954307532734e-05
20000 0.07091957397593796
40000 2.3239366246989536e-06
60000 1.1619683123494768e-06
80000 1.5492910831326355e-06
100000 7.746455415663177e-07
1950
1 7.746455415663177e-07
10 5.809841561747383e-06
20 1.7429524685242152e-05
30 1.1619683123494768e-06
40 1.5492910831326355e-06
50 1.1619683123494768e-06
60 7.746455415663177e-07
70 3.873227707831589e-07
80 7.746455415663177e-07
90 7.746455415663177e-07
100 7.746455415663177e-07
110 1.1619683123494768e-06
120 3.873227707831589e-07
130 3.873227707831589e-07
140 1.1619683123494768e-06
1000 3.873227707831589e-07
4000 3.873227707831589e-07
20000 7.746455415663177e-07
3750
10 3.098582166265271e-06
20 3.873227707831589e-06
30 3.873227707831589e-07
50 3.873227707831589e-07
60 3.873227707831589e-07
70 3.873227707831589e-07
80 3.873227707831589e-07
90 3.873227707831589e-07
5000 3.873227707831589e-07
11400
1 3.873227707831589e-07
3550
1 3.873227707831589e-07
10 1.5492910831326355e-06
20 5.809841561747383e-06
30 3.873227707831589e-07
50 3.873227707831589e-07
6000 3.873227707831589e-07
20000 3.873227707831589e-07
117000
1 3.873227707831589e-07
14400
1 7.746455415663177e-07
10 1.1619683123494768e-06
70 3.873227707831589e-07
14600
1 3.873227707831589e-07
9600
1 1.5492910831326355e-06
10 1.1619683123494768e-06
20 1.9366138539157946e-06
8000 3.873227707831589e-07
20000 3.873227707831589e-07
9800
1 3.873227707831589e-07
10 3.873227707831589e-07
20000 3.873227707831589e-07
2050
1 1.1619683123494768e-06
10 5.035196020181066e-06
20 1.3168974206627402e-05
30 1.5492910831326355e-06
40 3.873227707831589e-07
50 1.1619683123494768e-06
60 2.711259395482112e-06
70 7.746455415663177e-07
90 3.873227707831589e-07
130 3.873227707831589e-07
140 1.1619683123494768e-06
150 3.873227707831589e-07
180 3.873227707831589e-07
2000 3.873227707831589e-07
4000 3.873227707831589e-07
7000 3.873227707831589e-07
8000 3.873227707831589e-07
20000 1.1619683123494768e-06
2950
10 3.48590493704843e-06
20 5.422518790964224e-06
30 3.873227707831589e-07
70 3.873227707831589e-07
3000 7.746455415663177e-07
20000 5.035196020181066e-06
34800
40 3.873227707831589e-07
60 3.873227707831589e-07
41400
40 3.873227707831589e-07
69400
1 3.873227707831589e-07
635800
1 3.873227707831589e-07
2250
1 2.3239366246989536e-06
10 3.48590493704843e-06
20 1.2781651435844243e-05
30 1.1619683123494768e-06
40 3.873227707831589e-07
50 3.873227707831589e-07
70 1.5492910831326355e-06
120 3.873227707831589e-07
140 3.873227707831589e-07
190 3.873227707831589e-07
2000 7.746455415663177e-07
4000 7.746455415663177e-07
8000 3.873227707831589e-07
10000 3.873227707831589e-07
20000 6.97180987409686e-06
32400
30 3.873227707831589e-07
8000 3.873227707831589e-07
900
1 3.48590493704843e-06
10 2.0915429622290582e-05
20 2.5175980100905327e-05
30 3.48590493704843e-06
40 1.1619683123494768e-06
50 7.746455415663177e-07
60 3.873227707831589e-07
70 3.873227707831589e-07
80 1.9366138539157946e-06
90 3.873227707831589e-07
100 7.746455415663177e-07
130 3.873227707831589e-07
140 3.873227707831589e-07
150 3.873227707831589e-07
160 3.873227707831589e-07
180 3.873227707831589e-07
190 3.873227707831589e-07
200 3.873227707831589e-07
1000 3.873227707831589e-07
2000 7.746455415663177e-07
3000 1.1619683123494768e-06
4000 3.873227707831589e-07
6000 3.873227707831589e-07
8000 3.873227707831589e-07
9000 1.5492910831326355e-06
20000 1.355629697741056e-05
34400
5000 3.873227707831589e-07
20000 7.746455415663177e-07
3250
10 1.9366138539157946e-06
20 4.647873249397907e-06
40 1.1619683123494768e-06
50 7.746455415663177e-07
70 3.873227707831589e-07
80 1.1619683123494768e-06
110 3.873227707831589e-07
120 3.873227707831589e-07
130 3.873227707831589e-07
3000 3.873227707831589e-07
5000 3.873227707831589e-07
7000 3.873227707831589e-07
8000 3.873227707831589e-07
3300
10 1.5492910831326355e-06
20 3.098582166265271e-06
50 3.873227707831589e-07
60 1.1619683123494768e-06
70 1.5492910831326355e-06
80 1.1619683123494768e-06
100 3.873227707831589e-07
120 7.746455415663177e-07
130 3.873227707831589e-07
900 3.873227707831589e-07
3000 3.873227707831589e-07
20000 7.746455415663177e-07
84000
1 3.873227707831589e-07
200
1 1.355629697741056e-05
10 8.443636403072865e-05
20 8.637297788464443e-05
30 2.8274562267170598e-05
40 1.820417022680847e-05
50 1.5105588060543196e-05
60 1.0457714811145291e-05
70 8.521100957229496e-06
80 8.521100957229496e-06
90 2.3239366246989536e-06
100 3.098582166265271e-06
110 7.746455415663177e-07
120 1.9366138539157946e-06
130 7.746455415663177e-07
140 1.5492910831326355e-06
150 7.746455415663177e-07
160 3.873227707831589e-07
200 3.873227707831589e-07
300 1.5492910831326355e-06
400 1.1619683123494768e-06
600 2.3239366246989536e-06
700 3.873227707831589e-07
800 7.746455415663177e-07
1000 3.873227707831589e-06
2000 4.647873249397907e-06
3000 8.521100957229496e-06
4000 1.0845037581928448e-05
5000 1.0845037581928448e-05
6000 7.746455415663179e-06
7000 6.197164332530542e-06
8000 6.97180987409686e-06
9000 1.2394328665061084e-05
10000 3.48590493704843e-06
20000 0.0022340777418772607
40000 3.873227707831589e-07
60000 7.746455415663177e-07
80000 3.873227707831589e-07
100000 7.746455415663177e-07
1700
1 1.1619683123494768e-06
10 6.584487103313701e-06
20 1.859149299759163e-05
30 7.746455415663177e-07
50 1.5492910831326355e-06
60 3.873227707831589e-07
70 7.746455415663177e-07
80 7.746455415663177e-07
5000 3.873227707831589e-07
6000 3.873227707831589e-07
7000 3.873227707831589e-07
20000 0.0001158095084641645
80000 3.873227707831589e-07
24200
1 3.873227707831589e-07
1250
1 1.1619683123494768e-06
10 1.1619683123494766e-05
20 1.9753461309941105e-05
30 2.711259395482112e-06
40 1.5492910831326355e-06
50 7.746455415663177e-07
80 3.873227707831589e-07
110 3.873227707831589e-07
120 3.873227707831589e-07
140 3.873227707831589e-07
150 3.873227707831589e-07
1000 3.873227707831589e-07
2000 7.746455415663177e-07
3000 7.746455415663177e-07
6000 3.873227707831589e-07
9000 3.873227707831589e-07
20000 8.133778186446337e-06
80000 3.873227707831589e-07
11600
10 7.746455415663177e-07
20 7.746455415663177e-07
80 3.873227707831589e-07
3000 3.873227707831589e-07
20000 1.1619683123494768e-06
17000
1 7.746455415663177e-07
20 7.746455415663177e-07
60 3.873227707831589e-07
3000 3.873227707831589e-07
13000
1 3.873227707831589e-07
20 1.1619683123494768e-06
60 1.1619683123494768e-06
5000 3.873227707831589e-07
8000 3.873227707831589e-07
10200
1 3.873227707831589e-07
10 1.5492910831326355e-06
20 7.746455415663177e-07
30 3.873227707831589e-07
60 3.873227707831589e-07
2000 3.873227707831589e-07
3000 3.873227707831589e-07
8000 7.746455415663177e-07
9000 3.873227707831589e-07
12600
10 7.746455415663177e-07
20 7.746455415663177e-07
40 7.746455415663177e-07
19400
1 3.873227707831589e-07
20 7.746455415663177e-07
50 3.873227707831589e-07
13200
1 3.873227707831589e-07
20 3.873227707831589e-07
100 3.873227707831589e-07
3050
1 7.746455415663177e-07
10 1.9366138539157946e-06
20 5.809841561747383e-06
30 7.746455415663177e-07
40 3.873227707831589e-07
80 7.746455415663177e-07
4000 7.746455415663177e-07
5000 3.873227707831589e-07
6000 3.873227707831589e-07
7000 3.873227707831589e-07
20000 3.873227707831589e-07
4300
10 7.746455415663177e-07
20 2.711259395482112e-06
30 3.873227707831589e-07
70 3.873227707831589e-07
9000 3.873227707831589e-07
2000
1 1.9366138539157946e-06
10 5.422518790964224e-06
20 1.4330942518976879e-05
30 1.1619683123494768e-06
40 3.098582166265271e-06
50 3.873227707831589e-07
60 1.9366138539157946e-06
70 1.1619683123494768e-06
90 7.746455415663177e-07
100 7.746455415663177e-07
3000 7.746455415663177e-07
4000 3.873227707831589e-07
5000 7.746455415663177e-07
8200
10 7.746455415663177e-07
20 2.711259395482112e-06
30 3.873227707831589e-07
40 3.873227707831589e-07
70 3.873227707831589e-07
100 3.873227707831589e-07
110 3.873227707831589e-07
4000 3.873227707831589e-07
7400
10 7.746455415663177e-07
20 2.711259395482112e-06
30 1.1619683123494768e-06
130 3.873227707831589e-07
4000 3.873227707831589e-07
20000 3.873227707831589e-07
7200
1 7.746455415663177e-07
10 3.873227707831589e-07
20 3.48590493704843e-06
50 3.873227707831589e-07
3000 7.746455415663177e-07
141600
1 3.873227707831589e-07
59000
8000 3.873227707831589e-07
34000
40 3.873227707831589e-07
80 3.873227707831589e-07
5000 3.873227707831589e-07
6000 3.873227707831589e-07
1450
1 3.48590493704843e-06
10 9.683069269578973e-06
20 1.9753461309941105e-05
30 1.1619683123494768e-06
40 3.873227707831589e-07
50 1.1619683123494768e-06
70 3.873227707831589e-07
80 1.5492910831326355e-06
90 3.873227707831589e-07
110 3.873227707831589e-07
130 3.873227707831589e-07
2000 3.873227707831589e-07
3000 3.873227707831589e-07
4000 1.1619683123494768e-06
5000 3.873227707831589e-07
6000 3.873227707831589e-07
8000 7.746455415663177e-07
10000 3.873227707831589e-07
20000 2.401401178855585e-05
1850
1 7.746455415663177e-07
10 6.584487103313701e-06
20 1.4330942518976879e-05
30 3.873227707831589e-07
40 7.746455415663177e-07
60 1.9366138539157946e-06
70 3.873227707831589e-07
80 3.873227707831589e-07
90 3.873227707831589e-07
100 7.746455415663177e-07
110 3.873227707831589e-07
130 3.873227707831589e-07
1000 3.873227707831589e-07
20000 3.873227707831589e-07
22800
20 3.873227707831589e-07
80 3.873227707831589e-07
19000
20 1.1619683123494768e-06
12000
20 3.873227707831589e-07
15200
20 3.873227707831589e-07
80 3.873227707831589e-07
12200
10 3.873227707831589e-07
20 1.5492910831326355e-06
9200
10 3.873227707831589e-07
20 1.9366138539157946e-06
15600
1 3.873227707831589e-07
20 3.873227707831589e-07
5000 3.873227707831589e-07
15400
1 3.873227707831589e-07
10 3.873227707831589e-07
20 7.746455415663177e-07
3000 3.873227707831589e-07
20000 3.873227707831589e-07
20600
3000 1.1619683123494768e-06
20000 3.873227707831589e-07
6400
1 7.746455415663177e-07
10 1.1619683123494768e-06
20 5.422518790964224e-06
30 3.873227707831589e-07
60 3.873227707831589e-07
107600
20000 7.746455415663177e-07
13600
1 3.873227707831589e-07
10 3.873227707831589e-07
60 3.873227707831589e-07
20000 3.873227707831589e-07
85800
1 3.873227707831589e-07
10800
1 3.873227707831589e-07
10 3.873227707831589e-07
20 1.9366138539157946e-06
30 3.873227707831589e-07
8000 3.873227707831589e-07
20000 3.873227707831589e-07
100400
20000 3.873227707831589e-07
16400
10 3.873227707831589e-07
5000 3.873227707831589e-07
20000 3.873227707831589e-07
14200
1 3.873227707831589e-07
10 3.873227707831589e-07
20 3.873227707831589e-07
10600
1 3.873227707831589e-07
10 7.746455415663177e-07
20 7.746455415663177e-07
10400
10 3.873227707831589e-07
20 3.873227707831589e-07
30 7.746455415663177e-07
120 3.873227707831589e-07
8000 3.873227707831589e-07
1750
1 1.9366138539157946e-06
10 6.97180987409686e-06
20 1.5880233602109516e-05
30 1.5492910831326355e-06
40 7.746455415663177e-07
50 7.746455415663177e-07
80 7.746455415663177e-07
110 3.873227707831589e-07
140 3.873227707831589e-07
4000 7.746455415663177e-07
5000 3.873227707831589e-07
9000 7.746455415663177e-07
20000 7.359132644880019e-06
51200
3000 3.873227707831589e-07
20200
5000 3.873227707831589e-07
67200
20000 3.873227707831589e-07
12400
10 3.873227707831589e-07
8400
1 3.873227707831589e-07
10 1.5492910831326355e-06
20 1.1619683123494768e-06
2000 3.873227707831589e-07
3000 3.873227707831589e-07
4000 3.873227707831589e-07
5000 7.746455415663177e-07
6000 3.873227707831589e-07
8000 3.873227707831589e-07
27000
1 3.873227707831589e-07
25200
20 7.746455415663177e-07
40600
20000 3.873227707831589e-07
107000
1 3.873227707831589e-07
76400
1 3.873227707831589e-07
331200
1 3.873227707831589e-07
32200
20 3.873227707831589e-07
17800
20 3.873227707831589e-07
40 3.873227707831589e-07
20000 3.873227707831589e-07
87400
6000 3.873227707831589e-07
4600
1 7.746455415663177e-07
20 1.5492910831326355e-06
40 1.5492910831326355e-06
50 7.746455415663177e-07
20000 7.746455415663177e-07
71800
5000 3.873227707831589e-07
11000
1 3.873227707831589e-07
10 3.873227707831589e-07
20 3.873227707831589e-07
5000 3.873227707831589e-07
8000 3.873227707831589e-07
64600
8000 3.873227707831589e-07
20000 3.873227707831589e-07
16200
1 7.746455415663177e-07
20000 3.873227707831589e-07
262200
8000 3.873227707831589e-07
16600
1 7.746455415663177e-07
20 3.873227707831589e-07
20000 3.873227707831589e-07
30800
800 3.873227707831589e-07
6000 3.873227707831589e-07
14800
1 7.746455415663177e-07
10 1.1619683123494768e-06
20 7.746455415663177e-07
51000
20000 3.873227707831589e-07
38800
6000 3.873227707831589e-07
89200
6000 3.873227707831589e-07
131000
20000 3.873227707831589e-07
28000
3000 3.873227707831589e-07
212000
1 3.873227707831589e-07
18800
1 3.873227707831589e-07
60200
20000 3.873227707831589e-07
24000
6000 3.873227707831589e-07
57400
1 3.873227707831589e-07
20000 3.873227707831589e-07
77600
1 3.873227707831589e-07
135800
20000 3.873227707831589e-07
56600
1 3.873227707831589e-07
20000 3.873227707831589e-07
46000
20000 3.873227707831589e-07
37400
70 3.873227707831589e-07
20000 3.873227707831589e-07
18000
20 3.873227707831589e-07
20000 3.873227707831589e-07
64400
1 7.746455415663177e-07
39000
5000 3.873227707831589e-07
42800
20000 3.873227707831589e-07
24400
20 3.873227707831589e-07
5000 3.873227707831589e-07
48200
20000 3.873227707831589e-07
27200
1 3.873227707831589e-07
100 3.873227707831589e-07
6000 3.873227707831589e-07
404600
1 3.873227707831589e-07
58800
20000 3.873227707831589e-07
75600
8000 3.873227707831589e-07
34200
8000 3.873227707831589e-07
33000
60 3.873227707831589e-07
22200
6000 3.873227707831589e-07
8000 3.873227707831589e-07
23800
8000 7.746455415663177e-07
37800
1 3.873227707831589e-07
41600
8000 3.873227707831589e-07
39200
1 3.873227707831589e-07
25400
20000 3.873227707831589e-07
39400
20000 3.873227707831589e-07
68600
20000 3.873227707831589e-07
94200
5000 3.873227707831589e-07
8000 3.873227707831589e-07
33800
1 3.873227707831589e-07
5000 3.873227707831589e-07
30400
8000 3.873227707831589e-07
73600
1 3.873227707831589e-07
117200
1 3.873227707831589e-07
24600
5000 3.873227707831589e-07
23400
1 1.1619683123494768e-06
47200
1 3.873227707831589e-07
13400
20 7.746455415663177e-07
18600
20 3.873227707831589e-07
100 3.873227707831589e-07
24800
40 3.873227707831589e-07
31000
8000 3.873227707831589e-07
20000 3.873227707831589e-07
19600
20 3.873227707831589e-07
20800
5000 3.873227707831589e-07
75200
8000 3.873227707831589e-07
63000
1 3.873227707831589e-07
13800
1 3.873227707831589e-07
20 3.873227707831589e-07
30 3.873227707831589e-07
29600
20000 3.873227707831589e-07
32800
40 3.873227707831589e-07
5000 3.873227707831589e-07
20000 3.873227707831589e-07
22000
1 3.873227707831589e-07
58000
1 3.873227707831589e-07
70 3.873227707831589e-07
87000
20000 3.873227707831589e-07
38400
5000 3.873227707831589e-07
27600
1 3.873227707831589e-07
20000 3.873227707831589e-07
91000
20000 3.873227707831589e-07
43800
1 3.873227707831589e-07
50 3.873227707831589e-07
21200
20000 3.873227707831589e-07
35000
10 3.873227707831589e-07
8000 3.873227707831589e-07
19200
20 7.746455415663177e-07
44600
70 3.873227707831589e-07
44800
1 3.873227707831589e-07
40 3.873227707831589e-07
104000
1 3.873227707831589e-07
62200
8000 3.873227707831589e-07
25600
1 3.873227707831589e-07
8000 3.873227707831589e-07
44400
40 3.873227707831589e-07
50600
1 3.873227707831589e-07
85400
1 3.873227707831589e-07
44000
60 3.873227707831589e-07
14000
20 7.746455415663177e-07
50800
70 3.873227707831589e-07
20000
20 3.873227707831589e-07
69600
20000 3.873227707831589e-07
88400
5000 3.873227707831589e-07
141400
20000 3.873227707831589e-07
36800
1 3.873227707831589e-07
20000 3.873227707831589e-07
56400
20000 3.873227707831589e-07
56000
1 3.873227707831589e-07
266400
1 3.873227707831589e-07
145800
20000 3.873227707831589e-07
36600
20000 3.873227707831589e-07
174800
1 3.873227707831589e-07
26800
70 3.873227707831589e-07
26600
20 3.873227707831589e-07
65000
1 3.873227707831589e-07
36200
1 3.873227707831589e-07
103400
1 3.873227707831589e-07
41200
20000 3.873227707831589e-07
29400
10 3.873227707831589e-07
18200
20000 7.746455415663177e-07
25000
1 3.873227707831589e-07
