73200
1 3.426014799287608e-08
10
1 0.000368262330775425
10 5.084205962142811e-05
20 2.7168297358350733e-05
30 0.001975063271641313
40 1.5280026004822732e-05
50 7.126110782518225e-06
60 7.3316716704754815e-06
70 3.0834133193588473e-06
80 2.192649471544069e-06
90 1.0278044397862825e-06
100 5.481623678860173e-07
110 5.139022198931413e-07
120 5.139022198931413e-07
130 4.796420719002651e-07
140 5.481623678860173e-07
150 4.4538192390738904e-07
160 5.139022198931413e-07
170 2.0556088795725648e-07
180 3.083413319358847e-07
190 5.139022198931413e-07
200 2.398210359501326e-06
300 1.0552125581805834e-05
400 2.3228380339169984e-05
500 6.965088086951707e-05
600 0.00032893168087960327
700 0.00015817910328310886
800 0.00013745171374741883
900 0.00016667561998534214
1000 0.006477497660717095
2000 0.00018411403531371607
3000 4.6833622306261606e-05
4000 0.00010391102886239316
5000 1.1579930021592116e-05
6000 1.2402173573421142e-05
7000 8.153915222304508e-06
8000 4.4538192390738905e-06
9000 3.939917019180749e-06
10000 1.9528284355939366e-06
20000 0.004730401413820379
40000 4.1112177591451296e-07
60000 5.481623678860173e-07
80000 4.1112177591451296e-07
100000 3.083413319358847e-07
240
1 1.1648450317577868e-06
10 1.5417066596794237e-06
20 3.4260147992876082e-06
30 4.1112177591451296e-07
40 1.713007399643804e-07
50 1.0278044397862824e-07
60 1.713007399643804e-07
70 1.713007399643804e-07
90 1.0278044397862824e-07
100 3.426014799287608e-08
110 3.426014799287608e-08
120 3.426014799287608e-08
180 3.426014799287608e-08
300 3.426014799287608e-08
900 3.426014799287608e-08
1000 3.426014799287608e-08
2000 1.0278044397862824e-07
3000 1.0278044397862824e-07
4000 6.852029598575216e-08
5000 2.0556088795725648e-07
6000 3.083413319358847e-07
7000 6.852029598575216e-08
8000 2.0556088795725648e-07
9000 3.426014799287608e-08
10000 6.852029598575216e-08
20000 1.0552125581805834e-05
60000 6.852029598575216e-08
100000 3.426014799287608e-08
29600
1 3.426014799287608e-08
20000 3.426014799287608e-08
2
1 0.00783779683677424
10 0.00034911090804740726
20 0.0002710662909196356
30 0.05059764772564693
40 5.019111680956346e-05
50 3.443144873284046e-05
60 9.10977335130575e-05
70 0.0001505390902806975
80 0.00015574663277561466
90 9.551729260413851e-05
100 6.663598784614398e-05
110 5.262358731705766e-05
120 6.211364831108433e-05
130 7.232317241296141e-05
140 0.00014838070095714632
150 0.00010809076691752404
160 0.00016047453319863156
170 7.304263552081181e-05
180 7.84899990516791e-05
190 7.352227759271207e-05
200 0.0005238719229590682
300 0.005940024459004855
400 0.005511292967022003
500 0.007861333558445345
600 0.003985414495715289
700 0.002193745796279841
800 0.002102031380102912
900 0.0017446295162412287
1000 0.02087559893590721
2000 0.004124476436418373
3000 0.00160217582088685
4000 0.002760203083194054
5000 0.00033544110899824973
6000 0.00018171582495421474
7000 8.397162273053928e-05
8000 2.028200761178264e-05
9000 2.0419048203754145e-05
10000 9.729882029976807e-06
20000 0.025481122110293557
40000 3.5287952432662366e-06
60000 2.4324705074942016e-06
80000 2.6380313954514584e-06
100000 2.912112579394467e-06
5
1 0.0011518946958164796
10 9.270796046872268e-05
20 2.9395206977887678e-05
30 0.008719516005518898
40 1.2641994609371275e-05
50 6.098306342731942e-06
60 8.839118182162029e-06
70 9.284500106069419e-06
80 8.256695666283136e-06
90 3.2547140593232276e-06
100 2.055608879572565e-06
110 1.7472675476366803e-06
120 2.6380313954514584e-06
130 4.248258351116634e-06
140 6.714989006603712e-06
150 3.837136575202121e-06
160 4.419559091081014e-06
170 2.9463727273873432e-06
180 3.4602749472804844e-06
190 4.316778647102386e-06
200 3.4911090804740726e-05
300 0.00014420096290201543
400 0.0002826119607932348
500 0.0004870422638667264
600 0.0010335601446490857
700 0.000474982691773234
800 0.0007451239586970619
900 0.0008215926090171614
1000 0.02163161762166601
2000 0.0005236321019231181
3000 0.00019144570698419153
4000 0.00032852055910368875
5000 3.737782146022781e-05
6000 4.0426974631593776e-05
7000 1.7438415328373925e-05
8000 4.008437315166502e-06
9000 2.877852431401591e-06
10000 1.7130073996438041e-06
20000 0.007989192430754759
40000 2.0556088795725648e-07
60000 1.713007399643804e-07
80000 1.3704059197150432e-07
100000 1.713007399643804e-07
1
1 0.03124850968356231
10 0.0011093435920093275
20 0.003811441464207464
30 0.2024493127962475
40 0.0005956126728561507
50 0.0005145531627050059
60 0.001899690946056986
70 0.003958828620872817
80 0.004030946232397821
90 0.0021348183417320946
100 0.0013192897789096722
110 0.0009170071211773212
120 0.0010011500446478248
130 0.0011724850447601982
140 0.0026783555896390736
150 0.0020432409661471367
160 0.002723373424101713
170 0.0012655698668568424
180 0.0012278837040646789
190 0.0010936181840805973
200 0.007966272391747525
300 0.010905210667020415
400 0.011121597761743419
500 0.018017959991821417
600 0.020160658167591872
700 0.013137156528312313
800 0.013688436569665681
900 0.01108980434440603
1000 0.08294638780185246
2000 0.017403058855645276
3000 0.012746693621637504
4000 0.015026809251007385
5000 0.0018682401301995256
6000 0.0006033554663025407
7000 0.00025061298256788854
8000 6.338127378682075e-06
9000 3.871396723194997e-06
10000 2.021348731579689e-06
20000 0.059830072406767174
40000 4.796420719002651e-07
60000 5.481623678860173e-07
80000 1.713007399643804e-07
100000 1.713007399643804e-07
300
1 7.537232558432738e-07
10 8.907638478147781e-07
20 3.6315756872448646e-06
30 3.426014799287608e-07
40 6.852029598575216e-08
50 1.3704059197150432e-07
60 1.0278044397862824e-07
70 1.0278044397862824e-07
80 1.0278044397862824e-07
90 3.426014799287608e-08
120 6.852029598575216e-08
140 3.426014799287608e-08
150 3.426014799287608e-08
170 3.426014799287608e-08
400 3.426014799287608e-08
2000 3.426014799287608e-08
3000 6.852029598575216e-08
4000 6.852029598575216e-08
5000 1.0278044397862824e-07
7000 6.852029598575216e-08
8000 3.426014799287608e-08
9000 3.426014799287608e-08
10000 3.426014799287608e-08
20000 3.049153171365971e-06
100000 6.852029598575216e-08
500
1 9.592841438005302e-07
10 1.4731863636936716e-06
20 3.4602749472804844e-06
30 1.3704059197150432e-07
40 1.3704059197150432e-07
50 6.852029598575216e-08
60 2.7408118394300864e-07
70 1.3704059197150432e-07
80 2.0556088795725648e-07
90 3.426014799287608e-08
100 6.852029598575216e-08
120 3.426014799287608e-08
130 3.426014799287608e-08
140 6.852029598575216e-08
190 3.426014799287608e-08
2000 3.426014799287608e-08
4000 6.852029598575216e-08
6000 3.426014799287608e-08
7000 3.426014799287608e-08
10000 1.0278044397862824e-07
20000 9.284500106069419e-06
60000 3.426014799287608e-08
12
1 0.00026304941628930257
10 3.477405021276922e-05
20 2.0076446723825384e-05
30 0.0013683503108354708
40 9.284500106069419e-06
50 4.796420719002652e-06
60 4.179738055130882e-06
70 1.9870885835868128e-06
80 1.2333653277435389e-06
90 4.796420719002651e-07
100 3.083413319358847e-07
110 5.481623678860173e-07
120 3.426014799287608e-07
130 2.3982103595013256e-07
140 4.1112177591451296e-07
150 2.0556088795725648e-07
160 2.3982103595013256e-07
170 1.3704059197150432e-07
180 2.3982103595013256e-07
190 2.7408118394300864e-07
200 1.2333653277435389e-06
300 4.316778647102386e-06
400 9.592841438005304e-06
500 2.2611697675298214e-05
600 9.284500106069419e-05
700 5.0328157401534965e-05
800 0.00013666373034358268
900 0.00023574407833898032
1000 0.0029335251718900146
2000 0.000427155525175179
3000 4.217424217923046e-05
4000 6.899993805765242e-05
5000 7.400191966461234e-06
6000 1.6410610888587644e-05
7000 1.0826206765748841e-05
8000 7.0918506345253486e-06
9000 6.098306342731942e-06
10000 2.569511099465706e-06
20000 0.003104757391558409
40000 6.166826638717694e-07
60000 2.0556088795725648e-07
80000 4.1112177591451296e-07
100000 6.166826638717694e-07
140
1 3.32323435530898e-06
10 3.2547140593232276e-06
20 4.28251849910951e-06
30 1.0620645877791584e-06
40 3.768616279216369e-07
50 1.713007399643804e-07
60 1.713007399643804e-07
70 2.3982103595013256e-07
80 2.0556088795725648e-07
90 1.3704059197150432e-07
100 6.852029598575216e-08
110 3.426014799287608e-08
130 3.426014799287608e-08
150 6.852029598575216e-08
160 3.426014799287608e-08
300 3.426014799287608e-08
400 6.852029598575216e-08
500 3.426014799287608e-08
800 6.852029598575216e-08
900 6.852029598575216e-08
1000 2.0556088795725648e-07
2000 8.222435518290259e-07
3000 3.768616279216369e-07
4000 1.713007399643804e-07
5000 1.0278044397862824e-07
6000 6.166826638717694e-07
7000 1.3704059197150432e-07
8000 3.768616279216369e-07
9000 2.3982103595013256e-07
10000 1.3704059197150432e-07
20000 7.59204879522134e-05
60000 2.0556088795725648e-07
80000 6.852029598575216e-08
100000 6.852029598575216e-08
1200
1 1.0278044397862824e-07
10 2.3982103595013256e-07
20 1.713007399643804e-07
30 6.852029598575216e-08
60 6.852029598575216e-08
80 6.852029598575216e-08
3000 1.3704059197150432e-07
4000 3.426014799287608e-08
9000 3.426014799287608e-08
20000 6.852029598575216e-08
52400
1 3.426014799287608e-08
10 3.426014799287608e-08
1350
1 3.426014799287608e-07
10 6.852029598575216e-08
20 4.1112177591451296e-07
30 1.0278044397862824e-07
50 3.426014799287608e-08
60 3.426014799287608e-08
70 3.426014799287608e-08
100 3.426014799287608e-08
6000 3.426014799287608e-08
20000 3.426014799287608e-08
76400
400 3.426014799287608e-08
1300
1 1.713007399643804e-07
10 2.0556088795725648e-07
20 2.0556088795725648e-07
30 3.426014799287608e-08
60 6.852029598575216e-08
80 3.426014799287608e-08
100 3.426014799287608e-08
120 3.426014799287608e-08
140 6.852029598575216e-08
3000 3.426014799287608e-08
8000 6.852029598575216e-08
20000 1.3704059197150432e-07
6
1 0.0006329904943163785
10 6.77665727299089e-05
20 2.1104251163611668e-05
30 0.00463344519500054
40 6.577948414632207e-06
50 4.316778647102386e-06
60 4.830680866995527e-06
70 4.385298943088138e-06
80 3.5973155392519885e-06
90 1.8157878436224323e-06
100 8.565036998219021e-07
110 9.592841438005302e-07
120 1.7130073996438041e-06
130 1.7472675476366803e-06
140 2.4667306554870778e-06
150 1.8843081396081846e-06
160 2.36395021150845e-06
170 7.879834038361499e-07
180 1.5417066596794237e-06
190 1.9870885835868128e-06
200 1.301885623729291e-05
300 7.122684767718937e-05
400 0.0001528687803442131
500 0.0003393467658694376
600 0.0008374550575378629
700 0.0004927294484335438
800 0.00042362672993191274
900 0.00028422218774889997
1000 0.010470586429582788
2000 0.001492440566865668
3000 0.00012522084091396208
4000 0.00020915820349650847
5000 3.138229556147449e-05
6000 3.0423011417673962e-05
7000 1.853474006414596e-05
8000 1.34642381612003e-05
9000 1.1648450317577868e-05
10000 6.064046194739066e-06
20000 0.005779173064178302
40000 5.139022198931413e-07
60000 5.139022198931413e-07
80000 3.426014799287608e-07
100000 4.1112177591451296e-07
80
1 7.228891226496853e-06
10 8.599297146211896e-06
20 1.1442889429620612e-05
30 0.00013786283552333334
40 1.3018856237292912e-06
50 1.199105179750663e-06
60 1.3018856237292912e-06
70 1.3704059197150432e-06
80 7.879834038361499e-07
90 2.7408118394300864e-07
100 1.0278044397862824e-07
110 1.713007399643804e-07
120 3.426014799287608e-08
130 1.3704059197150432e-07
140 3.426014799287608e-08
150 6.852029598575216e-08
160 6.852029598575216e-08
170 3.426014799287608e-08
190 3.426014799287608e-08
200 3.426014799287608e-08
300 2.3982103595013256e-07
400 6.852029598575216e-08
500 1.0278044397862824e-07
600 6.509428118646456e-07
700 2.53525095147283e-06
800 9.490060994026675e-06
900 1.1956791649513752e-05
1000 6.506002103847168e-05
2000 8.770597886176277e-06
3000 1.4731863636936716e-06
4000 1.0620645877791584e-06
5000 9.935442917934064e-07
6000 9.935442917934064e-07
7000 7.194631078503977e-07
8000 8.907638478147781e-07
9000 1.1305848837649107e-06
10000 4.1112177591451296e-07
20000 0.00035544903542608934
40000 1.0278044397862824e-07
60000 2.7408118394300864e-07
80000 2.3982103595013256e-07
100000 6.852029598575216e-08
162000
1 3.426014799287608e-08
42
1 1.9870885835868128e-06
10 3.700095983230617e-06
20 2.6380313954514584e-06
30 1.5451326744787112e-05
40 3.426014799287608e-07
50 5.824225158788934e-07
60 4.4538192390738904e-07
70 4.796420719002651e-07
80 2.7408118394300864e-07
90 1.713007399643804e-07
100 2.3982103595013256e-07
110 3.426014799287608e-08
120 3.426014799287608e-08
130 6.852029598575216e-08
200 3.426014799287608e-08
300 6.852029598575216e-08
400 1.0278044397862824e-07
500 4.4538192390738904e-07
600 3.768616279216369e-07
700 1.3361457717221673e-06
800 6.783509302589464e-06
900 9.250239958076542e-06
1000 0.00015475308848382125
2000 1.538280644880136e-05
3000 1.0278044397862825e-06
4000 7.194631078503977e-07
5000 5.824225158788934e-07
6000 4.1112177591451296e-07
7000 4.4538192390738904e-07
8000 3.426014799287608e-07
9000 4.4538192390738904e-07
10000 6.852029598575216e-08
20000 0.00019285037305189946
40000 3.426014799287608e-08
80000 3.426014799287608e-08
18
1 6.612208562625084e-05
10 1.6513391332566272e-05
20 1.0483605285820082e-05
30 0.00017548047801951128
40 1.4731863636936716e-06
50 1.3018856237292912e-06
60 1.3704059197150432e-06
70 7.879834038361499e-07
80 7.194631078503977e-07
90 4.1112177591451296e-07
100 3.083413319358847e-07
110 1.713007399643804e-07
120 2.7408118394300864e-07
130 1.0278044397862824e-07
140 1.0278044397862824e-07
150 6.852029598575216e-08
160 6.852029598575216e-08
180 1.0278044397862824e-07
190 6.852029598575216e-08
200 3.083413319358847e-07
300 2.6037712474585823e-06
400 5.550143974845925e-06
500 7.914094186354375e-06
600 6.6122085626250835e-06
700 6.3723875266749515e-06
800 1.654765148055915e-05
900 3.5527773468612496e-05
1000 0.0008513304174749777
2000 0.0001257690032818481
3000 7.365931818468358e-06
4000 2.809332135415839e-05
5000 3.905656871187873e-06
6000 3.049153171365971e-06
7000 3.014893023373095e-06
8000 2.7065516914372103e-06
9000 3.2889742073161037e-06
10000 1.0278044397862825e-06
20000 0.0013734550728864094
40000 1.0278044397862824e-07
60000 3.426014799287608e-07
80000 6.852029598575216e-08
100000 3.083413319358847e-07
340
1 6.852029598575216e-07
10 8.565036998219021e-07
20 3.1861937633374757e-06
30 6.852029598575216e-08
50 1.0278044397862824e-07
60 1.0278044397862824e-07
70 1.0278044397862824e-07
80 1.0278044397862824e-07
100 3.426014799287608e-08
110 3.426014799287608e-08
120 3.426014799287608e-08
140 3.426014799287608e-08
700 3.426014799287608e-08
1000 1.0278044397862824e-07
2000 3.426014799287608e-08
3000 3.426014799287608e-08
4000 6.852029598575216e-08
5000 1.0278044397862824e-07
6000 6.852029598575216e-08
8000 6.852029598575216e-08
20000 4.659380127031147e-06
80000 6.852029598575216e-08
100000 3.426014799287608e-08
26
1 1.2813295349335655e-05
10 8.702077590190524e-06
20 6.783509302589464e-06
30 3.611019598449139e-05
40 1.0963247357720346e-06
50 1.678747251650928e-06
60 9.592841438005302e-07
70 5.481623678860173e-07
80 5.139022198931413e-07
90 2.3982103595013256e-07
100 1.3704059197150432e-07
110 1.0278044397862824e-07
120 2.3982103595013256e-07
130 1.713007399643804e-07
140 1.0278044397862824e-07
150 3.426014799287608e-08
160 3.426014799287608e-08
170 6.852029598575216e-08
180 3.426014799287608e-08
190 3.426014799287608e-08
200 2.7408118394300864e-07
300 2.0556088795725648e-07
400 4.796420719002651e-07
500 1.3018856237292912e-06
600 3.9741771671736255e-06
700 5.07050190294566e-06
800 1.1614190169584992e-05
900 1.8671780656117465e-05
1000 0.0004209201782404755
2000 3.367772547699719e-05
3000 3.2889742073161037e-06
4000 1.154566987359924e-05
5000 1.9528284355939366e-06
6000 9.935442917934064e-07
7000 1.5074465116865475e-06
8000 1.4731863636936716e-06
9000 1.3361457717221673e-06
10000 6.166826638717694e-07
20000 0.000671293339772414
40000 1.0278044397862824e-07
60000 6.852029598575216e-08
80000 3.426014799287608e-08
60
1 9.935442917934063e-06
10 1.486890422890822e-05
20 1.4903164376901096e-05
30 0.00013029134281690774
40 2.7408118394300864e-06
50 1.9185682876010605e-06
60 2.021348731579689e-06
70 1.7815276956295562e-06
80 1.0963247357720346e-06
90 4.1112177591451296e-07
100 3.083413319358847e-07
110 2.0556088795725648e-07
120 2.3982103595013256e-07
130 3.426014799287608e-08
140 2.0556088795725648e-07
150 1.713007399643804e-07
160 1.713007399643804e-07
170 3.426014799287608e-08
180 3.426014799287608e-08
200 1.0278044397862824e-07
300 4.4538192390738904e-07
400 2.3982103595013256e-07
500 4.4538192390738904e-07
600 9.592841438005302e-07
700 7.742793446389994e-06
800 4.731326437816187e-05
900 6.780083287790177e-05
1000 0.0002231706040255948
2000 1.6924513108480786e-05
3000 1.0483605285820082e-05
4000 2.021348731579689e-06
5000 1.4389262157007955e-06
6000 1.5074465116865475e-06
7000 1.5074465116865475e-06
8000 1.3361457717221673e-06
9000 1.678747251650928e-06
10000 7.879834038361499e-07
20000 0.0007324819640876906
40000 1.0278044397862824e-07
60000 7.194631078503977e-07
80000 2.7408118394300864e-07
100000 2.7408118394300864e-07
8200
1 6.852029598575216e-08
20 6.852029598575216e-08
3000 3.426014799287608e-08
5000 3.426014799287608e-08
6000 3.426014799287608e-08
8000 3.426014799287608e-08
20
1 0.00011223624482466205
10 1.4286481713029326e-05
20 8.804858034169153e-06
30 0.00015005944820879725
40 1.0620645877791584e-06
50 1.1648450317577868e-06
60 1.1648450317577868e-06
70 8.222435518290259e-07
80 7.537232558432738e-07
90 4.1112177591451296e-07
100 1.0278044397862824e-07
110 4.1112177591451296e-07
120 1.713007399643804e-07
130 2.0556088795725648e-07
140 1.713007399643804e-07
150 6.852029598575216e-08
160 3.426014799287608e-08
170 1.0278044397862824e-07
180 1.713007399643804e-07
190 1.0278044397862824e-07
200 4.796420719002651e-07
300 1.4731863636936716e-06
400 4.4538192390738905e-06
500 6.714989006603712e-06
600 3.049153171365971e-06
700 4.11121775914513e-06
800 1.740415518038105e-05
900 4.001585285567926e-05
1000 0.0011331201347163835
2000 5.255506702107191e-05
3000 5.276062790902917e-06
4000 1.6821732664502158e-05
5000 3.220453911330352e-06
6000 2.055608879572565e-06
7000 2.7065516914372103e-06
8000 2.3296900635155737e-06
9000 1.9528284355939366e-06
10000 1.4731863636936716e-06
20000 0.0010585015323878995
40000 3.768616279216369e-07
60000 3.426014799287608e-07
80000 2.0556088795725648e-07
100000 4.4538192390738904e-07
24
1 2.7408118394300866e-05
10 9.250239958076542e-06
20 8.016874630333003e-06
30 5.992099883954027e-05
40 9.592841438005302e-07
50 1.0620645877791584e-06
60 1.199105179750663e-06
70 8.907638478147781e-07
80 4.796420719002651e-07
90 3.768616279216369e-07
100 3.083413319358847e-07
110 1.713007399643804e-07
120 1.3704059197150432e-07
130 1.3704059197150432e-07
140 1.713007399643804e-07
150 1.713007399643804e-07
160 3.426014799287608e-08
190 1.713007399643804e-07
200 2.7408118394300864e-07
300 7.537232558432738e-07
400 1.1648450317577868e-06
500 1.5759668076722998e-06
600 4.659380127031147e-06
700 5.584404122838801e-06
800 1.2641994609371275e-05
900 2.720255750634361e-05
1000 0.0005185273398721795
2000 7.266577389289017e-05
3000 4.419559091081014e-06
4000 1.2470693869406894e-05
5000 2.124129175558317e-06
6000 1.3361457717221673e-06
7000 2.192649471544069e-06
8000 1.1648450317577868e-06
9000 1.5759668076722998e-06
10000 5.481623678860173e-07
20000 0.0008283761183197508
40000 2.0556088795725648e-07
60000 2.0556088795725648e-07
80000 3.426014799287608e-08
100000 2.0556088795725648e-07
120
1 3.905656871187873e-06
10 3.1176734673517235e-06
20 5.344583086888669e-06
30 1.678747251650928e-06
40 4.796420719002651e-07
50 2.3982103595013256e-07
60 4.1112177591451296e-07
70 3.083413319358847e-07
80 2.0556088795725648e-07
90 6.852029598575216e-08
100 3.426014799287608e-08
110 1.0278044397862824e-07
120 1.0278044397862824e-07
140 6.852029598575216e-08
180 6.852029598575216e-08
190 6.852029598575216e-08
200 1.3704059197150432e-07
300 6.852029598575216e-08
400 1.3704059197150432e-07
500 6.852029598575216e-08
700 3.426014799287608e-08
1000 8.565036998219021e-07
2000 1.199105179750663e-06
3000 2.3982103595013256e-07
4000 2.7408118394300864e-07
5000 3.426014799287608e-07
6000 2.3982103595013256e-07
7000 2.3982103595013256e-07
8000 3.083413319358847e-07
9000 2.3982103595013256e-07
10000 1.713007399643804e-07
20000 0.00014762697770130304
40000 3.426014799287608e-08
60000 2.0556088795725648e-07
80000 1.0278044397862824e-07
100000 3.426014799287608e-08
44
1 2.021348731579689e-06
10 3.1176734673517235e-06
20 2.6722915434443346e-06
30 1.0860466913741717e-05
40 4.1112177591451296e-07
50 4.796420719002651e-07
60 3.426014799287608e-07
70 2.0556088795725648e-07
80 2.0556088795725648e-07
90 1.713007399643804e-07
110 3.426014799287608e-08
120 6.852029598575216e-08
130 1.0278044397862824e-07
140 3.426014799287608e-08
160 3.426014799287608e-08
170 3.426014799287608e-08
180 3.426014799287608e-08
200 6.852029598575216e-08
300 1.0278044397862824e-07
500 1.0278044397862824e-07
600 1.0278044397862824e-07
700 9.250239958076542e-07
800 5.241802642910041e-06
900 7.400191966461234e-06
1000 9.932016903134776e-05
2000 1.5417066596794236e-05
3000 1.4389262157007955e-06
4000 3.083413319358847e-07
5000 4.1112177591451296e-07
6000 4.1112177591451296e-07
7000 5.824225158788934e-07
8000 4.4538192390738904e-07
9000 2.0556088795725648e-07
10000 2.3982103595013256e-07
20000 0.0002340653310873294
40000 3.426014799287608e-08
60000 1.713007399643804e-07
80000 1.3704059197150432e-07
100000 1.0278044397862824e-07
53600
1 3.426014799287608e-08
440
1 3.768616279216369e-07
10 6.166826638717694e-07
20 1.9185682876010605e-06
30 6.852029598575216e-08
40 3.426014799287608e-08
50 6.852029598575216e-08
60 3.426014799287608e-08
80 1.0278044397862824e-07
100 1.0278044397862824e-07
1000 3.426014799287608e-08
2000 3.426014799287608e-08
3000 3.426014799287608e-08
4000 3.426014799287608e-08
7000 3.426014799287608e-08
8000 6.852029598575216e-08
20000 4.28251849910951e-06
280
1 8.565036998219021e-07
10 1.3704059197150432e-06
20 3.0834133193588473e-06
30 4.796420719002651e-07
40 3.426014799287608e-08
60 2.0556088795725648e-07
70 3.426014799287608e-08
80 1.713007399643804e-07
90 6.852029598575216e-08
100 3.426014799287608e-08
110 6.852029598575216e-08
120 6.852029598575216e-08
130 3.426014799287608e-08
140 6.852029598575216e-08
150 3.426014799287608e-08
170 3.426014799287608e-08
190 3.426014799287608e-08
3000 6.852029598575216e-08
4000 6.852029598575216e-08
5000 3.426014799287608e-08
6000 1.0278044397862824e-07
7000 6.852029598575216e-08
8000 3.426014799287608e-08
9000 3.426014799287608e-08
20000 1.4492042600986582e-05
80000 3.426014799287608e-08
100000 3.426014799287608e-08
36
1 2.7065516914372103e-06
10 4.11121775914513e-06
20 4.316778647102386e-06
30 2.799054091017976e-05
40 5.139022198931413e-07
50 5.824225158788934e-07
60 5.139022198931413e-07
70 2.3982103595013256e-07
80 2.7408118394300864e-07
90 1.0278044397862824e-07
100 1.713007399643804e-07
110 6.852029598575216e-08
120 2.0556088795725648e-07
130 1.3704059197150432e-07
140 3.426014799287608e-08
160 6.852029598575216e-08
170 3.426014799287608e-08
180 3.426014799287608e-08
190 3.426014799287608e-08
200 3.426014799287608e-07
300 7.194631078503977e-07
400 3.5287952432662366e-06
500 6.783509302589464e-06
600 2.7750719874229626e-06
700 1.8157878436224323e-06
800 6.509428118646455e-06
900 1.1922531501520876e-05
1000 0.00018353161279783717
2000 2.384506300304175e-05
3000 1.8157878436224323e-06
4000 1.8843081396081846e-06
5000 9.592841438005302e-07
6000 2.7408118394300864e-07
7000 7.537232558432738e-07
8000 6.166826638717694e-07
9000 5.824225158788934e-07
10000 4.1112177591451296e-07
20000 0.0002985429296099222
40000 3.426014799287608e-08
60000 6.852029598575216e-08
80000 1.0278044397862824e-07
100000 1.0278044397862824e-07
7
1 0.00038792765572333586
10 5.454215560465872e-05
20 2.072738953569003e-05
30 0.002632823852956541
40 1.4971684672886848e-05
50 7.023330338539597e-06
60 6.64646871061796e-06
70 3.6658358352377407e-06
80 1.9185682876010605e-06
90 1.0963247357720346e-06
100 4.796420719002651e-07
110 3.083413319358847e-07
120 6.166826638717694e-07
130 5.824225158788934e-07
140 9.935442917934064e-07
150 6.166826638717694e-07
160 6.852029598575216e-07
170 2.3982103595013256e-07
180 5.824225158788934e-07
190 7.537232558432738e-07
200 4.248258351116634e-06
300 3.525369228466949e-05
400 7.033608382937459e-05
500 0.00017267114588409544
600 0.0006174706472756056
700 0.000316563767454175
800 0.00023824506914246028
900 0.0002052868067733135
1000 0.003784067605961156
2000 0.00044702641101104714
3000 9.164589588094352e-05
4000 0.00014790105888524605
5000 1.702729355245941e-05
6000 2.0350527907768393e-05
7000 7.982614482340127e-06
8000 2.7065516914372103e-06
9000 2.2611697675298214e-06
10000 1.4731863636936716e-06
20000 0.0045370371385485865
40000 1.0278044397862824e-07
60000 1.713007399643804e-07
100000 6.852029598575216e-08
99600
20000 3.426014799287608e-08
14
1 0.00015297156078819172
10 2.5592330550678434e-05
20 1.5691147780737245e-05
30 0.0008628418272005841
40 4.6936402750240235e-06
50 2.569511099465706e-06
60 1.9528284355939366e-06
70 1.267625475736415e-06
80 7.194631078503977e-07
90 1.0278044397862824e-07
100 1.3704059197150432e-07
110 2.0556088795725648e-07
120 2.7408118394300864e-07
130 1.713007399643804e-07
150 1.3704059197150432e-07
160 6.852029598575216e-08
170 3.426014799287608e-08
180 2.0556088795725648e-07
190 6.852029598575216e-08
200 2.7408118394300864e-07
300 2.2954299155226975e-06
400 5.1732823469242885e-06
500 8.462256554240393e-06
600 2.000792642783963e-05
700 1.4971684672886848e-05
800 3.264992103721091e-05
900 6.098306342731943e-05
1000 0.001750625042139982
2000 0.00012994874133697898
3000 1.671895222052353e-05
4000 5.269210761304341e-05
5000 5.618664270831677e-06
6000 5.618664270831677e-06
7000 5.618664270831677e-06
8000 4.316778647102386e-06
9000 3.768616279216369e-06
10000 2.192649471544069e-06
20000 0.002561528484983366
40000 1.713007399643804e-07
60000 2.3982103595013256e-07
80000 3.083413319358847e-07
100000 3.083413319358847e-07
8
1 0.00023817654884647453
10 4.241406321518059e-05
20 1.5896708668694502e-05
30 0.0016999200231105254
40 5.721444714810306e-06
50 3.4945350952733605e-06
60 3.0834133193588473e-06
70 2.398210359501326e-06
80 1.4046660677079193e-06
90 6.166826638717694e-07
100 5.139022198931413e-07
110 3.426014799287608e-07
120 3.426014799287608e-07
130 3.426014799287608e-07
140 2.3982103595013256e-07
150 2.0556088795725648e-07
160 3.768616279216369e-07
170 1.713007399643804e-07
180 2.7408118394300864e-07
190 4.1112177591451296e-07
200 2.055608879572565e-06
300 1.8603260360131713e-05
400 4.395576987486001e-05
500 9.137181469700051e-05
600 0.0002748691673468448
700 0.00013012004207694336
800 0.00030292822855301034
900 0.00042993059716260195
1000 0.002419177570072966
2000 0.000233619949163422
3000 6.629338636621522e-05
4000 0.00010565829641002983
5000 1.0278044397862825e-05
6000 9.764142177969683e-06
7000 6.406647674667828e-06
8000 3.939917019180749e-06
9000 3.734356131223493e-06
10000 1.8843081396081846e-06
20000 0.0036998561621946666
40000 6.166826638717694e-07
60000 7.194631078503977e-07
80000 7.537232558432738e-07
100000 6.509428118646456e-07
1950
1 6.852029598575216e-08
10 1.3704059197150432e-07
20 1.0278044397862824e-07
30 3.426014799287608e-08
60 3.426014799287608e-08
110 3.426014799287608e-08
2000 3.426014799287608e-08
2150
1 3.426014799287608e-08
10 6.852029598575216e-08
20 6.852029598575216e-08
60 3.426014799287608e-08
70 3.426014799287608e-08
8000 3.426014799287608e-08
48
1 1.678747251650928e-06
10 2.36395021150845e-06
20 2.569511099465706e-06
30 1.3053116385285786e-05
40 2.0556088795725648e-07
50 4.4538192390738904e-07
60 6.852029598575216e-07
70 2.7408118394300864e-07
80 2.7408118394300864e-07
90 2.0556088795725648e-07
100 3.426014799287608e-08
110 6.852029598575216e-08
120 6.852029598575216e-08
130 6.852029598575216e-08
140 3.426014799287608e-08
150 3.426014799287608e-08
500 6.852029598575216e-08
600 3.083413319358847e-07
700 1.267625475736415e-06
800 5.3788432348815444e-06
900 8.530776850226144e-06
1000 6.327849334284212e-05
2000 1.3738319345143309e-05
3000 1.678747251650928e-06
4000 3.426014799287608e-07
5000 2.7408118394300864e-07
6000 1.713007399643804e-07
7000 3.426014799287608e-07
8000 4.4538192390738904e-07
9000 1.0278044397862824e-07
10000 2.7408118394300864e-07
20000 0.0001631468247420759
40000 6.852029598575216e-08
80000 3.426014799287608e-08
100000 3.426014799287608e-08
40
1 7.948354334347251e-06
10 1.110028794969185e-05
20 1.3772579493136185e-05
30 0.0001037054679744359
40 1.3361457717221673e-06
50 1.6444871036580519e-06
60 2.36395021150845e-06
70 1.6444871036580519e-06
80 1.1305848837649107e-06
90 5.824225158788934e-07
100 3.426014799287608e-07
110 1.713007399643804e-07
120 1.3704059197150432e-07
130 3.426014799287608e-08
140 3.083413319358847e-07
160 1.0278044397862824e-07
170 3.426014799287608e-08
180 6.852029598575216e-08
190 3.426014799287608e-08
200 2.3982103595013256e-07
300 5.139022198931413e-07
400 8.565036998219021e-07
500 1.5417066596794237e-06
600 1.0963247357720346e-06
700 5.515883826853049e-06
800 2.9532247569859183e-05
900 5.0944840065406736e-05
1000 0.0003211546272852204
2000 3.772042294015657e-05
3000 6.201086786710571e-06
4000 2.398210359501326e-06
5000 1.3704059197150432e-06
6000 1.4389262157007955e-06
7000 1.6444871036580519e-06
8000 1.5074465116865475e-06
9000 1.2333653277435389e-06
10000 6.852029598575216e-07
20000 0.0007373469051026791
40000 4.4538192390738904e-07
60000 3.083413319358847e-07
80000 2.7408118394300864e-07
100000 3.768616279216369e-07
46
1 1.3361457717221673e-06
10 2.398210359501326e-06
20 2.9463727273873432e-06
30 1.3669799049157557e-05
40 3.768616279216369e-07
50 3.426014799287608e-07
60 4.1112177591451296e-07
70 2.3982103595013256e-07
80 2.3982103595013256e-07
90 6.852029598575216e-08
100 1.0278044397862824e-07
110 6.852029598575216e-08
120 3.426014799287608e-08
130 3.426014799287608e-08
140 3.426014799287608e-08
170 3.426014799287608e-08
180 3.426014799287608e-08
200 3.426014799287608e-08
300 1.3704059197150432e-07
500 1.0278044397862824e-07
600 3.426014799287608e-08
700 8.565036998219021e-07
800 4.8992011629812794e-06
900 7.023330338539597e-06
1000 7.759923520386432e-05
2000 1.0072483509905568e-05
3000 1.2333653277435389e-06
4000 3.083413319358847e-07
5000 2.0556088795725648e-07
6000 4.4538192390738904e-07
7000 3.426014799287608e-07
8000 3.083413319358847e-07
9000 2.0556088795725648e-07
10000 2.3982103595013256e-07
20000 0.00019110310550426277
60000 3.426014799287608e-08
80000 6.852029598575216e-08
3
1 0.003381784948228805
10 0.0002078563178727792
20 9.630527600797466e-05
30 0.028290522766005383
40 2.3913583299027504e-05
50 1.3738319345143309e-05
60 3.617871628047714e-05
70 6.762953213793739e-05
80 8.09224695591733e-05
90 4.861515000189116e-05
100 3.1793417337389004e-05
110 2.3605241967091622e-05
120 2.5215468922756797e-05
130 2.8059061206165512e-05
140 5.6289423152295406e-05
150 3.593889524452701e-05
160 4.933461310974156e-05
170 2.682569587842197e-05
180 2.9703548309823563e-05
190 3.2238799261296394e-05
200 0.0002709292503276641
300 0.0007844546085928836
400 0.001076864971712081
500 0.0026845224162777913
600 0.006337339395278239
700 0.004590243148381523
800 0.003226243876341148
900 0.0012177769604067804
1000 0.010246011159489485
2000 0.00172129835545808
3000 0.000679310214402747
4000 0.0012955132362026161
5000 0.0002321810229477212
6000 0.00015564385233163603
7000 7.499546395640575e-05
8000 2.6003452326592944e-05
9000 2.326264048716286e-05
10000 1.2299393129442513e-05
20000 0.014133373111649163
40000 3.083413319358847e-07
60000 4.1112177591451296e-07
80000 3.083413319358847e-07
100000 3.768616279216369e-07
34
1 2.843592283408715e-06
10 4.488079387066767e-06
20 4.796420719002652e-06
30 2.1241291755583172e-05
40 7.194631078503977e-07
50 5.824225158788934e-07
60 5.824225158788934e-07
70 3.426014799287608e-07
80 2.3982103595013256e-07
90 1.3704059197150432e-07
100 6.852029598575216e-08
110 6.852029598575216e-08
120 3.426014799287608e-08
140 1.3704059197150432e-07
150 3.426014799287608e-08
160 6.852029598575216e-08
180 6.852029598575216e-08
200 1.713007399643804e-07
300 6.852029598575216e-07
400 3.5287952432662366e-06
500 8.599297146211896e-06
600 4.351038795095262e-06
700 2.398210359501326e-06
800 7.879834038361499e-06
900 1.4149441121057821e-05
1000 0.00019918850043058154
2000 1.50402049688726e-05
3000 2.398210359501326e-06
4000 3.1519336153445996e-06
5000 5.139022198931413e-07
6000 4.796420719002651e-07
7000 6.852029598575216e-07
8000 4.4538192390738904e-07
9000 2.7408118394300864e-07
10000 4.1112177591451296e-07
20000 0.0003116645662911937
40000 3.426014799287608e-08
60000 1.0278044397862824e-07
100000 6.852029598575216e-08
32
1 3.2547140593232276e-06
10 5.310322938895793e-06
20 4.6936402750240235e-06
30 2.247465708332671e-05
40 8.907638478147781e-07
50 6.509428118646456e-07
60 5.139022198931413e-07
70 5.139022198931413e-07
80 3.768616279216369e-07
100 1.0278044397862824e-07
110 3.426014799287608e-08
120 1.3704059197150432e-07
140 1.0278044397862824e-07
150 3.426014799287608e-08
170 3.426014799287608e-08
180 3.426014799287608e-08
200 1.713007399643804e-07
300 3.768616279216369e-07
400 9.592841438005302e-07
500 3.32323435530898e-06
600 2.4667306554870778e-06
700 2.055608879572565e-06
800 8.119655074311632e-06
900 1.8774561100096094e-05
1000 0.00021751767960677024
2000 2.0144967019811136e-05
3000 3.220453911330352e-06
4000 4.145477907138006e-06
5000 9.935442917934064e-07
6000 7.879834038361499e-07
7000 1.3018856237292912e-06
8000 8.222435518290259e-07
9000 1.0963247357720346e-06
10000 2.7408118394300864e-07
20000 0.00048269122507163114
40000 2.3982103595013256e-07
60000 6.852029598575216e-08
80000 1.3704059197150432e-07
100000 3.426014799287608e-08
1850
1 1.0278044397862824e-07
10 3.426014799287608e-08
20 1.0278044397862824e-07
30 6.852029598575216e-08
3000 6.852029598575216e-08
5000 3.426014799287608e-08
9000 3.426014799287608e-08
320
1 6.509428118646456e-07
10 1.0963247357720346e-06
20 3.5630553912591123e-06
30 3.768616279216369e-07
40 1.713007399643804e-07
60 6.852029598575216e-08
70 3.426014799287608e-08
80 2.0556088795725648e-07
100 3.426014799287608e-08
130 3.426014799287608e-08
150 3.426014799287608e-08
190 3.426014799287608e-08
300 3.426014799287608e-08
500 6.852029598575216e-08
1000 3.426014799287608e-08
2000 6.852029598575216e-08
3000 3.426014799287608e-08
4000 6.852029598575216e-08
5000 3.426014799287608e-08
6000 3.426014799287608e-08
8000 1.0278044397862824e-07
9000 3.426014799287608e-08
20000 5.68718456681743e-06
60000 3.426014799287608e-08
9
1 0.00021224161681586732
10 3.388328636495445e-05
20 1.6581911628552025e-05
30 0.0014026789791243325
40 1.3806839641129061e-05
50 6.989070190546721e-06
60 6.81776945058234e-06
70 3.014893023373095e-06
80 1.8500479916153084e-06
90 8.222435518290259e-07
100 6.166826638717694e-07
110 3.426014799287608e-07
120 5.824225158788934e-07
130 3.083413319358847e-07
140 4.1112177591451296e-07
150 4.1112177591451296e-07
160 2.7408118394300864e-07
170 3.083413319358847e-07
180 4.1112177591451296e-07
190 2.7408118394300864e-07
200 1.7815276956295562e-06
300 9.215979810083666e-06
400 2.3399681079134365e-05
500 6.0674722095383544e-05
600 0.00014245369535437875
700 9.592841438005302e-05
800 0.00018901323647669736
900 0.0002226224416577088
1000 0.0017811508340016347
2000 0.0001481066197732033
3000 4.7210483934183244e-05
4000 7.831869831171472e-05
5000 1.0483605285820082e-05
6000 1.014100380589132e-05
7000 7.023330338539597e-06
8000 5.241802642910041e-06
9000 4.4538192390738905e-06
10000 2.6037712474585823e-06
20000 0.002879531178653242
40000 1.713007399643804e-07
60000 2.3982103595013256e-07
80000 1.713007399643804e-07
100000 3.768616279216369e-07
1400
1 1.0278044397862824e-07
10 2.7408118394300864e-07
20 1.3704059197150432e-07
30 6.852029598575216e-08
110 3.426014799287608e-08
130 3.426014799287608e-08
8000 6.852029598575216e-08
20000 6.852029598575216e-08
38
1 1.9870885835868128e-06
10 3.5973155392519885e-06
20 3.871396723194997e-06
30 3.189619778136763e-05
40 3.426014799287608e-07
50 7.194631078503977e-07
60 6.852029598575216e-07
70 5.139022198931413e-07
80 3.083413319358847e-07
90 1.0278044397862824e-07
100 1.3704059197150432e-07
110 1.0278044397862824e-07
120 1.0278044397862824e-07
130 3.426014799287608e-08
140 6.852029598575216e-08
150 1.0278044397862824e-07
160 3.426014799287608e-08
190 1.0278044397862824e-07
200 1.3704059197150432e-07
300 3.426014799287608e-07
400 2.2269096195369453e-06
500 2.980632875380219e-06
600 1.7815276956295562e-06
700 1.5074465116865475e-06
800 4.659380127031147e-06
900 6.989070190546721e-06
1000 0.00018027689873851394
2000 1.3738319345143309e-05
3000 1.0620645877791584e-06
4000 1.1648450317577868e-06
5000 7.879834038361499e-07
6000 3.768616279216369e-07
7000 6.509428118646456e-07
8000 6.509428118646456e-07
9000 4.4538192390738904e-07
10000 2.0556088795725648e-07
20000 0.00029470579303472006
60000 3.426014799287608e-08
80000 1.0278044397862824e-07
22
1 5.793391025595345e-05
10 1.0791946617755965e-05
20 8.530776850226144e-06
30 9.123477410502901e-05
40 9.250239958076542e-07
50 1.4046660677079193e-06
60 1.267625475736415e-06
70 6.852029598575216e-07
80 6.852029598575216e-07
90 2.7408118394300864e-07
100 1.713007399643804e-07
110 1.3704059197150432e-07
120 1.3704059197150432e-07
130 6.852029598575216e-08
140 6.852029598575216e-08
150 2.0556088795725648e-07
160 1.713007399643804e-07
170 6.852029598575216e-08
180 6.852029598575216e-08
190 3.426014799287608e-08
200 1.713007399643804e-07
300 1.610226955665176e-06
400 2.569511099465706e-06
500 3.6315756872448646e-06
600 2.055608879572565e-06
700 3.2547140593232276e-06
800 1.0723426321770214e-05
900 2.089869027565441e-05
1000 0.0005233237605911822
2000 4.429837135478877e-05
3000 4.830680866995527e-06
4000 1.1682710465570744e-05
5000 1.8500479916153084e-06
6000 1.0620645877791584e-06
7000 1.199105179750663e-06
8000 1.267625475736415e-06
9000 1.4389262157007955e-06
10000 7.194631078503977e-07
20000 0.0008198110813215318
40000 1.3704059197150432e-07
80000 6.852029598575216e-08
5800
1 1.0278044397862824e-07
20 6.852029598575216e-08
20000 3.426014799287608e-08
28
1 6.954810042553845e-06
10 7.5714927064256144e-06
20 5.789965010796058e-06
30 3.772042294015657e-05
40 8.907638478147781e-07
50 1.3361457717221673e-06
60 9.935442917934064e-07
70 6.166826638717694e-07
80 7.194631078503977e-07
90 1.713007399643804e-07
100 6.852029598575216e-08
110 3.426014799287608e-08
130 6.852029598575216e-08
140 6.852029598575216e-08
150 1.0278044397862824e-07
160 1.0278044397862824e-07
170 1.3704059197150432e-07
180 3.426014799287608e-08
200 1.713007399643804e-07
300 2.7408118394300864e-07
400 1.713007399643804e-07
500 1.0620645877791584e-06
600 3.0834133193588473e-06
700 2.980632875380219e-06
800 8.839118182162029e-06
900 1.678747251650928e-05
1000 0.00022135481618197237
2000 1.949402420794649e-05
3000 3.939917019180749e-06
4000 6.8520295985752165e-06
5000 1.267625475736415e-06
6000 6.852029598575216e-07
7000 1.0963247357720346e-06
8000 9.592841438005302e-07
9000 8.222435518290259e-07
10000 4.1112177591451296e-07
20000 0.0005654637426224197
40000 2.7408118394300864e-07
60000 6.852029598575216e-08
80000 3.426014799287608e-08
100000 1.3704059197150432e-07
1600
1 1.713007399643804e-07
10 6.852029598575216e-08
20 1.3704059197150432e-07
40 3.426014799287608e-08
50 6.852029598575216e-08
60 3.426014799287608e-08
80 3.426014799287608e-08
130 3.426014799287608e-08
3000 3.426014799287608e-08
100
1 4.8992011629812794e-06
10 6.406647674667828e-06
20 7.742793446389994e-06
30 7.0918506345253486e-06
40 6.166826638717694e-07
50 4.4538192390738904e-07
60 9.592841438005302e-07
70 6.166826638717694e-07
80 3.768616279216369e-07
90 1.0278044397862824e-07
100 2.0556088795725648e-07
110 1.713007399643804e-07
120 3.426014799287608e-08
130 6.852029598575216e-08
140 1.3704059197150432e-07
150 1.0278044397862824e-07
160 6.852029598575216e-08
180 3.426014799287608e-08
190 3.426014799287608e-08
200 2.0556088795725648e-07
300 3.426014799287608e-08
400 1.3704059197150432e-07
500 6.852029598575216e-08
700 3.426014799287608e-08
800 1.0278044397862824e-07
900 1.0278044397862824e-07
1000 8.016874630333003e-06
2000 2.877852431401591e-06
3000 4.796420719002651e-07
4000 5.139022198931413e-07
5000 4.1112177591451296e-07
6000 6.166826638717694e-07
7000 3.768616279216369e-07
8000 5.481623678860173e-07
9000 6.852029598575216e-07
10000 3.083413319358847e-07
20000 0.00021683247664691272
40000 6.852029598575216e-08
60000 1.0278044397862824e-07
80000 6.852029598575216e-08
100000 6.852029598575216e-08
4
1 0.0018906462669868666
10 0.00013070246459282226
20 4.467523298271041e-05
30 0.015949537816899517
40 9.661361733991054e-06
50 5.789965010796058e-06
60 1.1854011205535125e-05
70 1.8397699472174456e-05
80 2.2577437527305338e-05
90 1.0483605285820082e-05
100 6.577948414632207e-06
110 5.550143974845925e-06
120 7.948354334347251e-06
130 9.901182769941187e-06
140 1.9356983615974985e-05
150 1.0346564693848577e-05
160 1.390962008510769e-05
170 7.77705359438287e-06
180 1.014100380589132e-05
190 1.0654906025784462e-05
200 9.089217262510025e-05
300 0.00041365702686598584
400 0.0007043543825855393
500 0.0012453563795410455
600 0.002644506563422112
700 0.0012873250608323188
800 0.0030382584443042365
900 0.0032453610389211727
1000 0.009691579184520772
2000 0.0008386199025696207
3000 0.000327629795255874
4000 0.0006214790845907721
5000 6.97536613134957e-05
6000 7.807887727576459e-05
7000 3.556203361660537e-05
8000 8.39373625825464e-06
9000 7.43445211445411e-06
10000 3.905656871187873e-06
20000 0.010210517646168865
40000 7.879834038361499e-07
60000 5.824225158788934e-07
80000 4.1112177591451296e-07
100000 3.083413319358847e-07
1650
1 1.713007399643804e-07
10 1.0278044397862824e-07
20 2.3982103595013256e-07
60 3.426014799287608e-08
70 3.426014799287608e-08
20000 3.426014799287608e-08
16200
10 3.426014799287608e-08
60 3.426014799287608e-08
20000 3.426014799287608e-08
260
1 1.0963247357720346e-06
10 1.4389262157007955e-06
20 3.1176734673517235e-06
30 4.4538192390738904e-07
40 2.0556088795725648e-07
50 1.0278044397862824e-07
60 1.0278044397862824e-07
70 6.852029598575216e-08
80 6.852029598575216e-08
90 6.852029598575216e-08
110 6.852029598575216e-08
120 6.852029598575216e-08
140 3.426014799287608e-08
150 3.426014799287608e-08
170 3.426014799287608e-08
700 3.426014799287608e-08
1000 3.426014799287608e-08
2000 1.0278044397862824e-07
3000 6.852029598575216e-08
4000 1.0278044397862824e-07
5000 6.852029598575216e-08
6000 1.3704059197150432e-07
7000 1.3704059197150432e-07
8000 6.852029598575216e-08
9000 3.426014799287608e-08
20000 2.1207031607590296e-05
60000 6.852029598575216e-08
650
1 5.481623678860173e-07
10 8.907638478147781e-07
20 2.055608879572565e-06
30 5.824225158788934e-07
40 1.0278044397862824e-07
50 6.852029598575216e-08
60 3.426014799287608e-08
70 2.0556088795725648e-07
80 6.852029598575216e-08
100 3.426014799287608e-08
110 3.426014799287608e-08
120 1.0278044397862824e-07
140 1.0278044397862824e-07
150 3.426014799287608e-08
1000 3.426014799287608e-08
3000 3.426014799287608e-08
4000 3.426014799287608e-08
5000 3.426014799287608e-08
6000 3.426014799287608e-08
20000 6.852029598575216e-08
100200
6000 3.426014799287608e-08
47400
6000 3.426014799287608e-08
25800
3000 3.426014799287608e-08
7000 3.426014799287608e-08
20000 6.852029598575216e-08
2550
1 1.0278044397862824e-07
10 3.426014799287608e-08
20000 3.426014799287608e-08
324800
90 3.426014799287608e-08
160200
20000 3.426014799287608e-08
35400
20000 3.426014799287608e-08
49200
20000 3.426014799287608e-08
23400
20000 3.426014799287608e-08
550
1 4.1112177591451296e-07
10 1.9185682876010605e-06
20 2.843592283408715e-06
30 3.426014799287608e-07
40 1.713007399643804e-07
50 3.426014799287608e-08
60 2.7408118394300864e-07
70 4.1112177591451296e-07
80 1.713007399643804e-07
90 1.3704059197150432e-07
100 6.852029598575216e-08
150 3.426014799287608e-08
300 3.426014799287608e-08
600 3.426014799287608e-08
3000 3.426014799287608e-08
4000 1.0278044397862824e-07
10000 3.426014799287608e-08
20000 4.967721458967032e-06
28800
3000 3.426014799287608e-08
750
1 4.4538192390738904e-07
10 8.565036998219021e-07
20 2.2269096195369453e-06
30 1.713007399643804e-07
40 3.426014799287608e-08
50 3.426014799287608e-08
60 1.3704059197150432e-07
70 1.3704059197150432e-07
80 1.3704059197150432e-07
90 3.426014799287608e-08
100 6.852029598575216e-08
110 3.426014799287608e-08
130 6.852029598575216e-08
3000 3.426014799287608e-08
6000 6.852029598575216e-08
20000 1.713007399643804e-07
13400
50 3.426014799287608e-08
70 3.426014799287608e-08
400 6.852029598575216e-08
900
1 2.7408118394300864e-07
10 6.166826638717694e-07
20 9.935442917934064e-07
30 1.3704059197150432e-07
40 6.852029598575216e-08
50 1.0278044397862824e-07
60 1.0278044397862824e-07
70 3.426014799287608e-08
80 1.713007399643804e-07
120 6.852029598575216e-08
140 6.852029598575216e-08
160 3.426014799287608e-08
4000 6.852029598575216e-08
7000 3.426014799287608e-08
9000 3.426014799287608e-08
20000 1.0963247357720346e-06
16600
10 3.426014799287608e-08
2350
1 3.426014799287608e-08
20 3.426014799287608e-08
30 3.426014799287608e-08
70 3.426014799287608e-08
6000 3.426014799287608e-08
2100
10 6.852029598575216e-08
20 6.852029598575216e-08
30 3.426014799287608e-08
60 3.426014799287608e-08
20000 3.426014799287608e-08
23000
20000 3.426014799287608e-08
600
1 6.166826638717694e-07
10 1.0963247357720346e-06
20 1.8500479916153084e-06
30 2.3982103595013256e-07
40 1.713007399643804e-07
50 1.3704059197150432e-07
60 1.3704059197150432e-07
70 3.426014799287608e-07
80 6.852029598575216e-08
90 3.426014799287608e-08
100 3.426014799287608e-08
110 3.426014799287608e-08
120 1.0278044397862824e-07
130 3.426014799287608e-08
150 3.426014799287608e-08
7000 3.426014799287608e-08
8000 3.426014799287608e-08
9000 6.852029598575216e-08
10000 3.426014799287608e-08
20000 3.083413319358847e-07
800
1 4.4538192390738904e-07
10 5.824225158788934e-07
20 2.124129175558317e-06
30 1.713007399643804e-07
40 1.0278044397862824e-07
50 3.426014799287608e-08
60 3.426014799287608e-08
70 1.713007399643804e-07
80 6.852029598575216e-08
90 3.426014799287608e-08
120 1.0278044397862824e-07
130 3.426014799287608e-08
300 3.426014799287608e-08
4000 6.852029598575216e-08
7000 3.426014799287608e-08
8000 3.426014799287608e-08
10000 3.426014799287608e-08
20000 2.021348731579689e-06
1000
1 3.768616279216369e-07
10 5.481623678860173e-07
20 5.824225158788934e-07
30 6.852029598575216e-08
40 6.852029598575216e-08
50 3.426014799287608e-08
70 6.852029598575216e-08
80 1.0278044397862824e-07
90 3.426014799287608e-08
100 3.426014799287608e-08
150 3.426014799287608e-08
3000 3.426014799287608e-08
20000 6.852029598575216e-08
60000 3.426014799287608e-08
3950
1 1.713007399643804e-07
20 3.426014799287608e-08
8000 3.426014799287608e-08
3450
30 3.426014799287608e-08
60 3.426014799287608e-08
80 3.426014799287608e-08
203600
50 3.426014799287608e-08
420
1 4.1112177591451296e-07
10 8.907638478147781e-07
20 2.021348731579689e-06
30 1.0278044397862824e-07
40 3.426014799287608e-08
50 3.426014799287608e-08
60 2.0556088795725648e-07
70 3.426014799287608e-08
80 1.3704059197150432e-07
90 6.852029598575216e-08
100 6.852029598575216e-08
110 3.426014799287608e-08
120 3.426014799287608e-08
130 3.426014799287608e-08
300 3.426014799287608e-08
3000 1.0278044397862824e-07
4000 6.852029598575216e-08
8000 3.426014799287608e-08
9000 3.426014799287608e-08
20000 3.0834133193588473e-06
1500
1 1.0278044397862824e-07
10 6.852029598575216e-08
20 3.426014799287608e-08
30 6.852029598575216e-08
90 3.426014799287608e-08
1000 3.426014799287608e-08
20000 3.426014799287608e-08
16
1 4.861515000189116e-05
10 1.97681053918895e-05
20 1.4217961417043573e-05
30 0.00039998722781682826
40 1.7472675476366803e-06
50 1.3361457717221673e-06
60 1.2333653277435389e-06
70 1.0278044397862825e-06
80 5.824225158788934e-07
90 1.713007399643804e-07
100 1.713007399643804e-07
110 3.426014799287608e-07
120 1.3704059197150432e-07
130 1.0278044397862824e-07
140 1.3704059197150432e-07
150 3.426014799287608e-08
160 3.426014799287608e-08
180 1.0278044397862824e-07
190 6.852029598575216e-08
200 2.3982103595013256e-07
300 2.7065516914372103e-06
400 4.590859831045395e-06
500 7.502972410439862e-06
600 1.0346564693848577e-05
700 8.290955814276012e-06
800 3.4465708880833336e-05
900 7.59204879522134e-05
1000 0.0015089882183462271
2000 6.780083287790177e-05
3000 1.0860466913741717e-05
4000 3.477405021276922e-05
5000 3.357494503301856e-06
6000 2.7065516914372103e-06
7000 3.014893023373095e-06
8000 2.2269096195369453e-06
9000 2.2954299155226975e-06
10000 1.3704059197150432e-06
20000 0.0017255808739571896
40000 5.139022198931413e-07
60000 3.768616279216369e-07
80000 2.3982103595013256e-07
100000 4.4538192390738904e-07
950
1 2.7408118394300864e-07
10 4.4538192390738904e-07
20 5.824225158788934e-07
30 2.0556088795725648e-07
60 1.3704059197150432e-07
70 1.0278044397862824e-07
80 6.852029598575216e-08
90 3.426014799287608e-08
4000 3.426014799287608e-08
8000 6.852029598575216e-08
9000 3.426014799287608e-08
20000 2.3982103595013256e-07
1700
1 6.852029598575216e-08
10 6.852029598575216e-08
20 2.7408118394300864e-07
60 3.426014799287608e-08
100 3.426014799287608e-08
400 3.426014799287608e-08
3000 3.426014799287608e-08
5000 3.426014799287608e-08
7000 3.426014799287608e-08
20000 1.0278044397862824e-07
14800
1 3.426014799287608e-08
5000 6.852029598575216e-08
700
1 4.1112177591451296e-07
10 5.824225158788934e-07
20 1.6444871036580519e-06
30 6.852029598575216e-08
40 6.852029598575216e-08
50 1.0278044397862824e-07
60 2.7408118394300864e-07
70 6.852029598575216e-08
80 3.426014799287608e-08
90 3.426014799287608e-08
110 3.426014799287608e-08
130 6.852029598575216e-08
140 3.426014799287608e-08
2000 3.426014799287608e-08
3000 6.852029598575216e-08
4000 3.426014799287608e-08
8000 1.0278044397862824e-07
20000 6.852029598575216e-07
60000 3.426014799287608e-08
220
1 1.6444871036580519e-06
10 1.0278044397862825e-06
20 3.220453911330352e-06
30 5.824225158788934e-07
40 2.7408118394300864e-07
50 1.0278044397862824e-07
60 2.0556088795725648e-07
70 1.3704059197150432e-07
80 1.0278044397862824e-07
90 1.0278044397862824e-07
100 1.713007399643804e-07
120 1.713007399643804e-07
140 3.426014799287608e-08
150 3.426014799287608e-08
160 1.0278044397862824e-07
200 3.426014799287608e-08
900 3.426014799287608e-08
1000 6.852029598575216e-08
2000 2.0556088795725648e-07
3000 1.0278044397862824e-07
4000 2.0556088795725648e-07
5000 1.0278044397862824e-07
6000 1.713007399643804e-07
7000 1.0278044397862824e-07
8000 1.713007399643804e-07
9000 3.426014799287608e-08
10000 3.426014799287608e-08
20000 1.3567018605178928e-05
400
1 5.139022198931413e-07
10 7.537232558432738e-07
20 2.3296900635155737e-06
30 1.0278044397862824e-07
40 1.3704059197150432e-07
50 1.713007399643804e-07
60 4.1112177591451296e-07
70 6.852029598575216e-08
80 6.852029598575216e-08
90 3.426014799287608e-08
100 6.852029598575216e-08
110 6.852029598575216e-08
120 2.0556088795725648e-07
130 6.852029598575216e-08
140 2.0556088795725648e-07
180 3.426014799287608e-08
1000 3.426014799287608e-08
2000 3.426014799287608e-08
3000 3.426014799287608e-08
4000 1.0278044397862824e-07
5000 6.852029598575216e-08
6000 3.426014799287608e-08
7000 1.0278044397862824e-07
8000 3.426014799287608e-08
9000 3.426014799287608e-08
20000 3.0834133193588473e-06
80000 3.426014799287608e-08
2400
1 1.3704059197150432e-07
10 1.0278044397862824e-07
20 1.3704059197150432e-07
30 3.426014799287608e-08
5000 3.426014799287608e-08
21600
1 3.426014799287608e-08
16400
1 3.426014799287608e-08
20000 3.426014799287608e-08
380
1 5.139022198931413e-07
10 6.509428118646456e-07
20 2.4324705074942016e-06
30 4.796420719002651e-07
50 1.0278044397862824e-07
60 1.713007399643804e-07
70 1.0278044397862824e-07
80 1.3704059197150432e-07
90 6.852029598575216e-08
100 6.852029598575216e-08
120 1.0278044397862824e-07
140 3.426014799287608e-08
2000 6.852029598575216e-08
3000 1.0278044397862824e-07
4000 3.426014799287608e-08
5000 6.852029598575216e-08
7000 1.0278044397862824e-07
8000 3.426014799287608e-08
9000 3.426014799287608e-08
20000 3.734356131223493e-06
100000 3.426014799287608e-08
10800
1 3.426014799287608e-08
6000 3.426014799287608e-08
8000 6.852029598575216e-08
20000 3.426014799287608e-08
850
1 2.0556088795725648e-07
10 6.509428118646456e-07
20 1.7472675476366803e-06
30 3.426014799287608e-08
40 3.426014799287608e-08
60 1.0278044397862824e-07
70 6.852029598575216e-08
90 3.426014799287608e-08
110 3.426014799287608e-08
300 3.426014799287608e-08
3000 6.852029598575216e-08
4000 3.426014799287608e-08
8000 3.426014799287608e-08
9000 3.426014799287608e-08
20000 2.500990803479954e-06
1250
1 1.0278044397862824e-07
10 2.7408118394300864e-07
20 4.1112177591451296e-07
30 1.3704059197150432e-07
60 1.0278044397862824e-07
70 6.852029598575216e-08
80 6.852029598575216e-08
3000 3.426014799287608e-08
29400
1 3.426014799287608e-08
8000 3.426014799287608e-08
8400
1 3.426014799287608e-08
50 3.426014799287608e-08
3000 3.426014799287608e-08
5000 3.426014799287608e-08
14600
80 6.852029598575216e-08
14400
40 6.852029598575216e-08
60 3.426014799287608e-08
1750
1 1.0278044397862824e-07
10 6.852029598575216e-08
20 1.713007399643804e-07
60 3.426014799287608e-08
130 3.426014799287608e-08
6000 3.426014799287608e-08
20000 1.3704059197150432e-07
2500
1 3.426014799287608e-08
20 1.3704059197150432e-07
50 3.426014799287608e-08
90 3.426014799287608e-08
110 3.426014799287608e-08
5000 3.426014799287608e-08
20000 3.426014799287608e-08
32600
8000 3.426014799287608e-08
30
1 4.830680866995527e-06
10 6.098306342731942e-06
20 5.515883826853049e-06
30 2.9223906237923298e-05
40 8.907638478147781e-07
50 7.537232558432738e-07
60 7.879834038361499e-07
70 4.4538192390738904e-07
80 3.083413319358847e-07
90 2.3982103595013256e-07
100 6.852029598575216e-08
120 3.426014799287608e-08
140 1.3704059197150432e-07
150 3.426014799287608e-08
160 1.0278044397862824e-07
180 6.852029598575216e-08
190 1.0278044397862824e-07
200 1.0278044397862824e-07
300 4.4538192390738904e-07
400 2.7408118394300864e-07
500 1.3704059197150432e-06
600 3.1176734673517235e-06
700 2.2611697675298214e-06
800 7.742793446389994e-06
900 1.671895222052353e-05
1000 0.0003152276216824528
2000 3.515091184069086e-05
3000 3.220453911330352e-06
4000 5.139022198931412e-06
5000 1.0620645877791584e-06
6000 7.879834038361499e-07
7000 6.509428118646456e-07
8000 8.222435518290259e-07
9000 9.250239958076542e-07
10000 2.7408118394300864e-07
20000 0.0005350407312047458
40000 3.426014799287608e-08
60000 3.426014799287608e-08
80000 6.852029598575216e-08
100000 6.852029598575216e-08
1450
1 2.0556088795725648e-07
10 1.3704059197150432e-07
20 1.713007399643804e-07
60 3.426014799287608e-08
90 6.852029598575216e-08
6000 3.426014799287608e-08
20000 3.426014799287608e-08
1150
1 2.0556088795725648e-07
10 3.768616279216369e-07
20 5.139022198931413e-07
30 1.0278044397862824e-07
40 3.426014799287608e-08
50 3.426014799287608e-08
60 6.852029598575216e-08
110 3.426014799287608e-08
3000 3.426014799287608e-08
5000 1.0278044397862824e-07
1100
1 1.3704059197150432e-07
10 5.824225158788934e-07
20 6.509428118646456e-07
30 2.3982103595013256e-07
40 6.852029598575216e-08
50 3.426014799287608e-08
60 3.426014799287608e-08
70 3.426014799287608e-08
90 3.426014799287608e-08
100 3.426014799287608e-08
110 3.426014799287608e-08
140 3.426014799287608e-08
3000 3.426014799287608e-08
20000 3.426014799287608e-08
160
1 2.6380313954514584e-06
10 2.6037712474585823e-06
20 3.871396723194997e-06
30 1.1648450317577868e-06
40 3.768616279216369e-07
50 2.7408118394300864e-07
60 4.1112177591451296e-07
70 6.852029598575216e-08
80 2.7408118394300864e-07
90 6.852029598575216e-08
100 3.426014799287608e-08
110 3.426014799287608e-08
130 3.426014799287608e-08
140 6.852029598575216e-08
170 3.426014799287608e-08
300 1.0278044397862824e-07
400 6.852029598575216e-08
800 3.426014799287608e-08
900 6.852029598575216e-08
1000 1.0278044397862824e-07
2000 2.3982103595013256e-07
3000 3.083413319358847e-07
4000 3.426014799287608e-08
5000 3.083413319358847e-07
6000 2.7408118394300864e-07
7000 1.713007399643804e-07
8000 6.852029598575216e-08
9000 1.3704059197150432e-07
10000 1.713007399643804e-07
20000 5.724870729609593e-05
40000 3.426014799287608e-08
60000 3.426014799287608e-08
80000 6.852029598575216e-08
100000 1.0278044397862824e-07
360
1 4.4538192390738904e-07
10 7.879834038361499e-07
20 2.7750719874229626e-06
30 3.083413319358847e-07
40 1.3704059197150432e-07
50 2.0556088795725648e-07
60 3.426014799287608e-08
70 6.852029598575216e-08
80 1.3704059197150432e-07
100 6.852029598575216e-08
120 3.426014799287608e-08
140 3.426014799287608e-08
150 3.426014799287608e-08
2000 3.426014799287608e-08
3000 3.426014799287608e-08
4000 3.426014799287608e-08
5000 6.852029598575216e-08
7000 3.426014799287608e-08
8000 3.426014799287608e-08
20000 5.789965010796058e-06
22800
20000 3.426014799287608e-08
20000
8000 3.426014799287608e-08
200
1 1.8843081396081846e-06
10 1.8843081396081846e-06
20 3.2547140593232276e-06
30 6.509428118646456e-07
40 2.3982103595013256e-07
50 2.3982103595013256e-07
60 4.796420719002651e-07
70 1.3704059197150432e-07
80 2.0556088795725648e-07
90 3.426014799287608e-08
120 3.426014799287608e-08
140 3.426014799287608e-08
200 3.426014799287608e-08
300 3.426014799287608e-08
400 3.426014799287608e-08
500 3.426014799287608e-08
1000 1.3704059197150432e-07
2000 3.426014799287608e-08
3000 2.3982103595013256e-07
4000 2.3982103595013256e-07
5000 1.0278044397862824e-07
6000 1.0278044397862824e-07
7000 1.713007399643804e-07
8000 1.3704059197150432e-07
9000 1.713007399643804e-07
10000 6.852029598575216e-08
20000 2.055608879572565e-05
60000 1.3704059197150432e-07
80000 3.426014799287608e-08
21400
20000 3.426014799287608e-08
4650
10 3.426014799287608e-08
5000 3.426014799287608e-08
8000 3.426014799287608e-08
47200
6000 3.426014799287608e-08
3850
1 6.852029598575216e-08
10 3.426014799287608e-08
20 3.426014799287608e-08
100 3.426014799287608e-08
3250
10 6.852029598575216e-08
20 6.852029598575216e-08
80 3.426014799287608e-08
14000
80 3.426014799287608e-08
8000 3.426014799287608e-08
26000
3000 3.426014799287608e-08
5200
1 6.852029598575216e-08
20 3.426014799287608e-08
40 3.426014799287608e-08
60 1.0278044397862824e-07
70 3.426014799287608e-08
3000 3.426014799287608e-08
20000 1.0278044397862824e-07
9400
70 3.426014799287608e-08
5000 3.426014799287608e-08
3100
10 3.426014799287608e-08
20 6.852029598575216e-08
8000 3.426014799287608e-08
50
1 6.509428118646456e-07
10 1.4046660677079193e-06
20 8.222435518290259e-07
30 7.365931818468358e-06
40 3.426014799287608e-08
50 6.852029598575216e-08
60 1.3704059197150432e-07
70 1.0278044397862824e-07
80 3.426014799287608e-08
90 3.426014799287608e-08
100 6.852029598575216e-08
120 3.426014799287608e-08
200 6.852029598575216e-08
300 6.852029598575216e-08
400 3.426014799287608e-08
500 1.3704059197150432e-07
600 6.852029598575216e-08
700 3.768616279216369e-07
800 2.877852431401591e-06
900 5.789965010796058e-06
1000 3.8679707083957093e-05
2000 7.674273150404242e-06
3000 1.4731863636936716e-06
4000 1.713007399643804e-07
5000 1.3704059197150432e-07
6000 6.852029598575216e-08
7000 1.3704059197150432e-07
8000 2.7408118394300864e-07
9000 1.713007399643804e-07
10000 1.0278044397862824e-07
20000 7.26315137448973e-05
60000 6.852029598575216e-08
159600
1 3.426014799287608e-08
3550
20 6.852029598575216e-08
50 3.426014799287608e-08
20000 3.426014799287608e-08
1050
1 2.3982103595013256e-07
10 5.824225158788934e-07
20 6.166826638717694e-07
30 1.0278044397862824e-07
40 3.426014799287608e-08
50 6.852029598575216e-08
60 6.852029598575216e-08
70 1.0278044397862824e-07
80 6.852029598575216e-08
130 3.426014799287608e-08
3000 3.426014799287608e-08
8000 1.0278044397862824e-07
20000 3.426014799287608e-08
60000 3.426014799287608e-08
5400
1 1.0278044397862824e-07
20 6.852029598575216e-08
3000 3.426014799287608e-08
20000 1.0278044397862824e-07
4900
100 3.426014799287608e-08
24200
20000 3.426014799287608e-08
6000
1 3.426014799287608e-08
10 3.426014799287608e-08
20 1.0278044397862824e-07
20000 6.852029598575216e-08
460
1 3.768616279216369e-07
10 4.1112177591451296e-07
20 1.610226955665176e-06
30 1.3704059197150432e-07
40 6.852029598575216e-08
50 3.426014799287608e-08
60 1.3704059197150432e-07
70 3.426014799287608e-08
80 6.852029598575216e-08
120 3.426014799287608e-08
130 3.426014799287608e-08
170 3.426014799287608e-08
3000 3.426014799287608e-08
6000 3.426014799287608e-08
8000 3.426014799287608e-08
20000 3.905656871187873e-06
180
1 1.6444871036580519e-06
10 2.3296900635155737e-06
20 3.6658358352377407e-06
30 8.565036998219021e-07
40 3.426014799287608e-07
50 4.4538192390738904e-07
60 3.426014799287608e-07
70 2.7408118394300864e-07
80 1.713007399643804e-07
90 1.0278044397862824e-07
100 1.0278044397862824e-07
110 6.852029598575216e-08
130 3.426014799287608e-08
140 3.426014799287608e-08
150 3.426014799287608e-08
160 1.0278044397862824e-07
170 6.852029598575216e-08
180 3.426014799287608e-08
200 1.0278044397862824e-07
300 1.0278044397862824e-07
400 3.426014799287608e-08
500 3.426014799287608e-08
900 3.426014799287608e-08
1000 1.3704059197150432e-07
2000 1.713007399643804e-07
3000 2.3982103595013256e-07
4000 3.426014799287608e-07
5000 1.3704059197150432e-07
6000 2.0556088795725648e-07
7000 3.426014799287608e-08
8000 1.0278044397862824e-07
9000 2.0556088795725648e-07
10000 6.852029598575216e-08
20000 3.426014799287608e-05
40000 3.426014799287608e-08
60000 1.3704059197150432e-07
3050
1 3.426014799287608e-08
20 1.3704059197150432e-07
70 6.852029598575216e-08
8000 3.426014799287608e-08
51600
10 3.426014799287608e-08
8600
1 6.852029598575216e-08
20 6.852029598575216e-08
20000 3.426014799287608e-08
8800
1 1.0278044397862824e-07
10 3.426014799287608e-08
8000 3.426014799287608e-08
6600
20 3.426014799287608e-08
30 3.426014799287608e-08
5000 3.426014799287608e-08
480
1 4.1112177591451296e-07
10 6.166826638717694e-07
20 1.5074465116865475e-06
30 1.3704059197150432e-07
50 3.426014799287608e-08
60 3.426014799287608e-08
70 6.852029598575216e-08
80 3.426014799287608e-08
90 3.426014799287608e-08
3000 3.426014799287608e-08
4000 6.852029598575216e-08
6000 3.426014799287608e-08
8000 3.426014799287608e-08
10000 3.426014799287608e-08
20000 3.1519336153445996e-06
27200
20000 3.426014799287608e-08
27000
1 3.426014799287608e-08
8000 3.426014799287608e-08
3150
10 3.426014799287608e-08
20 6.852029598575216e-08
5000 3.426014799287608e-08
3000
1 3.426014799287608e-08
10 3.426014799287608e-08
20 1.0278044397862824e-07
80 3.426014799287608e-08
8000 3.426014799287608e-08
2950
10 6.852029598575216e-08
20 2.0556088795725648e-07
20000 3.426014799287608e-08
10600
1 3.426014799287608e-08
8000 3.426014799287608e-08
2200
1 1.0278044397862824e-07
10 6.852029598575216e-08
20 6.852029598575216e-08
30 6.852029598575216e-08
20000 6.852029598575216e-08
2800
1 3.426014799287608e-08
10 1.0278044397862824e-07
20 3.426014799287608e-08
60 3.426014799287608e-08
70 3.426014799287608e-08
5000 6.852029598575216e-08
8000 6.852029598575216e-08
3300
20 6.852029598575216e-08
40 3.426014799287608e-08
2000 3.426014799287608e-08
2450
1 1.3704059197150432e-07
10 1.0278044397862824e-07
30 6.852029598575216e-08
70 6.852029598575216e-08
120 3.426014799287608e-08
1000 3.426014799287608e-08
2300
20 6.852029598575216e-08
30 3.426014799287608e-08
60 3.426014799287608e-08
20000 6.852029598575216e-08
4850
1 6.852029598575216e-08
10 3.426014799287608e-08
50 3.426014799287608e-08
20000 3.426014799287608e-08
4350
1 3.426014799287608e-08
10 3.426014799287608e-08
20 3.426014799287608e-08
110 3.426014799287608e-08
8000 3.426014799287608e-08
4300
1 6.852029598575216e-08
10 3.426014799287608e-08
2850
1 3.426014799287608e-08
10 3.426014799287608e-08
20 1.0278044397862824e-07
3400
1 3.426014799287608e-08
10 6.852029598575216e-08
2750
1 1.3704059197150432e-07
10 1.0278044397862824e-07
20 3.426014799287608e-08
30 6.852029598575216e-08
8000 3.426014799287608e-08
1900
1 1.3704059197150432e-07
20 2.0556088795725648e-07
30 3.426014799287608e-08
400 3.426014799287608e-08
6000 3.426014799287608e-08
20000 6.852029598575216e-08
102000
10 3.426014799287608e-08
18600
20000 3.426014799287608e-08
2050
1 6.852029598575216e-08
10 3.426014799287608e-08
20 3.426014799287608e-08
70 3.426014799287608e-08
130 3.426014799287608e-08
140 3.426014799287608e-08
6800
400 3.426014799287608e-08
2000 3.426014799287608e-08
43000
60 3.426014799287608e-08
43400
8000 3.426014799287608e-08
105200
10 3.426014799287608e-08
17600
20000 6.852029598575216e-08
12600
1 6.852029598575216e-08
6200
1 3.426014799287608e-08
20 3.426014799287608e-08
44400
60 3.426014799287608e-08
12200
1 3.426014799287608e-08
9600
1 6.852029598575216e-08
40 3.426014799287608e-08
13200
30 3.426014799287608e-08
10200
30 3.426014799287608e-08
10400
1 3.426014799287608e-08
80 3.426014799287608e-08
20000 3.426014799287608e-08
7200
1 3.426014799287608e-08
10 3.426014799287608e-08
20 3.426014799287608e-08
8000 3.426014799287608e-08
20000 6.852029598575216e-08
1550
1 6.852029598575216e-08
20 1.3704059197150432e-07
30 6.852029598575216e-08
50 3.426014799287608e-08
8000 3.426014799287608e-08
20000 3.426014799287608e-08
4750
20 3.426014799287608e-08
5000
1 1.0278044397862824e-07
20 3.426014799287608e-08
20000 1.0278044397862824e-07
4700
20 3.426014799287608e-08
20000 3.426014799287608e-08
1800
1 6.852029598575216e-08
10 3.426014799287608e-08
20 1.0278044397862824e-07
100 3.426014799287608e-08
140 3.426014799287608e-08
4000 3.426014799287608e-08
7000 3.426014799287608e-08
20000 6.852029598575216e-08
2250
1 3.426014799287608e-08
10 6.852029598575216e-08
20 1.0278044397862824e-07
20000 3.426014799287608e-08
3600
1 6.852029598575216e-08
20 6.852029598575216e-08
8000 3.426014799287608e-08
3700
1 6.852029598575216e-08
800 3.426014799287608e-08
7000
1 3.426014799287608e-08
20 1.0278044397862824e-07
400 3.426014799287608e-08
2000 3.426014799287608e-08
5000 3.426014799287608e-08
20000 6.852029598575216e-08
73000
1 3.426014799287608e-08
74600
400 3.426014799287608e-08
4100
10 3.426014799287608e-08
20000 3.426014799287608e-08
4150
1 3.426014799287608e-08
10 1.3704059197150432e-07
2700
10 3.426014799287608e-08
18400
40 3.426014799287608e-08
4800
1 3.426014799287608e-08
7000 3.426014799287608e-08
5600
1 1.0278044397862824e-07
10 3.426014799287608e-08
20 3.426014799287608e-08
5000 3.426014799287608e-08
20000 6.852029598575216e-08
15200
5000 3.426014799287608e-08
6000 3.426014799287608e-08
20000 3.426014799287608e-08
8000
20 3.426014799287608e-08
3500
1 6.852029598575216e-08
20 6.852029598575216e-08
3000 3.426014799287608e-08
7400
1 6.852029598575216e-08
80 3.426014799287608e-08
5000 3.426014799287608e-08
20000 3.426014799287608e-08
2600
1 3.426014799287608e-08
20 6.852029598575216e-08
60 3.426014799287608e-08
3000 3.426014799287608e-08
8000 3.426014799287608e-08
3750
5000 3.426014799287608e-08
20000 3.426014799287608e-08
15600
20000 3.426014799287608e-08
3650
1 3.426014799287608e-08
60 3.426014799287608e-08
3800
1 6.852029598575216e-08
50 3.426014799287608e-08
8000 6.852029598575216e-08
20000 3.426014799287608e-08
2000
1 1.0278044397862824e-07
10 3.426014799287608e-08
20 1.0278044397862824e-07
70 3.426014799287608e-08
80 3.426014799287608e-08
40000 3.426014799287608e-08
30400
8000 3.426014799287608e-08
4400
1 6.852029598575216e-08
20 3.426014799287608e-08
30 3.426014799287608e-08
20000 3.426014799287608e-08
2650
1 6.852029598575216e-08
20 1.3704059197150432e-07
4000 3.426014799287608e-08
5000 3.426014799287608e-08
8000 3.426014799287608e-08
16000
1 3.426014799287608e-08
5000 3.426014799287608e-08
33600
20000 3.426014799287608e-08
4000
1 1.0278044397862824e-07
20 6.852029598575216e-08
2900
1 3.426014799287608e-08
20 6.852029598575216e-08
24400
20000 3.426014799287608e-08
17800
1 3.426014799287608e-08
40800
20000 3.426014799287608e-08
11200
10 3.426014799287608e-08
6000 3.426014799287608e-08
7800
1 3.426014799287608e-08
8000 3.426014799287608e-08
20000 6.852029598575216e-08
9200
1 6.852029598575216e-08
8000 3.426014799287608e-08
16800
8000 3.426014799287608e-08
3900
1 3.426014799287608e-08
8000 3.426014799287608e-08
12000
20 3.426014799287608e-08
6000 3.426014799287608e-08
20000 3.426014799287608e-08
6400
1 6.852029598575216e-08
20 3.426014799287608e-08
6000 3.426014799287608e-08
20000 3.426014799287608e-08
4450
1 1.0278044397862824e-07
3000 3.426014799287608e-08
25200
5000 3.426014799287608e-08
12400
1 6.852029598575216e-08
11800
20000 6.852029598575216e-08
9000
8000 3.426014799287608e-08
20000 3.426014799287608e-08
15000
20000 3.426014799287608e-08
27600
1 3.426014799287608e-08
4600
10 3.426014799287608e-08
22400
1 6.852029598575216e-08
4550
8000 3.426014799287608e-08
20000 6.852029598575216e-08
7600
1 3.426014799287608e-08
20000 3.426014799287608e-08
13600
20000 3.426014799287608e-08
3350
1 6.852029598575216e-08
6000 3.426014799287608e-08
4050
1 6.852029598575216e-08
28600
1 3.426014799287608e-08
58400
20000 3.426014799287608e-08
4500
8000 3.426014799287608e-08
11400
10 3.426014799287608e-08
28000
5000 3.426014799287608e-08
133400
1 3.426014799287608e-08
131200
1 3.426014799287608e-08
21000
1 3.426014799287608e-08
63800
1 3.426014799287608e-08
23600
1 3.426014799287608e-08
13800
1 3.426014799287608e-08
9800
1 3.426014799287608e-08
11600
1 3.426014799287608e-08
19600
1 3.426014799287608e-08
20800
1 3.426014799287608e-08
10000
1 3.426014799287608e-08
15400
1 3.426014799287608e-08
