1
1 0.028301398332029912
10 0.00017105017540780415
20 0.17040798658728432
30 0.057995093113215636
40 0.00037359033737836676
50 0.000489633965745455
60 0.0023525391804317185
70 0.007280823006947529
80 0.006124650992290353
90 0.0031434223044886907
100 0.002027924855808411
110 0.0008649653360347435
120 0.0009341777023341398
130 0.0014715765275053173
140 0.0023397211410295703
150 0.0015330425589691631
160 0.0017826158418956406
170 0.000926835085275035
180 0.0009457593560459235
190 0.0008954712605174158
200 0.011681523396731995
300 0.01316876922043561
400 0.018769646862509825
500 0.02886854611085293
600 0.055052091452371166
700 0.02481100583104724
800 0.01941519158704637
900 0.017029446619502002
1000 0.10153825051828531
2000 0.025580744236562872
3000 0.015003893605630208
4000 0.014747305726337987
5000 0.002564289154177447
6000 0.0016681113875512514
7000 0.00043301254759895667
8000 4.693219151180347e-06
9000 5.046472205570266e-08
2
1 0.0007697636378766605
10 1.975693868480759e-05
20 0.041757135194435274
30 0.014102568437354331
40 1.6173943418852702e-05
50 2.0614838959754535e-05
60 8.208087042360037e-05
70 0.00023037145618428264
80 0.00023223865090034364
90 0.00015997316891657742
100 0.00010665719006472757
110 4.8547062617585956e-05
120 5.200389607840159e-05
130 6.767319227669726e-05
140 0.000109129961445457
150 7.483918280860704e-05
160 0.00011018972060862675
170 6.27781142372941e-05
180 6.896004268911768e-05
190 6.84301631075328e-05
200 0.0007971155172308513
300 0.000958577395448072
400 0.0019299223655762367
500 0.004678761008311388
600 0.011678697372296876
700 0.004433805247453008
800 0.0032288086142069398
900 0.0033023104818810703
1000 0.02103531102392265
2000 0.003218740902156827
3000 0.0012163259633475732
4000 0.002183406664462031
5000 0.00040243092603320087
6000 0.00031580823062458724
7000 7.746334835550358e-05
8000 5.298795815848779e-07
3
1 0.0008243412347799029
10 1.7082308415855348e-05
20 0.03350287293139427
30 0.013050429447214986
40 1.236385690364715e-05
50 1.3448848427844758e-05
60 6.0078251607314014e-05
70 0.00018106742273586113
80 0.00016375802307075512
90 9.843144036964803e-05
100 6.603308880988693e-05
110 3.1590916006869864e-05
120 3.469449641329558e-05
130 4.705835331694273e-05
140 7.143281406984711e-05
150 4.337442860687643e-05
160 5.836245105742012e-05
170 3.565332613235393e-05
180 3.9564342091670884e-05
190 4.027084820045072e-05
200 0.0004799195067497323
300 0.0006251822091870723
400 0.0014733932574993226
500 0.003663511729994762
600 0.009924821189611958
700 0.003674538271763933
800 0.0029224372866067687
900 0.0034576408963685233
1000 0.017712612794331076
2000 0.0033510846357479073
3000 0.0012527867250328184
4000 0.0021260030431236696
5000 0.00037412021695995166
6000 0.000290727263762903
7000 7.289629100946249e-05
8000 4.794148595291753e-07
42800
1 2.523236102785133e-08
70800
1 2.523236102785133e-08
2900
1 7.569708308355398e-08
4
1 6.757226283258586e-05
10 9.992014967029127e-06
20 0.018895985294176274
30 0.007923617404132041
40 4.062410125484064e-06
50 3.759621793149848e-06
60 1.274234231906492e-05
70 4.054840417175708e-05
80 3.502251710665764e-05
90 1.894950313191635e-05
100 1.3120827734482691e-05
110 6.5604138672413454e-06
120 1.0673288714781111e-05
130 1.4786163562320879e-05
140 2.0438212432559577e-05
150 1.367593967709542e-05
160 1.99587975730304e-05
170 1.2868504124204178e-05
180 1.3019898290371285e-05
190 1.4331981063819554e-05
200 0.0001633038405722538
300 0.00026006994511406365
400 0.0006497837611892274
500 0.0017764843781658728
600 0.005379413209332764
700 0.0019019901419184053
800 0.0016208511753460857
900 0.0020285556648341075
1000 0.009434707809006973
2000 0.0016086387126086057
3000 0.0006165275093545194
4000 0.0011943485768923148
5000 0.00022159059454659037
6000 0.00017803953941251897
7000 4.554441165527165e-05
8000 5.046472205570265e-07
1500
1 7.569708308355398e-08
1000
1 2.775559713063646e-07
220
1 4.289501374734726e-07
400
1 2.0185888822281064e-07
650
1 4.289501374734726e-07
5
1 2.2835286730205453e-05
10 4.440895540901834e-06
20 0.00944861083993332
30 0.004787310625453204
40 1.5644063837267824e-06
50 1.009294441114053e-06
60 4.239036652679023e-06
70 1.082468288094822e-05
80 8.579002749469452e-06
90 4.18857193062332e-06
100 3.734389432121997e-06
110 1.993356521200255e-06
120 3.6586923490384425e-06
130 5.6268165092108465e-06
140 7.645405391438953e-06
150 4.819380956319604e-06
160 7.822031918633912e-06
170 5.0969369276259684e-06
180 5.652048870238698e-06
190 5.853907758461508e-06
200 6.901050741117339e-05
300 0.00011210738004674345
400 0.0002708189309119283
500 0.0007570212955575955
600 0.002433257503359815
700 0.0008802561468176215
800 0.0009028895746596041
900 0.001203810712277759
1000 0.005372196754078799
2000 0.0008399852986171707
3000 0.0003382902643004028
4000 0.0007153122027785574
5000 0.00011755757002875934
6000 0.0001091804261675127
7000 2.755373824241365e-05
8000 2.0185888822281064e-07
9000 2.523236102785133e-08
440
1 2.775559713063646e-07
3900
1 2.523236102785133e-08
1200
1 2.5232361027851327e-07
1050
1 2.5232361027851327e-07
6
1 1.3575010232984015e-05
10 2.977418601286457e-06
20 0.00525486627529929
30 0.0031714049928685778
40 6.812737477519859e-07
50 5.046472205570265e-07
60 1.7410329109217418e-06
70 3.6334599880105914e-06
80 3.2045098505371188e-06
90 1.6653358278381876e-06
100 1.7158005498938903e-06
110 1.1606886072811612e-06
120 2.3466095755901734e-06
130 2.8764891571750515e-06
140 3.2802069336206727e-06
150 2.826024435119349e-06
160 3.835318876233402e-06
170 2.8512567961472e-06
180 3.2549745725928213e-06
190 3.002650962314308e-06
200 3.3104857668540945e-05
300 5.684850939574904e-05
400 0.00013514452566517173
500 0.00037255581057622485
600 0.001200252949372832
700 0.0004548637722490759
800 0.0005921278162405872
900 0.0008001434005541935
1000 0.0035181985628353666
2000 0.0005440349361215025
3000 0.00022519882217357311
4000 0.0004689181973415891
5000 8.271167944929666e-05
6000 6.16426579910408e-05
7000 1.6577661195298322e-05
8000 1.766265271949593e-07
7
1 9.86585316188987e-06
10 1.942891799144552e-06
20 0.0031410252301910446
30 0.0022323826772170908
40 2.5232361027851327e-07
50 4.5418249850132393e-07
60 7.569708308355398e-07
70 1.0597591631697558e-06
80 8.831326359747965e-07
90 5.803443036405806e-07
100 6.560413867241345e-07
110 7.065061087798372e-07
120 9.588297190583506e-07
130 1.5644063837267824e-06
140 2.069053604283809e-06
150 1.1606886072811612e-06
160 1.8671947160609984e-06
170 1.1859209683090124e-06
180 1.6148711057824851e-06
190 1.4382445785875257e-06
200 1.6098246335769146e-05
300 2.8512567961472003e-05
400 6.941422518761901e-05
500 0.00017001564860566227
600 0.0005184493220392613
700 0.0002310527299320346
800 0.00038360758470642374
900 0.0005504439558225768
1000 0.0024626532039572616
2000 0.0003283234816944015
3000 0.00012646459347159087
4000 0.0003405611767929094
5000 5.770640967069599e-05
6000 5.334121121287771e-05
7000 1.2439553986730705e-05
8000 1.0092944411140532e-07
500
1 5.551119426127292e-07
1450
1 1.5139416616710796e-07
280
1 3.784854154177699e-07
700
1 3.027883323342159e-07
2250
1 1.2616180513925663e-07
8400
1 5.046472205570266e-08
32
1 5.551119426127292e-07
20 5.059088386084191e-05
30 1.0017247328056977e-05
200 2.523236102785133e-08
300 2.523236102785133e-08
400 5.046472205570266e-08
500 5.046472205570266e-08
600 4.289501374734726e-07
700 2.069053604283809e-06
800 1.3751636760178974e-05
900 2.0942859653116602e-05
1000 1.6249640501936255e-05
2000 5.752978314350103e-06
3000 2.5737008248408357e-06
4000 1.826822938416436e-05
5000 5.046472205570265e-07
6000 7.569708308355398e-08
186800
1 2.523236102785133e-08
10200
1 5.046472205570266e-08
380
1 1.766265271949593e-07
9600
1 7.569708308355398e-08
40800
1 5.046472205570266e-08
240
1 5.551119426127292e-07
33400
1 2.523236102785133e-08
15200
1 2.523236102785133e-08
800
1 2.775559713063646e-07
14200
1 2.523236102785133e-08
600
1 3.532530543899186e-07
60 2.523236102785133e-08
460
1 1.766265271949593e-07
56400
1 2.523236102785133e-08
28400
1 2.523236102785133e-08
4450
1 2.523236102785133e-08
20200
1 2.523236102785133e-08
23200
1 2.523236102785133e-08
3250
1 5.046472205570266e-08
209800
1 2.523236102785133e-08
2050
1 5.046472205570266e-08
8
1 6.181928451823575e-06
10 1.6653358278381876e-06
20 0.00219140532290786
30 0.0016772707346043613
40 2.0185888822281064e-07
50 1.2616180513925663e-07
60 1.766265271949593e-07
70 3.784854154177699e-07
80 4.037177764456213e-07
90 2.5232361027851327e-07
100 2.2709124925066197e-07
110 3.2802069336206727e-07
120 8.074355528912426e-07
130 8.579002749469452e-07
140 1.0849915241976072e-06
150 8.579002749469452e-07
160 9.840620800862018e-07
170 7.065061087798372e-07
180 7.317384698076885e-07
190 1.0597591631697558e-06
200 1.102654176917103e-05
300 1.7687885080523783e-05
400 4.120444555848122e-05
500 9.833051092553662e-05
600 0.00028835542182628496
700 0.0001365575378827314
800 0.0002463435407149125
900 0.00037096617183147025
1000 0.0017387115337071794
2000 0.00022058130010547633
3000 9.711935759619977e-05
4000 0.00024157462448064863
5000 3.9236321398308814e-05
6000 3.487112294049054e-05
7000 8.200517334051682e-06
8000 7.569708308355398e-08
1100
1 2.0185888822281064e-07
188400
1 2.523236102785133e-08
260
1 3.532530543899186e-07
27600
1 2.523236102785133e-08
17000
1 7.569708308355398e-08
420
1 3.2802069336206727e-07
2200
1 1.5139416616710796e-07
4050
1 5.046472205570266e-08
60
1 1.9681241601724036e-06
10 2.523236102785133e-08
20 0.00012371426611955508
30 4.531732040602098e-05
40 2.523236102785133e-08
90 2.523236102785133e-08
200 5.046472205570266e-08
300 1.766265271949593e-07
400 1.2616180513925663e-07
500 2.5232361027851327e-07
600 9.840620800862018e-07
700 7.039828726770521e-06
800 3.9185856676253114e-05
900 5.03385602505634e-05
1000 0.00015596122351314905
2000 4.869845678375306e-06
3000 1.2691877597009218e-05
4000 1.2969433568315582e-05
5000 5.046472205570266e-08
13800
1 7.569708308355398e-08
550
1 3.532530543899186e-07
46
1 4.794148595291753e-07
20 2.180075992806355e-05
30 8.301446778163088e-06
500 5.046472205570266e-08
600 1.0092944411140532e-07
700 7.822031918633912e-07
800 4.011945403428362e-06
900 5.853907758461508e-06
1000 9.159347053110032e-06
2000 2.926953879230754e-06
3000 2.5232361027851328e-06
4000 3.330671655676375e-06
5000 1.0092944411140532e-07
120
1 8.326679139190938e-07
20 1.1102238852254585e-06
30 5.4426202737075314e-05
300 2.523236102785133e-08
500 2.775559713063646e-07
600 5.046472205570265e-07
700 4.339966096790429e-06
800 1.5694528559323526e-05
900 1.9630776879668333e-05
1000 1.1430259545616652e-05
2000 5.046472205570266e-08
3000 7.569708308355398e-08
4000 4.9960074835145635e-06
68000
1 2.523236102785133e-08
134600
1 2.523236102785133e-08
360
1 2.2709124925066197e-07
4300
1 7.569708308355398e-08
101000
1 2.523236102785133e-08
5200
1 1.2616180513925663e-07
40
1 1.766265271949593e-06
20 0.00010615254284417054
30 2.9698488929781013e-05
60 2.523236102785133e-08
150 2.523236102785133e-08
200 2.523236102785133e-08
300 7.569708308355398e-08
400 2.0185888822281064e-07
500 3.532530543899186e-07
600 6.308090256962832e-07
700 5.324028176876631e-06
800 2.7755597130636462e-05
900 3.8883068343918897e-05
1000 4.3778146383322056e-05
2000 8.35191150021879e-06
3000 1.1808744961034422e-05
4000 1.2590948152897814e-05
5000 6.560413867241345e-07
2500
1 1.2616180513925663e-07
12
1 5.021239844542414e-06
10 9.335973580304992e-07
20 0.001106741819403615
30 0.0010085374702832176
40 5.046472205570266e-08
50 2.523236102785133e-08
60 1.2616180513925663e-07
70 2.523236102785133e-08
80 5.046472205570266e-08
90 7.569708308355398e-08
100 7.569708308355398e-08
110 2.523236102785133e-08
120 5.046472205570266e-08
130 7.569708308355398e-08
140 1.5139416616710796e-07
150 2.523236102785133e-08
160 1.766265271949593e-07
170 5.046472205570266e-08
180 2.2709124925066197e-07
190 1.5139416616710796e-07
200 1.841962355033147e-06
300 4.920310400431009e-06
400 1.4861860645404433e-05
500 2.545945227710199e-05
600 6.504902672980073e-05
700 3.79494709858884e-05
800 8.599188638291732e-05
900 0.00015242869296924988
1000 0.000924967890558974
2000 9.535309232425017e-05
3000 5.856430994564293e-05
4000 0.00011854163210884555
5000 5.929604841545062e-06
6000 1.6224408140908405e-05
7000 5.021239844542414e-06
80
1 1.0849915241976072e-06
10 2.523236102785133e-08
20 0.00015134370144505226
30 6.358554979018535e-05
60 2.523236102785133e-08
300 5.046472205570266e-08
400 2.523236102785133e-08
500 2.523236102785133e-08
600 5.551119426127292e-07
700 2.371841936618025e-06
800 7.645405391438953e-06
900 1.0017247328056977e-05
1000 4.039701000558998e-05
2000 9.083649970026479e-07
3000 4.037177764456213e-07
4000 7.948193723773169e-06
5000 7.569708308355398e-08
100
1 9.335973580304992e-07
20 6.535181506213494e-06
30 2.9143376987168284e-05
200 2.523236102785133e-08
300 2.523236102785133e-08
500 1.0092944411140532e-07
600 5.046472205570266e-08
700 3.027883323342159e-07
800 9.083649970026479e-07
900 1.4130122175596745e-06
1000 6.350985270710179e-05
2000 9.335973580304992e-07
4000 3.7091570710941454e-06
5000 2.523236102785133e-08
6600
1 5.046472205570266e-08
9
1 4.592289707068942e-06
10 9.840620800862018e-07
20 0.0016379334837619411
30 0.001172926302379669
40 2.523236102785133e-08
50 5.046472205570266e-08
60 1.2616180513925663e-07
70 2.5232361027851327e-07
80 3.2802069336206727e-07
90 3.027883323342159e-07
100 1.766265271949593e-07
110 2.5232361027851327e-07
120 4.5418249850132393e-07
130 1.5139416616710796e-07
140 5.803443036405806e-07
150 5.298795815848779e-07
160 5.803443036405806e-07
170 4.289501374734726e-07
180 5.551119426127292e-07
190 4.289501374734726e-07
200 6.938899282659116e-06
300 1.1909674405145828e-05
400 3.0127439067254486e-05
500 7.274489684329538e-05
600 0.00020354945641167668
700 9.762400481675679e-05
800 0.00015689482087117958
900 0.00024841259431919633
1000 0.0012874307567240584
2000 0.00015048580117010534
3000 8.26864470882688e-05
4000 0.00015356414921550318
5000 1.5896387447546338e-05
6000 2.8361173795304894e-05
7000 6.787505116492008e-06
8000 2.523236102785133e-08
140
1 5.803443036405806e-07
20 2.1598901039840737e-05
30 2.4223066586737273e-06
500 2.523236102785133e-08
600 2.2709124925066197e-07
700 1.4887093006432285e-06
800 5.8286753974336565e-06
900 7.897729001717466e-06
1000 3.406368738759929e-06
4000 1.917659438116701e-06
7200
1 7.569708308355398e-08
320
1 4.5418249850132393e-07
750
1 2.2709124925066197e-07
10
1 6.5604138672413454e-06
10 1.7410329109217418e-06
20 0.0020138199659938422
30 0.0016591034346643083
40 7.569708308355398e-08
50 5.046472205570266e-08
60 2.0185888822281064e-07
70 7.569708308355398e-08
80 7.569708308355398e-08
90 7.569708308355398e-08
100 1.766265271949593e-07
110 2.5232361027851327e-07
120 1.5139416616710796e-07
130 4.289501374734726e-07
140 5.551119426127292e-07
150 4.289501374734726e-07
160 6.308090256962832e-07
170 4.794148595291753e-07
180 8.074355528912426e-07
190 4.794148595291753e-07
200 6.4090197010742375e-06
300 1.3347918983733352e-05
400 3.207033086639904e-05
500 6.048196938375964e-05
600 0.00016337953765533736
700 8.387236805657782e-05
800 0.00017680315372215426
900 0.0002988268516528433
1000 0.001642551005830038
2000 0.00016827461569474052
3000 0.00012396658972983358
4000 0.0001996889051744154
5000 1.9227059103222713e-05
6000 2.7478041159330098e-05
7000 7.847264279661763e-06
8000 2.523236102785133e-08
5600
1 1.0092944411140532e-07
1550
1 7.569708308355398e-08
11000
1 2.523236102785133e-08
2700
1 7.569708308355398e-08
8000
1 5.046472205570266e-08
1650
1 7.569708308355398e-08
81000
1 2.523236102785133e-08
1750
1 5.046472205570266e-08
3700
1 5.046472205570266e-08
3850
1 5.046472205570266e-08
14
1 2.775559713063646e-06
10 6.308090256962832e-07
20 0.000633912606102709
30 0.0005761052669879016
40 5.046472205570266e-08
60 2.523236102785133e-08
90 2.523236102785133e-08
100 5.046472205570266e-08
120 2.523236102785133e-08
130 5.046472205570266e-08
140 7.569708308355398e-08
150 7.569708308355398e-08
160 7.569708308355398e-08
170 5.046472205570266e-08
190 7.569708308355398e-08
200 5.551119426127292e-07
300 2.018588882228106e-06
400 5.752978314350103e-06
500 9.86585316188987e-06
600 2.7755597130636462e-05
700 1.536650786596146e-05
800 4.887508331094803e-05
900 8.145006139790408e-05
1000 0.00039932734562677513
2000 5.470375870838168e-05
3000 2.127088034647867e-05
4000 8.909546678934305e-05
5000 1.7914976329774443e-06
6000 6.131463729767873e-06
7000 1.7914976329774443e-06
8000 2.523236102785133e-08
21400
1 2.523236102785133e-08
200
1 5.551119426127292e-07
25600
1 2.523236102785133e-08
9400
1 7.569708308355398e-08
2800
1 2.523236102785133e-08
30
1 9.840620800862018e-07
20 6.116324313151162e-05
30 2.65444438012996e-05
50 2.523236102785133e-08
60 2.523236102785133e-08
130 5.046472205570266e-08
170 2.523236102785133e-08
190 2.523236102785133e-08
200 5.046472205570266e-08
300 7.569708308355398e-08
400 2.523236102785133e-08
500 2.0185888822281064e-07
600 5.803443036405806e-07
700 2.09428596531166e-06
800 1.274234231906492e-05
900 2.0841930209005197e-05
1000 1.2414321625702853e-05
2000 8.326679139190939e-06
3000 5.071704566598117e-06
4000 2.220447770450917e-05
5000 5.551119426127292e-07
6000 5.046472205570266e-08
7000 5.046472205570266e-08
5000
1 1.2616180513925663e-07
19800
1 5.046472205570266e-08
3500
1 2.523236102785133e-08
2600
1 5.046472205570266e-08
340
1 3.027883323342159e-07
19600
1 5.046472205570266e-08
20400
1 5.046472205570266e-08
16400
1 1.0092944411140532e-07
950
1 2.775559713063646e-07
60 2.523236102785133e-08
15800
1 2.523236102785133e-08
32800
1 2.523236102785133e-08
80800
1 2.523236102785133e-08
2650
1 1.2616180513925663e-07
174000
1 5.046472205570266e-08
2150
1 7.569708308355398e-08
12600
1 2.523236102785133e-08
22
1 1.1859209683090124e-06
10 5.046472205570266e-08
20 9.734644884545043e-05
30 0.00010183780910840797
100 2.523236102785133e-08
120 2.523236102785133e-08
190 2.523236102785133e-08
300 1.2616180513925663e-07
400 1.0092944411140532e-07
500 1.5139416616710796e-07
600 6.560413867241345e-07
700 3.7848541541776994e-06
800 2.1725062844979993e-05
900 3.31300900295688e-05
1000 0.00010690951367500608
2000 1.405442509251319e-05
3000 3.2549745725928213e-06
4000 3.000127726211523e-05
5000 3.532530543899186e-07
6000 5.0969369276259684e-06
7000 1.2616180513925664e-06
8000 2.523236102785133e-08
24
1 1.1102238852254585e-06
10 5.046472205570266e-08
20 8.967581109298363e-05
30 0.00011326806865402462
150 2.523236102785133e-08
200 2.523236102785133e-08
300 1.2616180513925663e-07
400 3.2802069336206727e-07
500 4.037177764456213e-07
600 1.0597591631697558e-06
700 4.390430818846131e-06
800 1.9504615074529078e-05
900 3.214602794948259e-05
1000 6.133986965870658e-05
2000 8.35191150021879e-06
3000 3.3559040167042267e-06
4000 3.113673350836854e-05
5000 4.037177764456213e-07
6000 3.759621793149848e-06
7000 7.317384698076885e-07
29000
1 2.523236102785133e-08
26
1 8.579002749469452e-07
10 2.523236102785133e-08
20 8.871698137392528e-05
30 8.008751390240012e-05
130 2.523236102785133e-08
170 2.523236102785133e-08
200 5.046472205570266e-08
300 5.046472205570266e-08
400 2.0185888822281064e-07
500 2.775559713063646e-07
600 7.569708308355398e-07
700 3.60822762698274e-06
800 1.4155354536624596e-05
900 2.1321345068534373e-05
1000 3.5855185020576735e-05
2000 8.503305666385898e-06
3000 2.296144853534471e-06
4000 2.8613497405583405e-05
5000 5.803443036405806e-07
6000 1.0092944411140532e-07
7000 1.0092944411140532e-07
34
1 6.055766646684318e-07
10 5.046472205570266e-08
20 4.0371777644562124e-05
30 2.624165546896538e-06
170 2.523236102785133e-08
300 5.046472205570266e-08
400 5.046472205570266e-08
500 1.2616180513925663e-07
600 4.289501374734726e-07
700 2.2456801314787684e-06
800 1.3070363012426988e-05
900 1.905043257602775e-05
1000 2.0160656461253212e-05
2000 6.005301924628616e-06
3000 2.8007920740914975e-06
4000 1.3650707316067568e-05
5000 3.2802069336206727e-07
6000 2.523236102785133e-08
7000 2.523236102785133e-08
143000
1 2.523236102785133e-08
28
1 8.579002749469452e-07
20 8.579002749469451e-05
30 5.452713218118672e-05
130 2.523236102785133e-08
300 2.523236102785133e-08
400 5.046472205570266e-08
500 1.5139416616710796e-07
600 4.037177764456213e-07
700 2.3213772145623224e-06
800 1.024433857730764e-05
900 1.6678590639409728e-05
1000 1.675428772249328e-05
2000 7.569708308355399e-06
3000 3.936248320344807e-06
4000 2.2305407148620574e-05
5000 4.037177764456213e-07
6000 1.5139416616710796e-07
7000 2.523236102785133e-08
14600
1 5.046472205570266e-08
1700
1 1.0092944411140532e-07
18
1 2.1699830483952145e-06
10 3.2802069336206727e-07
20 0.00017203423748789036
30 0.00021972339983052937
90 2.523236102785133e-08
120 2.523236102785133e-08
160 2.523236102785133e-08
170 5.046472205570266e-08
190 2.523236102785133e-08
200 1.2616180513925663e-07
300 4.5418249850132393e-07
400 1.2111533293368637e-06
500 2.3213772145623224e-06
600 8.276214417135236e-06
700 7.039828726770521e-06
800 2.409690478159802e-05
900 4.461081429724115e-05
1000 0.0002147273923470148
2000 2.37436517272081e-05
3000 9.764923717778464e-06
4000 4.8723689144780915e-05
5000 4.289501374734726e-07
6000 2.144750687367363e-06
7000 4.794148595291753e-07
16
1 2.0438212432559576e-06
10 3.2802069336206727e-07
20 0.00033253728598605265
30 0.0003689475829492421
40 2.523236102785133e-08
50 2.523236102785133e-08
70 2.523236102785133e-08
80 2.523236102785133e-08
90 2.523236102785133e-08
120 5.046472205570266e-08
140 5.046472205570266e-08
150 2.523236102785133e-08
160 5.046472205570266e-08
170 5.046472205570266e-08
190 5.046472205570266e-08
200 1.2616180513925663e-07
300 9.840620800862018e-07
400 2.9521862402586054e-06
500 8.452840944330195e-06
600 2.6695837967466705e-05
700 1.2792807041120624e-05
800 3.287776641929028e-05
900 5.51074764848273e-05
1000 0.00025151617472562207
2000 2.3869813532347358e-05
3000 1.672905536146543e-05
4000 6.204637576748642e-05
5000 7.569708308355398e-07
6000 3.128812767453565e-06
7000 5.298795815848779e-07
3300
1 2.523236102785133e-08
20
1 1.4887093006432285e-06
10 5.046472205570266e-08
20 0.00010890287019620633
30 0.00011904627932940257
130 5.046472205570266e-08
180 2.523236102785133e-08
190 5.046472205570266e-08
200 1.0092944411140532e-07
300 7.569708308355398e-08
400 2.775559713063646e-07
500 4.289501374734726e-07
600 1.6148711057824851e-06
700 4.1633395695954695e-06
800 2.0286818266392468e-05
900 3.477019349637913e-05
1000 0.00015714714448145808
2000 1.8394391189303617e-05
3000 5.1978663717373734e-06
4000 3.8857835982891043e-05
5000 2.2709124925066197e-07
6000 3.5829952659548885e-06
7000 6.560413867241345e-07
36
1 7.065061087798372e-07
20 3.4845890579462683e-05
30 3.835318876233402e-06
140 2.523236102785133e-08
160 2.523236102785133e-08
200 7.569708308355398e-08
300 2.523236102785133e-08
500 7.569708308355398e-08
600 2.0185888822281064e-07
700 2.220447770450917e-06
800 1.1177935935338139e-05
900 1.6274872862964108e-05
1000 2.111948618031156e-05
2000 3.734389432121997e-06
3000 1.4382445785875257e-06
4000 9.916317883945573e-06
5000 9.335973580304992e-07
6000 5.046472205570266e-08
38
1 6.560413867241345e-07
10 2.523236102785133e-08
20 4.4459420131074044e-05
30 7.695870113494656e-06
150 2.523236102785133e-08
300 2.523236102785133e-08
400 2.523236102785133e-08
500 1.0092944411140532e-07
600 1.2616180513925663e-07
700 1.5644063837267824e-06
800 8.124820250968127e-06
900 1.0193873855251937e-05
1000 1.5492669671100714e-05
2000 2.826024435119349e-06
3000 1.2868504124204178e-06
4000 1.0219106216279788e-05
5000 1.1606886072811612e-06
6000 5.046472205570266e-08
3100
1 1.0092944411140532e-07
3450
1 5.046472205570266e-08
7400
1 5.046472205570266e-08
850
1 2.775559713063646e-07
211800
1 2.523236102785133e-08
1150
1 1.766265271949593e-07
8600
1 5.046472205570266e-08
300
1 2.775559713063646e-07
4150
1 2.523236102785133e-08
8200
1 2.523236102785133e-08
2300
1 1.0092944411140532e-07
1250
1 1.5139416616710796e-07
16200
1 7.569708308355398e-08
2850
1 7.569708308355398e-08
3750
1 5.046472205570266e-08
4200
1 2.523236102785133e-08
8800
1 5.046472205570266e-08
1900
1 1.2616180513925663e-07
74600
1 2.523236102785133e-08
4500
1 2.523236102785133e-08
4950
1 5.046472205570266e-08
160
1 3.784854154177699e-07
20 4.768916234263901e-05
700 2.523236102785133e-08
2000 7.569708308355398e-08
3000 5.046472205570266e-08
4000 3.5577629049270375e-06
5000 2.523236102785133e-08
2100
1 1.5139416616710796e-07
164800
1 2.523236102785133e-08
87000
1 2.523236102785133e-08
24200
1 2.523236102785133e-08
3000
1 2.523236102785133e-08
44
1 3.027883323342159e-07
20 2.225494242656487e-05
30 7.494011225271844e-06
130 2.523236102785133e-08
300 2.523236102785133e-08
400 5.046472205570266e-08
500 5.046472205570266e-08
600 5.046472205570266e-08
700 8.831326359747965e-07
800 4.491360262957537e-06
900 5.349260537904481e-06
1000 1.0521894548614004e-05
2000 1.8671947160609984e-06
3000 1.8924270770888497e-06
4000 5.0464722055702655e-06
5000 1.5139416616710796e-07
42
1 3.784854154177699e-07
20 2.833594143427704e-05
30 9.891085522917721e-06
400 2.523236102785133e-08
500 5.046472205570266e-08
600 2.0185888822281064e-07
700 1.2616180513925664e-06
800 7.115525809854075e-06
900 7.645405391438953e-06
1000 1.0168641494224085e-05
2000 1.690568188866039e-06
3000 1.2868504124204178e-06
4000 6.762272755464156e-06
5000 4.037177764456213e-07
12800
1 5.046472205570266e-08
180
1 3.784854154177699e-07
20 1.917659438116701e-06
2000 5.046472205570266e-08
4000 2.296144853534471e-06
480
1 7.569708308355398e-08
6200
1 7.569708308355398e-08
1300
1 7.569708308355398e-08
60 2.523236102785133e-08
1600
1 1.5139416616710796e-07
5800
1 1.0092944411140532e-07
12000
1 5.046472205570266e-08
14000
1 5.046472205570266e-08
900
1 1.5139416616710796e-07
1350
1 1.2616180513925663e-07
50
1 1.0092944411140532e-07
20 8.276214417135236e-06
30 2.8007920740914975e-06
500 7.569708308355398e-08
600 5.046472205570266e-08
700 3.532530543899186e-07
800 2.5989331858686867e-06
900 4.18857193062332e-06
1000 2.2456801314787684e-06
2000 1.0345268021419045e-06
3000 1.9681241601724036e-06
4000 7.822031918633912e-07
48
1 3.027883323342159e-07
20 1.7940208690802294e-05
30 5.7025135922944e-06
500 5.046472205570266e-08
600 2.0185888822281064e-07
700 1.0597591631697558e-06
800 4.693219151180347e-06
900 5.929604841545062e-06
1000 5.954837202572914e-06
2000 2.699862629980092e-06
3000 2.7503273520357946e-06
4000 1.9681241601724036e-06
5000 2.523236102785133e-08
2400
1 2.523236102785133e-08
33000
1 2.523236102785133e-08
26600
1 2.523236102785133e-08
3550
1 5.046472205570266e-08
1850
1 1.2616180513925663e-07
4100
1 2.523236102785133e-08
4400
1 2.523236102785133e-08
11800
1 5.046472205570266e-08
2000
1 1.0092944411140532e-07
22200
1 2.523236102785133e-08
3150
1 7.569708308355398e-08
33200
1 2.523236102785133e-08
7000
1 1.0092944411140532e-07
72800
1 2.523236102785133e-08
47800
1 2.523236102785133e-08
23800
1 2.523236102785133e-08
4350
1 7.569708308355398e-08
16000
1 2.523236102785133e-08
7800
1 2.523236102785133e-08
24400
1 2.523236102785133e-08
20600
1 2.523236102785133e-08
2950
1 5.046472205570266e-08
20800
1 2.523236102785133e-08
7600
1 7.569708308355398e-08
28600
1 2.523236102785133e-08
54200
1 2.523236102785133e-08
15600
1 2.523236102785133e-08
3650
1 2.523236102785133e-08
65200
1 2.523236102785133e-08
42200
1 2.523236102785133e-08
2350
1 2.523236102785133e-08
44600
1 2.523236102785133e-08
90800
1 2.523236102785133e-08
12200
1 2.523236102785133e-08
4700
1 2.523236102785133e-08
13400
1 2.523236102785133e-08
4650
1 2.523236102785133e-08
31400
1 2.523236102785133e-08
2550
1 5.046472205570266e-08
6000
1 2.523236102785133e-08
10800
1 2.523236102785133e-08
4800
1 2.523236102785133e-08
5400
1 2.523236102785133e-08
2750
1 2.523236102785133e-08
13200
1 2.523236102785133e-08
4850
1 2.523236102785133e-08
56200
1 2.523236102785133e-08
10000
1 7.569708308355398e-08
31200
1 2.523236102785133e-08
6400
1 2.523236102785133e-08
11400
1 2.523236102785133e-08
3050
1 2.523236102785133e-08
1800
1 2.523236102785133e-08
9000
1 2.523236102785133e-08
15400
1 2.523236102785133e-08
10600
1 2.523236102785133e-08
3400
1 2.523236102785133e-08
