1350
1 2.8661246777132366e-07
10 3.582655847141546e-08
20 4.299187016569855e-07
30 1.0747967541424638e-07
50 3.582655847141546e-08
60 7.165311694283091e-08
90 3.582655847141546e-08
6000 3.582655847141546e-08
20000 3.582655847141546e-08
9
1 0.0002674452589891164
10 7.158146382588809e-05
20 0.0008975627693843715
30 0.0006645468330862853
40 5.943626050407825e-05
50 4.582216828494037e-05
60 5.388314394100885e-05
70 4.58938214018832e-05
80 4.5105637115512063e-05
90 3.650726308237235e-05
100 3.693718178402934e-05
110 2.4254580085148267e-05
120 3.170650424720268e-05
130 2.4075447292791187e-05
140 3.095414651930296e-05
150 2.3788834825019863e-05
160 2.9126992037260768e-05
170 3.3497832170773454e-05
180 3.020178879140323e-05
190 2.3323089564891463e-05
200 0.0001562037949353714
300 0.0005145768593249402
400 2.815967495853255e-05
500 3.668639587472943e-05
600 7.158146382588809e-05
700 5.488628757820848e-05
800 8.483729046031181e-05
900 0.00010697810359564655
1000 0.0010299419029362515
2000 9.074867260809535e-05
3000 3.575490535447263e-05
4000 7.824520370157137e-05
5000 8.956639617853865e-06
6000 1.1858590854038516e-05
7000 6.269647732497705e-06
8000 5.732249355426473e-06
9000 6.305474290969121e-06
10000 3.3318699378416377e-06
20000 0.0021601981695924663
40000 2.1495935082849276e-07
60000 2.1495935082849276e-07
80000 2.1495935082849276e-07
100000 3.5826558471415456e-07
1400
1 1.4330623388566183e-07
10 2.8661246777132366e-07
20 1.4330623388566183e-07
30 7.165311694283091e-08
110 3.582655847141546e-08
130 3.582655847141546e-08
20000 3.582655847141546e-08
60
1 8.956639617853865e-06
10 1.9059729106793022e-05
20 0.00015050737213841633
30 9.350731761039435e-06
40 8.849159942439617e-06
50 6.6995664341546904e-06
60 8.741680267025371e-06
70 6.341300849440536e-06
80 7.201138252754507e-06
90 5.338157212240903e-06
100 5.409810329183734e-06
110 3.3318699378416377e-06
120 4.335013575041271e-06
130 4.8365853936410865e-06
140 5.015718185998164e-06
150 4.872411952112502e-06
160 7.236964811225922e-06
170 5.660596238483642e-06
180 5.83972903084072e-06
190 5.051544744469579e-06
200 2.3394742681834295e-05
300 9.214590838848056e-05
400 1.3614092219137875e-06
500 4.6574526012840094e-07
600 1.1822764295567101e-06
700 9.38655831951085e-06
800 5.2485908160623644e-05
900 6.642243940600425e-05
1000 3.604151782224395e-05
2000 4.335013575041271e-06
3000 1.1500325269324362e-05
4000 3.367696496313053e-06
5000 3.045257470070314e-06
6000 2.651165326884744e-06
7000 2.3645528591134202e-06
8000 2.7944715607704055e-06
9000 2.901951236184652e-06
10000 1.3614092219137875e-06
20000 0.000799039733587979
40000 1.0747967541424638e-07
60000 7.165311694283091e-08
80000 2.8661246777132366e-07
100000 2.8661246777132366e-07
24
1 4.256195146404156e-05
10 2.206916001839192e-05
20 8.326092188756952e-05
30 1.5405420142708648e-05
40 1.648021689685111e-05
50 1.4330623388566182e-05
60 1.547707325965148e-05
70 1.239598923110975e-05
80 1.4581409297866092e-05
90 1.1571978386267194e-05
100 1.2216856438752671e-05
110 7.917669422182816e-06
120 1.0497181632124728e-05
130 8.311761565368386e-06
140 1.1894417412509932e-05
150 8.52672091619688e-06
160 8.884986500911033e-06
170 7.989322539125648e-06
180 9.028292734796695e-06
190 6.6279133172118595e-06
200 4.044818451422805e-05
300 0.0001406550685587771
400 3.86926831491287e-06
500 5.732249355426473e-07
600 2.436205976056251e-06
700 4.370840133512686e-06
800 1.056883474906756e-05
900 1.805658546959339e-05
1000 0.00020145273828476912
2000 2.7729756256875565e-05
3000 4.120054224212778e-06
4000 1.2825907932766733e-05
5000 2.2928997421705893e-06
6000 1.8629810405136038e-06
7000 2.3287263006420048e-06
8000 2.2212466252277583e-06
9000 2.0779403913420964e-06
10000 6.807046109568938e-07
20000 0.0007185374567027084
40000 2.507859092999082e-07
60000 1.7913279235707728e-07
80000 3.582655847141546e-08
100000 2.1495935082849276e-07
22
1 6.946769687607458e-05
10 1.6336910662965447e-05
20 0.00010773046132354629
30 8.670027150082541e-06
40 9.85230357963925e-06
50 8.025149097597062e-06
60 9.995609813524913e-06
70 7.953495980654232e-06
80 9.028292734796695e-06
90 8.168455331482724e-06
100 7.631056954411492e-06
110 5.660596238483642e-06
120 7.165311694283091e-06
130 5.768075913897889e-06
140 8.347588123839802e-06
150 7.09365857734026e-06
160 7.02200546039743e-06
170 6.6279133172118595e-06
180 6.6995664341546904e-06
190 5.373983770712319e-06
200 3.170650424720268e-05
300 0.00012152368633504123
400 2.0779403913420964e-06
500 9.673170787282175e-07
600 1.3972357803852028e-06
700 2.722818443827575e-06
800 9.422384877982265e-06
900 1.562037949353714e-05
1000 0.0002983277523914765
2000 3.1025799636245784e-05
3000 4.155880782684193e-06
4000 1.1966070529452763e-05
5000 2.830298119241821e-06
6000 1.6838482481565266e-06
7000 2.185420066756343e-06
8000 2.4003794175848357e-06
9000 2.507859092999082e-06
10000 8.956639617853864e-07
20000 0.000995584233362164
40000 1.4330623388566183e-07
60000 3.582655847141546e-08
80000 7.165311694283091e-08
80
1 5.732249355426473e-06
10 1.1070406567667376e-05
20 0.00015473490603804335
30 5.732249355426473e-06
40 4.012574548798531e-06
50 2.9377777946560674e-06
60 4.693279159755425e-06
70 3.511002730198715e-06
80 3.2960433793702222e-06
90 2.113766949813512e-06
100 1.97046071592785e-06
110 2.1495935082849274e-06
120 1.934634157456435e-06
130 1.7555013650993575e-06
140 2.436205976056251e-06
150 2.113766949813512e-06
160 2.257073183699174e-06
170 1.4330623388566182e-06
180 1.8629810405136038e-06
190 1.2181029880281256e-06
200 6.4846070833261976e-06
300 2.1101842939663705e-05
400 5.732249355426473e-07
500 2.1495935082849276e-07
600 7.523577278997246e-07
700 3.1885637039559758e-06
800 1.0461355073653314e-05
900 1.2324336114166917e-05
1000 8.060975656068478e-06
2000 2.113766949813512e-06
3000 2.722818443827575e-06
4000 1.4330623388566182e-06
5000 2.2212466252277583e-06
6000 1.4688888973280337e-06
7000 1.5763685727422802e-06
8000 1.5405420142708647e-06
9000 1.6838482481565266e-06
10000 7.881842863711401e-07
20000 0.0004330356122439986
40000 1.0747967541424638e-07
60000 3.582655847141546e-08
80000 2.507859092999082e-07
100000 7.165311694283091e-08
134400
1 3.582655847141546e-08
135600
1 3.582655847141546e-08
126000
1 3.582655847141546e-08
40
1 1.0389701956710482e-05
10 1.648021689685111e-05
20 0.00012288509555695502
30 1.0604661307538976e-05
40 9.744823904225005e-06
50 7.380271045111584e-06
60 9.171598968682357e-06
70 8.705853708553955e-06
80 8.419241240782633e-06
90 6.6995664341546904e-06
100 6.341300849440536e-06
110 4.26336045809844e-06
120 4.979891627526748e-06
130 5.338157212240903e-06
140 5.696422796955058e-06
150 4.800758835169671e-06
160 6.3771274079119516e-06
170 5.696422796955058e-06
180 4.442493250455517e-06
190 3.690135522555792e-06
200 2.5580162748590638e-05
300 0.00011296113886037294
400 2.4003794175848357e-06
500 1.8988075989850192e-06
600 1.1464498710852946e-06
700 6.5204336417976135e-06
800 3.188563703955976e-05
900 4.646704633742585e-05
1000 0.00011306861853578719
2000 1.8558157288193206e-05
3000 7.523577278997246e-06
4000 3.1527371454845603e-06
5000 3.905094873384285e-06
6000 2.257073183699174e-06
7000 2.507859092999082e-06
8000 2.2928997421705893e-06
9000 3.3318699378416377e-06
10000 1.1822764295567101e-06
20000 0.000997554694078092
40000 4.6574526012840094e-07
60000 1.0747967541424638e-07
80000 2.8661246777132366e-07
100000 3.9409214318557004e-07
42
1 3.4035230547844686e-06
10 6.162168057083459e-06
20 1.9847913393164165e-05
30 3.905094873384285e-06
40 3.905094873384285e-06
50 2.6153387684133286e-06
60 2.901951236184652e-06
70 3.439349613255884e-06
80 2.6869918853561595e-06
90 2.901951236184652e-06
100 2.4720325345276667e-06
110 1.3972357803852028e-06
120 2.1495935082849274e-06
130 1.5763685727422802e-06
140 2.113766949813512e-06
150 1.4330623388566182e-06
160 2.0062872743992655e-06
170 2.2212466252277583e-06
180 1.6480216896851111e-06
190 1.4688888973280337e-06
200 7.702710071354324e-06
300 4.3887534127483936e-05
400 8.59837403313971e-07
500 3.9409214318557004e-07
600 3.2243902624273914e-07
700 1.3972357803852028e-06
800 7.451924162054415e-06
900 8.096802214539894e-06
1000 8.189951266565573e-05
2000 6.018861823197797e-06
3000 1.4688888973280337e-06
4000 8.59837403313971e-07
5000 1.5405420142708647e-06
6000 8.59837403313971e-07
7000 6.448780524854783e-07
8000 7.881842863711401e-07
9000 1.253929546499541e-06
10000 5.732249355426473e-07
20000 0.00022183805005500452
40000 3.582655847141546e-08
80000 3.582655847141546e-08
12
1 0.0003603435251054967
10 0.00012675436387186788
20 0.0010663416863432096
30 0.000579494583275145
40 0.00011625718223974316
50 8.906482435993883e-05
60 0.00010192655885117698
70 9.551360488479361e-05
80 9.529864553396512e-05
90 7.319365895710178e-05
100 7.663300857035766e-05
110 5.5423685955279714e-05
120 6.251734453261997e-05
130 5.015718185998164e-05
140 6.008113855656372e-05
150 4.7219404065325574e-05
160 5.750162634662181e-05
170 4.883159919653927e-05
180 5.1446937964952597e-05
190 3.9480867435499835e-05
200 0.00022577897148686021
300 0.0007005166977915864
400 2.389631450043411e-05
500 1.0676314424481806e-05
600 2.3645528591134203e-05
700 1.92388618991501e-05
800 7.598813051787219e-05
900 0.00013682162680233564
1000 0.0013148346959009473
2000 0.00016738168117845303
3000 4.1415501592956266e-05
4000 7.297869960627328e-05
5000 8.025149097597062e-06
6000 1.9453821249978594e-05
7000 1.167945806168144e-05
8000 7.02200546039743e-06
9000 7.702710071354324e-06
10000 3.7976151979700385e-06
20000 0.00238454407874047
40000 6.090514940140628e-07
60000 2.1495935082849276e-07
80000 4.299187016569855e-07
100000 6.807046109568938e-07
120
1 1.719674806627942e-06
10 3.439349613255884e-06
20 5.373983770712319e-06
30 1.6838482481565266e-06
40 5.015718185998164e-07
50 3.2243902624273914e-07
60 3.9409214318557004e-07
70 5.373983770712318e-07
80 2.1495935082849276e-07
90 1.0747967541424638e-07
100 3.582655847141546e-08
110 1.7913279235707728e-07
120 1.4330623388566183e-07
130 3.582655847141546e-08
140 2.507859092999082e-07
150 1.4330623388566183e-07
160 7.165311694283091e-08
170 1.0747967541424638e-07
180 1.4330623388566183e-07
190 1.0747967541424638e-07
200 3.5826558471415456e-07
300 3.2243902624273914e-07
400 1.0747967541424638e-07
500 1.7913279235707728e-07
600 7.165311694283091e-08
800 3.582655847141546e-08
900 1.0747967541424638e-07
1000 3.2243902624273914e-07
2000 7.523577278997246e-07
3000 5.015718185998164e-07
4000 8.240108448425556e-07
5000 8.240108448425556e-07
6000 4.299187016569855e-07
7000 6.090514940140628e-07
8000 5.732249355426473e-07
9000 9.314905202568019e-07
10000 2.507859092999082e-07
20000 0.00019385750788882905
40000 3.582655847141546e-08
80000 1.0747967541424638e-07
100000 3.582655847141546e-08
38
1 3.367696496313053e-06
10 5.588943121540811e-06
20 3.8298591005943124e-05
30 3.2602168208988067e-06
40 3.3318699378416377e-06
50 3.045257470070314e-06
60 3.6543089640843766e-06
70 2.3287263006420048e-06
80 2.5436856514704976e-06
90 1.8988075989850192e-06
100 2.185420066756343e-06
110 2.0779403913420964e-06
120 1.4688888973280337e-06
130 1.8271544820421883e-06
140 1.6121951312136956e-06
150 1.6838482481565266e-06
160 1.5405420142708647e-06
170 1.8271544820421883e-06
180 1.325582663442372e-06
190 1.2181029880281256e-06
200 7.308617928168753e-06
300 3.9015122175371435e-05
400 2.75864500229899e-06
500 3.0810840285417294e-06
600 1.8629810405136038e-06
700 1.6121951312136956e-06
800 4.406666691984102e-06
900 5.768075913897889e-06
1000 0.00011743945866929987
2000 8.490894357725463e-06
3000 1.7913279235707728e-06
4000 1.253929546499541e-06
5000 1.3614092219137875e-06
6000 1.0747967541424637e-06
7000 8.59837403313971e-07
8000 1.0031436371996327e-06
9000 9.314905202568019e-07
10000 4.6574526012840094e-07
20000 0.00036005691263772536
80000 1.0747967541424638e-07
28
1 9.888130138110667e-06
10 1.0783794099896052e-05
20 4.625208698659736e-05
30 5.624769680012227e-06
40 5.373983770712319e-06
50 4.908238510583917e-06
60 4.693279159755425e-06
70 4.191707341155609e-06
80 4.442493250455517e-06
90 3.5826558471415456e-06
100 4.227533899627024e-06
110 2.830298119241821e-06
120 2.651165326884744e-06
130 2.7944715607704055e-06
140 3.7259620810272075e-06
150 3.116910587013145e-06
160 4.370840133512686e-06
170 3.2960433793702222e-06
180 3.2960433793702222e-06
190 2.9377777946560674e-06
200 1.7698319884879235e-05
300 6.39504068714766e-05
400 1.1464498710852946e-06
500 5.373983770712318e-07
600 1.4688888973280337e-06
700 2.579512209941913e-06
800 6.5562602002690285e-06
900 1.1858590854038516e-05
1000 0.00010507929599666154
2000 1.0210569164353405e-05
3000 3.3318699378416377e-06
4000 7.272791369697338e-06
5000 2.042113832870681e-06
6000 1.1822764295567101e-06
7000 2.113766949813512e-06
8000 1.253929546499541e-06
9000 1.719674806627942e-06
10000 8.240108448425556e-07
20000 0.0005773091632083887
40000 2.8661246777132366e-07
60000 7.165311694283091e-08
80000 3.582655847141546e-08
100000 1.4330623388566183e-07
1
1 0.03245395373659182
10 0.0012795097092481317
20 0.1887118826018135
30 0.027157821077437888
40 0.0007584840693983367
50 0.0008228285684129988
60 0.0023456006096820416
70 0.005148527238251701
80 0.0037860790461422427
90 0.0018750904172769422
100 0.0014811774068837294
110 0.000941844395655041
120 0.00138122130874848
130 0.0017397376793719347
140 0.0028230969809890667
150 0.0025120508003402377
160 0.002564429228825447
170 0.0015066142633984342
180 0.0014860498188358417
190 0.0011444794103693669
200 0.009631934418481574
300 0.02431953363565694
400 0.010316974043013509
500 0.01622914437508343
600 0.018025523843398672
700 0.011238289820664429
800 0.011379016542340149
900 0.009118611488703134
1000 0.06826073594773106
2000 0.017013853485282844
3000 0.012059291234595386
4000 0.014755920464180356
5000 0.001482717948898
6000 0.0006477441771631915
7000 0.00019389333444730047
8000 3.045257470070314e-06
9000 1.8988075989850192e-06
10000 9.314905202568019e-07
20000 0.0522577288097192
40000 2.1495935082849276e-07
60000 7.165311694283091e-08
100000 1.0747967541424638e-07
3
1 0.0038693757945882836
10 0.0006451646649532495
20 0.023049016392585133
30 0.007539520097517026
40 0.0005354995694722469
50 0.0004113605443687923
60 0.0005109225503608559
70 0.0008577594629226289
80 0.0005313436886895626
90 0.0003891122515580433
100 0.0003974956662403545
110 0.00027195940535651474
120 0.00034243024586978895
130 0.000305528890644231
140 0.0003693718178402934
150 0.00030560054376117384
160 0.0003888972922072148
170 0.0003160977253932986
180 0.0003909752325985569
190 0.00033157479865295004
200 0.002462216057506499
300 0.004456358128583955
400 0.0007217976735236073
500 0.0015971121500972297
600 0.003342008853889048
700 0.0019483199027925154
800 0.0015778374616396082
900 0.0011487785973859368
1000 0.009274636150846147
2000 0.0015848594671000057
3000 0.0006753664537446528
4000 0.0013886732329105346
5000 0.00020388894426082537
6000 0.00016791907955552424
7000 6.097680251834911e-05
8000 2.192585378450626e-05
9000 2.9736043531274832e-05
10000 9.171598968682357e-06
20000 0.01183107605713247
40000 3.2243902624273914e-07
60000 3.9409214318557004e-07
80000 3.2243902624273914e-07
100000 3.2243902624273914e-07
5
1 0.0016264899280437903
10 0.0003574774004277834
20 0.006696557003243092
30 0.003072593134184004
40 0.000435650951012412
50 0.0003579073191294404
60 0.0004713700298084132
70 0.0004543524145344908
80 0.0005190910056923386
90 0.0004422430377711524
100 0.00046327322759387327
110 0.00031663512377036983
120 0.00040799284787247924
130 0.00034877154671922946
140 0.0004222518181441026
150 0.0003387759369057046
160 0.0003944504087702842
170 0.0003260933352068235
180 0.00035095696678598583
190 0.0002780857468551268
200 0.0015291133421184832
300 0.006025131470930294
400 0.0001749769115743931
500 0.0002924880233606358
600 0.0008147675927569303
700 0.000334154310862892
800 0.0004150865064498195
900 0.0005071965882798286
1000 0.009479349105951817
2000 0.0004132235254093059
3000 0.00019127799567888714
4000 0.0003454038502229164
5000 3.184981048108834e-05
6000 4.524894334939772e-05
7000 1.4330623388566182e-05
8000 3.9409214318557e-06
9000 4.800758835169671e-06
10000 2.0062872743992655e-06
20000 0.006270794182368791
40000 1.4330623388566183e-07
60000 1.0747967541424638e-07
80000 1.7913279235707728e-07
100000 2.507859092999082e-07
2
1 0.008706426933489499
10 0.0011143134481364349
20 0.04619490779927698
30 0.008763749427043764
40 0.0009123949645915375
50 0.0006454512774210208
60 0.0007679064542763189
70 0.0007595946927109505
80 0.00073781214516033
90 0.0005360727944077895
100 0.0006244569141567715
110 0.0004981324689865605
120 0.0006622539333441147
130 0.0007083985406552978
140 0.0007926267796215956
150 0.0006886222803790765
160 0.00087803729501745
170 0.0007166744756621948
180 0.0008766400592370648
190 0.0007507097062100395
200 0.005476376074823624
300 0.006854265513634263
400 0.001941656162916832
500 0.0031754511835554375
600 0.0034786513478990266
700 0.0016891147522518247
800 0.0015985810389945578
900 0.001561608030652057
1000 0.016617504268913574
2000 0.0034631026215224325
3000 0.001659235402486664
4000 0.0029567300440874462
5000 0.0003145213568205563
6000 0.00023341002844127172
7000 0.00010189073229270556
8000 5.166189731578109e-05
9000 5.234260192673799e-05
10000 2.5580162748590638e-05
20000 0.021370900393784035
40000 3.690135522555792e-06
60000 2.3287263006420048e-06
80000 2.6869918853561595e-06
100000 2.901951236184652e-06
1600
1 1.7913279235707728e-07
10 3.582655847141546e-08
20 1.4330623388566183e-07
30 3.582655847141546e-08
40 3.582655847141546e-08
50 3.582655847141546e-08
60 3.582655847141546e-08
70 3.582655847141546e-08
130 3.582655847141546e-08
20000 3.582655847141546e-08
8
1 0.0003055647172027024
10 9.393723631205133e-05
20 0.0011390337734817116
30 0.0007652194623909628
40 7.380271045111585e-05
50 5.990200576420665e-05
60 7.147398415047384e-05
70 7.71704069474289e-05
80 7.06857998641027e-05
90 5.535203283833688e-05
100 5.327409244699479e-05
110 3.5611599120586965e-05
120 4.120054224212778e-05
130 3.5611599120586965e-05
140 4.134384847601344e-05
150 3.342617905383062e-05
160 4.0878103215885035e-05
170 4.1236368800599194e-05
180 4.14871547098991e-05
190 3.3103740027587886e-05
200 0.00022491913408354623
300 0.0006871892180402199
400 4.7756802442396806e-05
500 4.700444471449708e-05
600 0.00013134016335620907
700 5.9651219854906736e-05
800 0.00018353945904906138
900 0.0002636834703496178
1000 0.001516753179445845
2000 0.0001325582663442372
3000 4.625208698659736e-05
4000 0.00011088319846903084
5000 1.096292689225313e-05
6000 1.2324336114166917e-05
7000 6.950352343454599e-06
8000 5.588943121540811e-06
9000 6.269647732497705e-06
10000 3.045257470070314e-06
20000 0.002591657413263723
40000 6.090514940140628e-07
60000 7.881842863711401e-07
80000 7.523577278997246e-07
100000 6.448780524854783e-07
18
1 9.15368568944665e-05
10 4.10214094497707e-05
20 0.00017852374086306324
30 6.291143667580555e-05
40 2.626086735954753e-05
50 2.081523047189238e-05
60 2.325143644794863e-05
70 1.8414851054307546e-05
80 2.1675067875206352e-05
90 1.673100280615102e-05
100 1.6910135598508095e-05
110 1.3470785985252213e-05
120 1.680265592309385e-05
130 1.5011327999523076e-05
140 1.4545582739394676e-05
150 1.1177886243081622e-05
160 1.411566403773769e-05
170 1.0819620658367468e-05
180 1.2503468906523995e-05
190 1.0712140982953222e-05
200 5.2665040952980724e-05
300 0.00018138986554077646
400 9.601517670339343e-06
500 3.439349613255884e-06
600 3.5826558471415456e-06
700 4.5499729258697635e-06
800 1.2861734491238149e-05
900 2.540102995623356e-05
1000 0.00043726314614362565
2000 4.9727263158324654e-05
3000 6.126341498612044e-06
4000 2.855376710171812e-05
5000 4.7291057182268405e-06
6000 3.618482405612961e-06
7000 4.26336045809844e-06
8000 3.4751761717272996e-06
9000 3.7976151979700385e-06
10000 1.5047154557994492e-06
20000 0.0014442043985412286
40000 7.165311694283091e-08
60000 3.9409214318557004e-07
80000 1.0747967541424638e-07
100000 2.507859092999082e-07
180
1 7.881842863711401e-07
10 2.4003794175848357e-06
20 3.833441756441454e-06
30 9.314905202568019e-07
40 4.299187016569855e-07
50 3.9409214318557004e-07
60 3.9409214318557004e-07
70 2.507859092999082e-07
80 2.1495935082849276e-07
90 1.7913279235707728e-07
100 7.165311694283091e-08
110 3.582655847141546e-08
120 3.582655847141546e-08
130 1.0747967541424638e-07
150 7.165311694283091e-08
160 1.0747967541424638e-07
170 3.582655847141546e-08
180 3.582655847141546e-08
190 3.582655847141546e-08
200 3.582655847141546e-08
300 7.165311694283091e-08
400 7.165311694283091e-08
500 7.165311694283091e-08
900 7.165311694283091e-08
1000 3.582655847141546e-08
2000 3.5826558471415456e-07
3000 2.507859092999082e-07
4000 5.015718185998164e-07
5000 5.015718185998164e-07
6000 7.165311694283091e-08
7000 1.7913279235707728e-07
8000 3.2243902624273914e-07
9000 6.807046109568938e-07
10000 1.0747967541424638e-07
20000 8.548216851279728e-05
40000 3.582655847141546e-08
4
1 0.0022487972486922767
10 0.0004540658020667195
20 0.012867359260918162
30 0.004499099212840353
40 0.00039151263097562814
50 0.0003024119800572179
60 0.00038230520544847436
70 0.0005122481330242983
80 0.0003832366959687312
90 0.0002941360450503209
100 0.0002897293783583368
110 0.00019385750788882905
120 0.000239643849615298
130 0.00020242005536349735
140 0.00024208005559135426
150 0.0001972252043851421
160 0.0002521831450802934
170 0.0002081164781604524
180 0.00025393864644539276
190 0.0002106959903703943
200 0.0015186161604863583
300 0.003963348857458806
400 0.0005481463446126566
500 0.0008753503031320939
600 0.00167431838360313
700 0.0007218335000820787
800 0.0015184370276940013
900 0.0015789839115106935
1000 0.006143144154535137
2000 0.0007739253160995167
3000 0.000332434636056264
4000 0.0006661232016590276
5000 6.824959388804645e-05
6000 9.551360488479361e-05
7000 3.675804899167226e-05
8000 1.6695176247679603e-05
9000 1.6229430987551203e-05
10000 8.13262877301131e-06
20000 0.00810683365091189
40000 8.240108448425556e-07
60000 5.373983770712318e-07
80000 3.9409214318557004e-07
100000 3.2243902624273914e-07
1650
1 1.7913279235707728e-07
10 3.582655847141546e-08
20 2.507859092999082e-07
60 3.582655847141546e-08
70 3.582655847141546e-08
20000 7.165311694283091e-08
34
1 4.979891627526748e-06
10 6.986178901926014e-06
20 2.7550623464518485e-05
30 4.26336045809844e-06
40 4.012574548798531e-06
50 3.4035230547844686e-06
60 3.7976151979700385e-06
70 2.9377777946560674e-06
80 4.012574548798531e-06
90 3.0810840285417294e-06
100 3.511002730198715e-06
110 2.2928997421705893e-06
120 2.9377777946560674e-06
130 2.507859092999082e-06
140 2.8661246777132365e-06
150 2.8661246777132365e-06
160 2.7944715607704055e-06
170 2.2212466252277583e-06
180 2.5436856514704976e-06
190 1.934634157456435e-06
200 1.2360162672638333e-05
300 5.621187024165085e-05
400 4.6216260428125944e-06
500 8.741680267025371e-06
600 3.618482405612961e-06
700 2.042113832870681e-06
800 8.13262877301131e-06
900 1.1894417412509932e-05
1000 9.476124715689389e-05
2000 9.565691111867927e-06
3000 2.5436856514704976e-06
4000 3.6543089640843766e-06
5000 1.4330623388566182e-06
6000 8.59837403313971e-07
7000 1.1822764295567101e-06
8000 9.673170787282175e-07
9000 1.1464498710852946e-06
10000 4.6574526012840094e-07
20000 0.000355542766270327
40000 3.582655847141546e-08
100000 7.165311694283091e-08
6
1 0.0010040393011614183
10 0.0004275183222394007
20 0.0036750167148808547
30 0.0019237787102395958
40 0.0003819111133052888
50 0.0003050273188256312
60 0.00035317821341121356
70 0.0003272756116363802
80 0.00032552011027128086
90 0.0002593842833330479
100 0.0002839254758859675
110 0.00020356650523458263
120 0.00025064260306602255
130 0.00020270666783126867
140 0.00023881983877045544
150 0.00019045398483404457
160 0.00022502661375896048
170 0.00018783864606563124
180 0.000197475990294442
190 0.00015752937759881376
200 0.000856218920908358
300 0.0027355368720849275
400 0.00020736412043255266
500 0.00024627176293250987
600 0.0005570313311135675
700 0.00029635729167554864
800 0.00026551062483165993
900 0.00022857344304763063
1000 0.004001611621906278
2000 0.00048082824124486684
3000 0.00012338666737555484
4000 0.00022233962187360434
5000 3.1455718337902775e-05
6000 3.525333353587281e-05
7000 1.9059729106793022e-05
8000 1.4724715531751754e-05
9000 1.6444390338379695e-05
10000 6.914525784983183e-06
20000 0.004234340945736593
40000 5.732249355426473e-07
60000 5.015718185998164e-07
80000 3.5826558471415456e-07
100000 3.9409214318557004e-07
16200
50 3.582655847141546e-08
20000 3.582655847141546e-08
700
1 2.8661246777132366e-07
10 5.732249355426473e-07
20 1.719674806627942e-06
30 7.165311694283091e-08
40 7.165311694283091e-08
50 1.7913279235707728e-07
60 2.507859092999082e-07
70 3.582655847141546e-08
80 3.582655847141546e-08
90 3.582655847141546e-08
100 3.582655847141546e-08
130 1.0747967541424638e-07
1000 3.582655847141546e-08
2000 3.582655847141546e-08
3000 1.0747967541424638e-07
4000 1.0747967541424638e-07
5000 1.0747967541424638e-07
6000 3.582655847141546e-08
8000 7.165311694283091e-08
10000 3.582655847141546e-08
20000 4.370840133512686e-06
260
1 7.523577278997246e-07
10 1.3972357803852028e-06
20 3.3318699378416377e-06
30 2.507859092999082e-07
40 1.7913279235707728e-07
50 1.0747967541424638e-07
60 1.4330623388566183e-07
70 7.165311694283091e-08
80 1.7913279235707728e-07
100 3.582655847141546e-08
110 3.582655847141546e-08
120 1.0747967541424638e-07
130 3.582655847141546e-08
150 3.582655847141546e-08
160 3.582655847141546e-08
1000 7.165311694283091e-08
2000 3.582655847141546e-08
3000 2.1495935082849276e-07
4000 2.1495935082849276e-07
5000 1.7913279235707728e-07
6000 7.165311694283091e-08
7000 2.507859092999082e-07
8000 1.0747967541424638e-07
9000 7.165311694283091e-08
10000 1.4330623388566183e-07
20000 3.693718178402934e-05
420
1 3.9409214318557004e-07
10 1.0031436371996327e-06
20 1.8988075989850192e-06
30 1.0747967541424638e-07
40 3.582655847141546e-08
50 3.582655847141546e-08
60 2.1495935082849276e-07
70 1.4330623388566183e-07
80 7.165311694283091e-08
90 1.4330623388566183e-07
100 7.165311694283091e-08
120 7.165311694283091e-08
160 3.582655847141546e-08
300 3.582655847141546e-08
800 3.582655847141546e-08
1000 3.582655847141546e-08
3000 1.0747967541424638e-07
4000 3.582655847141546e-08
5000 3.582655847141546e-08
6000 3.582655847141546e-08
8000 1.4330623388566183e-07
9000 3.582655847141546e-08
10000 3.582655847141546e-08
20000 1.1464498710852946e-06
480
1 3.9409214318557004e-07
10 5.732249355426473e-07
20 1.4330623388566182e-06
30 1.4330623388566183e-07
40 3.582655847141546e-08
50 3.582655847141546e-08
60 3.582655847141546e-08
70 7.165311694283091e-08
80 7.165311694283091e-08
130 3.582655847141546e-08
160 3.582655847141546e-08
700 3.582655847141546e-08
2000 7.165311694283091e-08
3000 7.165311694283091e-08
4000 1.4330623388566183e-07
5000 3.582655847141546e-08
6000 7.165311694283091e-08
9000 7.165311694283091e-08
20000 1.4832195207166e-05
240
1 9.314905202568019e-07
10 1.6121951312136956e-06
20 3.367696496313053e-06
30 2.8661246777132366e-07
40 2.507859092999082e-07
50 1.0747967541424638e-07
60 2.507859092999082e-07
70 1.7913279235707728e-07
90 1.0747967541424638e-07
100 3.582655847141546e-08
110 3.582655847141546e-08
120 3.582655847141546e-08
150 3.582655847141546e-08
180 3.582655847141546e-08
1000 2.507859092999082e-07
2000 3.2243902624273914e-07
3000 2.507859092999082e-07
4000 1.7913279235707728e-07
5000 2.507859092999082e-07
6000 3.2243902624273914e-07
7000 1.4330623388566183e-07
8000 1.4330623388566183e-07
9000 3.5826558471415456e-07
10000 3.582655847141546e-08
20000 2.4541192552919587e-05
100000 3.582655847141546e-08
650
1 8.240108448425556e-07
10 7.881842863711401e-07
20 2.0779403913420964e-06
30 5.373983770712318e-07
40 7.165311694283091e-08
50 7.165311694283091e-08
60 1.0747967541424638e-07
70 1.4330623388566183e-07
80 7.165311694283091e-08
100 3.582655847141546e-08
110 7.165311694283091e-08
120 7.165311694283091e-08
130 3.582655847141546e-08
140 1.0747967541424638e-07
300 3.582655847141546e-08
1000 3.582655847141546e-08
2000 3.582655847141546e-08
4000 7.165311694283091e-08
5000 3.582655847141546e-08
7000 3.582655847141546e-08
20000 1.4330623388566183e-07
600
1 6.807046109568938e-07
10 1.1106233126138792e-06
20 1.719674806627942e-06
30 2.507859092999082e-07
40 2.507859092999082e-07
50 1.7913279235707728e-07
60 1.0747967541424638e-07
70 3.5826558471415456e-07
80 7.165311694283091e-08
90 3.582655847141546e-08
100 3.582655847141546e-08
110 3.582655847141546e-08
120 1.0747967541424638e-07
130 3.582655847141546e-08
150 3.582655847141546e-08
600 7.165311694283091e-08
700 3.582655847141546e-08
5000 7.165311694283091e-08
6000 7.165311694283091e-08
7000 7.165311694283091e-08
8000 3.582655847141546e-08
9000 7.165311694283091e-08
20000 1.3972357803852028e-06
100
1 2.75864500229899e-06
10 7.09365857734026e-06
20 1.2682601698881071e-05
30 2.8661246777132365e-06
40 9.673170787282175e-07
50 1.0389701956710482e-06
60 1.6121951312136956e-06
70 1.1106233126138792e-06
80 1.0031436371996327e-06
90 2.8661246777132366e-07
100 5.373983770712318e-07
110 5.015718185998164e-07
120 1.7913279235707728e-07
130 2.507859092999082e-07
140 4.299187016569855e-07
150 2.507859092999082e-07
160 3.5826558471415456e-07
170 3.2243902624273914e-07
180 1.0747967541424638e-07
190 1.7913279235707728e-07
200 1.0031436371996327e-06
300 3.2243902624273913e-06
400 2.8661246777132366e-07
500 1.0747967541424638e-07
600 1.0747967541424638e-07
700 7.165311694283091e-08
800 7.165311694283091e-08
900 7.165311694283091e-08
1000 5.373983770712318e-07
2000 1.0389701956710482e-06
3000 1.0031436371996327e-06
4000 1.5405420142708647e-06
5000 1.1106233126138792e-06
6000 9.314905202568019e-07
7000 9.673170787282175e-07
8000 1.2897561049709565e-06
9000 1.1464498710852946e-06
10000 6.448780524854783e-07
20000 0.0003403164789199754
40000 7.165311694283091e-08
80000 7.165311694283091e-08
100000 7.165311694283091e-08
7
1 0.0005332424962885477
10 0.00018937918807990212
20 0.001825219847884732
30 0.001224695074786866
40 0.00016799073267246707
50 0.00013155512270703756
60 0.0001492534425919168
70 0.00021177078712453676
80 0.00014753376778528886
90 0.00011249539360024453
100 0.00011159972963845915
110 8.035897065138488e-05
120 9.314905202568019e-05
130 7.871094896169976e-05
140 9.354314416886576e-05
150 7.233382155378781e-05
160 8.236525792578414e-05
170 8.193533922412715e-05
180 7.942748013112808e-05
190 5.97945260887924e-05
200 0.00035149436516305707
300 0.0010405465642437906
400 6.824959388804645e-05
500 6.498937706714764e-05
600 0.0001953980499030999
700 9.286243955790886e-05
800 0.00013524525822959334
900 0.0001652320876701681
1000 0.0017972034791600851
2000 0.00017863122053847749
3000 6.946769687607458e-05
4000 0.00015645458084467131
5000 1.6193604429079787e-05
6000 2.532937683929073e-05
7000 8.741680267025371e-06
8000 5.409810329183734e-06
9000 5.481463446126565e-06
10000 2.4003794175848357e-06
20000 0.003421328854344762
40000 1.0747967541424638e-07
60000 1.4330623388566183e-07
100000 1.0747967541424638e-07
100200
6000 3.582655847141546e-08
47400
1 3.582655847141546e-08
25800
1 7.165311694283091e-08
7000 3.582655847141546e-08
20000 3.582655847141546e-08
440
1 3.5826558471415456e-07
10 7.165311694283091e-07
20 1.8988075989850192e-06
30 1.0747967541424638e-07
40 3.582655847141546e-08
50 3.582655847141546e-08
60 7.165311694283091e-08
70 7.165311694283091e-08
80 1.0747967541424638e-07
100 1.0747967541424638e-07
600 3.582655847141546e-08
1000 7.165311694283091e-08
2000 7.165311694283091e-08
3000 3.582655847141546e-08
4000 3.582655847141546e-08
5000 3.582655847141546e-08
6000 3.582655847141546e-08
7000 7.165311694283091e-08
9000 1.0747967541424638e-07
10000 3.582655847141546e-08
20000 3.0810840285417294e-06
2550
1 1.4330623388566183e-07
10 3.582655847141546e-08
324800
80 3.582655847141546e-08
14
1 0.0002056086190674533
10 5.3130786213109124e-05
20 0.0006186888382428735
30 0.0003585521971819259
40 3.9409214318557e-05
50 3.202894327344542e-05
60 3.7832845745814724e-05
70 3.52175069774014e-05
80 3.371279152160194e-05
90 2.9449431063503508e-05
100 3.0345095025288892e-05
110 2.0206178977878317e-05
120 2.6619132944261686e-05
130 2.4003794175848355e-05
140 2.5651815865533466e-05
150 2.3000650538648724e-05
160 2.5902601774833374e-05
170 2.5365203397762143e-05
180 2.27140380708774e-05
190 1.741170741710791e-05
200 9.762737183460712e-05
300 0.0004060940402734942
400 8.52672091619688e-06
500 4.979891627526748e-06
600 8.096802214539894e-06
700 7.846016305239986e-06
800 2.185420066756343e-05
900 4.385170756901252e-05
1000 0.0009240385960947475
2000 5.879138245159277e-05
3000 1.3255826634423719e-05
4000 5.341739868088045e-05
5000 6.197994615554875e-06
6000 6.5920867587404444e-06
7000 5.911382147783551e-06
8000 4.5857994843411785e-06
9000 4.908238510583917e-06
10000 2.2928997421705893e-06
20000 0.0023057973032202988
40000 2.1495935082849276e-07
60000 2.507859092999082e-07
80000 2.8661246777132366e-07
100000 2.8661246777132366e-07
160200
20000 3.582655847141546e-08
35400
20000 3.582655847141546e-08
49200
20000 3.582655847141546e-08
23400
20000 3.582655847141546e-08
140
1 1.4688888973280337e-06
10 3.1527371454845603e-06
20 4.26336045809844e-06
30 1.1106233126138792e-06
40 3.5826558471415456e-07
50 1.0747967541424638e-07
60 3.5826558471415456e-07
70 2.507859092999082e-07
80 1.4330623388566183e-07
90 1.7913279235707728e-07
100 3.582655847141546e-08
110 3.582655847141546e-08
120 7.165311694283091e-08
130 7.165311694283091e-08
140 7.165311694283091e-08
150 1.0747967541424638e-07
160 3.582655847141546e-08
170 3.582655847141546e-08
180 3.582655847141546e-08
190 7.165311694283091e-08
200 3.582655847141546e-08
300 1.0747967541424638e-07
400 7.165311694283091e-08
500 1.0747967541424638e-07
600 1.4330623388566183e-07
700 1.0747967541424638e-07
800 7.165311694283091e-08
900 7.165311694283091e-08
1000 2.1495935082849276e-07
2000 8.59837403313971e-07
3000 6.090514940140628e-07
4000 6.448780524854783e-07
5000 7.523577278997246e-07
6000 5.015718185998164e-07
7000 4.299187016569855e-07
8000 4.6574526012840094e-07
9000 6.448780524854783e-07
10000 4.299187016569855e-07
20000 0.0001592490524054417
80000 7.165311694283091e-08
100000 7.165311694283091e-08
36
1 5.947208706254966e-06
10 8.311761565368386e-06
20 3.6077344380715365e-05
30 4.442493250455517e-06
40 5.588943121540811e-06
50 4.335013575041271e-06
60 4.908238510583917e-06
70 3.690135522555792e-06
80 5.44563688765515e-06
90 4.7291057182268405e-06
100 4.191707341155609e-06
110 2.6153387684133286e-06
120 3.4035230547844686e-06
130 2.4003794175848357e-06
140 3.833441756441454e-06
150 2.901951236184652e-06
160 3.54682928867013e-06
170 3.2243902624273913e-06
180 2.6869918853561595e-06
190 2.651165326884744e-06
200 1.522628735035157e-05
300 5.245008160215223e-05
400 5.12319786141241e-06
500 7.09365857734026e-06
600 2.7944715607704055e-06
700 1.8988075989850192e-06
800 5.911382147783551e-06
900 8.956639617853865e-06
1000 7.588065084245794e-05
2000 8.777506825496787e-06
3000 1.97046071592785e-06
4000 2.3287263006420048e-06
5000 1.4688888973280337e-06
6000 8.956639617853864e-07
7000 1.253929546499541e-06
8000 8.59837403313971e-07
9000 1.5405420142708647e-06
10000 5.015718185998164e-07
20000 0.0002846778336138672
40000 3.582655847141546e-08
60000 7.165311694283091e-08
80000 1.0747967541424638e-07
100000 1.0747967541424638e-07
160
1 1.4688888973280337e-06
10 2.830298119241821e-06
20 3.976747990327116e-06
30 8.956639617853864e-07
40 5.015718185998164e-07
50 2.507859092999082e-07
60 3.2243902624273914e-07
70 2.8661246777132366e-07
80 1.4330623388566183e-07
90 1.4330623388566183e-07
100 7.165311694283091e-08
110 7.165311694283091e-08
130 7.165311694283091e-08
140 7.165311694283091e-08
170 3.582655847141546e-08
180 3.582655847141546e-08
190 7.165311694283091e-08
300 1.0747967541424638e-07
400 1.7913279235707728e-07
600 7.165311694283091e-08
700 3.582655847141546e-08
800 3.582655847141546e-08
900 3.582655847141546e-08
1000 2.8661246777132366e-07
2000 6.807046109568938e-07
3000 4.6574526012840094e-07
4000 4.6574526012840094e-07
5000 6.090514940140628e-07
6000 4.299187016569855e-07
7000 3.2243902624273914e-07
8000 4.6574526012840094e-07
9000 5.015718185998164e-07
10000 2.507859092999082e-07
20000 9.264748020708037e-05
40000 3.582655847141546e-08
80000 7.165311694283091e-08
100000 1.0747967541424638e-07
550
1 4.299187016569855e-07
10 2.0062872743992655e-06
20 2.901951236184652e-06
30 2.507859092999082e-07
40 2.1495935082849276e-07
50 3.582655847141546e-08
60 4.6574526012840094e-07
70 4.299187016569855e-07
80 1.7913279235707728e-07
90 1.4330623388566183e-07
100 3.582655847141546e-08
150 3.582655847141546e-08
500 3.582655847141546e-08
2000 7.165311694283091e-08
3000 3.582655847141546e-08
4000 1.4330623388566183e-07
5000 3.582655847141546e-08
6000 7.165311694283091e-08
7000 1.0747967541424638e-07
20000 9.637344228810759e-06
46
1 1.934634157456435e-06
10 3.7259620810272075e-06
20 1.7555013650993575e-05
30 1.2897561049709565e-06
40 2.185420066756343e-06
50 1.719674806627942e-06
60 1.934634157456435e-06
70 1.3614092219137875e-06
80 1.4688888973280337e-06
90 1.934634157456435e-06
100 1.3614092219137875e-06
110 8.956639617853864e-07
120 8.59837403313971e-07
130 8.59837403313971e-07
140 1.1822764295567101e-06
150 9.314905202568019e-07
160 1.0389701956710482e-06
170 1.5763685727422802e-06
180 5.732249355426473e-07
190 8.240108448425556e-07
200 4.406666691984102e-06
300 2.6368347034961778e-05
400 4.299187016569855e-07
500 1.0747967541424638e-07
600 2.1495935082849276e-07
700 9.314905202568019e-07
800 4.979891627526748e-06
900 6.6279133172118595e-06
1000 3.6256477173072444e-05
2000 5.911382147783551e-06
3000 1.6480216896851111e-06
4000 8.240108448425556e-07
5000 8.59837403313971e-07
6000 5.015718185998164e-07
7000 9.673170787282175e-07
8000 6.448780524854783e-07
9000 5.015718185998164e-07
10000 5.015718185998164e-07
20000 0.00021220070582619375
60000 3.582655847141546e-08
80000 7.165311694283091e-08
73200
1 3.582655847141546e-08
500
1 6.448780524854783e-07
10 1.3614092219137875e-06
20 3.439349613255884e-06
30 1.4330623388566183e-07
40 2.507859092999082e-07
60 3.2243902624273914e-07
70 2.507859092999082e-07
80 1.0747967541424638e-07
90 3.582655847141546e-08
100 3.582655847141546e-08
120 3.582655847141546e-08
130 3.582655847141546e-08
140 7.165311694283091e-08
190 3.582655847141546e-08
2000 3.582655847141546e-08
3000 3.582655847141546e-08
4000 1.4330623388566183e-07
5000 7.165311694283091e-08
6000 3.582655847141546e-08
7000 1.0747967541424638e-07
8000 3.582655847141546e-08
9000 3.582655847141546e-08
10000 3.582655847141546e-08
20000 3.4035230547844686e-06
28800
3000 3.582655847141546e-08
10
1 0.0005475372931186425
10 0.00012600200614396818
20 0.0014616877590752793
30 0.0007985023352109077
40 0.00013854130160896358
50 0.00011858590854038517
60 0.00014979084096898804
70 0.00016508878143628244
80 0.00015982227734098435
90 0.00013055197906983792
100 0.00013155512270703756
110 8.197116578259856e-05
120 0.0001094143095717028
130 9.848720923792109e-05
140 0.00011482411990088654
150 8.859907909981042e-05
160 0.00011245956704177312
170 9.304157235026594e-05
180 9.730493280836438e-05
190 7.50924665560868e-05
200 0.000405556641896423
300 0.0016751423944479727
400 2.5186070605405067e-05
500 2.7335664113689993e-05
600 4.847333361182512e-05
700 3.263799476745948e-05
800 7.74211928567288e-05
900 0.00011987566464535613
1000 0.0032637636501874766
2000 0.0001299787541342953
3000 4.621626042812594e-05
4000 0.00010712140982953222
5000 1.214520332180984e-05
6000 1.601447163672271e-05
7000 1.0031436371996329e-05
8000 7.201138252754507e-06
9000 8.383414682311217e-06
10000 3.4751761717272996e-06
20000 0.0035937620802676848
40000 4.299187016569855e-07
60000 3.5826558471415456e-07
80000 3.5826558471415456e-07
100000 2.507859092999082e-07
750
1 6.090514940140628e-07
10 7.881842863711401e-07
20 2.3287263006420048e-06
30 7.165311694283091e-08
40 7.165311694283091e-08
50 3.582655847141546e-08
60 1.7913279235707728e-07
70 1.7913279235707728e-07
80 1.0747967541424638e-07
90 3.582655847141546e-08
100 1.0747967541424638e-07
130 7.165311694283091e-08
2000 3.582655847141546e-08
3000 3.582655847141546e-08
5000 3.582655847141546e-08
6000 3.582655847141546e-08
8000 3.582655847141546e-08
9000 3.582655847141546e-08
20000 5.015718185998164e-07
13400
50 3.582655847141546e-08
70 3.582655847141546e-08
900
1 3.9409214318557004e-07
10 4.6574526012840094e-07
20 1.0031436371996327e-06
30 1.0747967541424638e-07
40 7.165311694283091e-08
50 1.0747967541424638e-07
60 1.0747967541424638e-07
70 1.0747967541424638e-07
80 1.0747967541424638e-07
110 3.582655847141546e-08
120 3.582655847141546e-08
130 3.582655847141546e-08
140 3.582655847141546e-08
150 3.582655847141546e-08
4000 1.0747967541424638e-07
8000 3.582655847141546e-08
9000 3.582655847141546e-08
20000 3.582655847141546e-08
50000
1 3.582655847141546e-08
99000
400 3.582655847141546e-08
26
1 2.1030189822720873e-05
10 1.547707325965148e-05
20 4.8150894585582374e-05
30 8.849159942439617e-06
40 9.422384877982265e-06
50 8.813333383968203e-06
60 9.637344228810759e-06
70 7.308617928168753e-06
80 9.350731761039435e-06
90 7.989322539125648e-06
100 7.989322539125648e-06
110 5.44563688765515e-06
120 6.735392992626106e-06
130 5.51729000459798e-06
140 7.846016305239986e-06
150 5.373983770712319e-06
160 6.4846070833261976e-06
170 5.696422796955058e-06
180 6.054688381669213e-06
190 4.406666691984102e-06
200 2.901951236184652e-05
300 0.00012163116601045548
400 2.0779403913420964e-06
500 7.523577278997246e-07
600 2.113766949813512e-06
700 4.155880782684193e-06
800 1.0747967541424638e-05
900 1.5262113908822984e-05
1000 0.0001884476975596453
2000 1.680265592309385e-05
3000 3.367696496313053e-06
4000 1.167945806168144e-05
5000 2.4720325345276667e-06
6000 1.3614092219137875e-06
7000 1.6838482481565266e-06
8000 1.5763685727422802e-06
9000 2.6153387684133286e-06
10000 8.59837403313971e-07
20000 0.0005532337159155975
40000 1.0747967541424638e-07
60000 7.165311694283091e-08
80000 3.582655847141546e-08
1300
1 1.4330623388566183e-07
10 2.1495935082849276e-07
20 2.1495935082849276e-07
30 3.582655847141546e-08
50 3.582655847141546e-08
60 3.582655847141546e-08
70 3.582655847141546e-08
100 3.582655847141546e-08
120 3.582655847141546e-08
140 7.165311694283091e-08
3000 3.582655847141546e-08
8000 3.582655847141546e-08
20000 1.4330623388566183e-07
2350
20 3.582655847141546e-08
30 3.582655847141546e-08
60 3.582655847141546e-08
6000 3.582655847141546e-08
2100
1 3.582655847141546e-08
10 3.582655847141546e-08
20 1.0747967541424638e-07
60 3.582655847141546e-08
23000
20000 3.582655847141546e-08
48
1 2.113766949813512e-06
10 3.833441756441454e-06
20 1.7089268390865175e-05
30 2.0779403913420964e-06
40 1.719674806627942e-06
50 2.185420066756343e-06
60 2.2212466252277583e-06
70 2.1495935082849274e-06
80 1.6838482481565266e-06
90 1.3614092219137875e-06
100 1.6121951312136956e-06
110 8.956639617853864e-07
120 1.3972357803852028e-06
130 8.240108448425556e-07
140 9.314905202568019e-07
150 1.2897561049709565e-06
160 7.881842863711401e-07
170 2.0062872743992655e-06
180 1.0747967541424637e-06
190 7.881842863711401e-07
200 5.12319786141241e-06
300 2.3143956772534387e-05
400 6.090514940140628e-07
500 7.165311694283091e-08
600 3.5826558471415456e-07
700 1.253929546499541e-06
800 5.875555589312135e-06
900 7.416097603583e-06
1000 2.1639241316734936e-05
2000 6.6279133172118595e-06
3000 2.042113832870681e-06
4000 6.807046109568938e-07
5000 8.59837403313971e-07
6000 3.9409214318557004e-07
7000 4.6574526012840094e-07
8000 5.732249355426473e-07
9000 7.165311694283091e-07
10000 3.2243902624273914e-07
20000 0.00021037355134415157
40000 7.165311694283091e-08
80000 3.582655847141546e-08
100000 3.582655847141546e-08
30
1 1.1177886243081622e-05
10 1.253929546499541e-05
20 4.1415501592956266e-05
30 8.813333383968203e-06
40 8.92081305938245e-06
50 7.523577278997246e-06
60 7.953495980654232e-06
70 6.054688381669213e-06
80 6.878699226511768e-06
90 5.947208706254966e-06
100 6.4487805248547825e-06
110 4.227533899627024e-06
120 5.302330653769488e-06
130 5.373983770712319e-06
140 5.911382147783551e-06
150 4.5499729258697635e-06
160 5.230677536826657e-06
170 4.5499729258697635e-06
180 5.588943121540811e-06
190 3.9409214318557e-06
200 2.2176639693806168e-05
300 0.0001024281306697768
400 2.042113832870681e-06
500 1.2181029880281256e-06
600 2.0062872743992655e-06
700 1.7555013650993575e-06
800 8.096802214539894e-06
900 1.522628735035157e-05
1000 0.00010945013613017422
2000 1.379322501149495e-05
3000 3.4035230547844686e-06
4000 5.409810329183734e-06
5000 1.7555013650993575e-06
6000 1.1106233126138792e-06
7000 1.5405420142708647e-06
8000 1.3972357803852028e-06
9000 1.8988075989850192e-06
10000 1.1822764295567101e-06
20000 0.00047079680487287055
40000 7.165311694283091e-08
60000 3.582655847141546e-08
80000 7.165311694283091e-08
100000 3.582655847141546e-08
800
1 5.732249355426473e-07
10 5.732249355426473e-07
20 2.042113832870681e-06
30 2.1495935082849276e-07
40 7.165311694283091e-08
50 3.582655847141546e-08
60 1.0747967541424638e-07
70 1.4330623388566183e-07
80 1.0747967541424638e-07
120 1.0747967541424638e-07
130 3.582655847141546e-08
1000 3.582655847141546e-08
2000 3.582655847141546e-08
4000 3.582655847141546e-08
8000 7.165311694283091e-08
10000 3.582655847141546e-08
20000 7.165311694283091e-08
1000
1 6.448780524854783e-07
10 3.9409214318557004e-07
20 5.732249355426473e-07
30 7.165311694283091e-08
40 1.0747967541424638e-07
70 1.0747967541424638e-07
80 1.0747967541424638e-07
90 3.582655847141546e-08
100 3.582655847141546e-08
140 3.582655847141546e-08
3000 3.582655847141546e-08
20000 4.048401107269947e-06
3950
1 1.0747967541424638e-07
20 3.582655847141546e-08
8000 3.582655847141546e-08
3450
30 3.582655847141546e-08
60 3.582655847141546e-08
80 3.582655847141546e-08
162000
1 3.582655847141546e-08
53600
1 3.582655847141546e-08
29600
1 3.582655847141546e-08
20000 3.582655847141546e-08
32
1 5.983035264726382e-06
10 8.813333383968203e-06
20 2.9843523206689076e-05
30 4.7291057182268405e-06
40 5.194850978355241e-06
50 4.012574548798531e-06
60 5.015718185998164e-06
70 3.6543089640843766e-06
80 4.442493250455517e-06
90 3.1885637039559758e-06
100 3.9409214318557e-06
110 2.8661246777132365e-06
120 3.4751761717272996e-06
130 2.830298119241821e-06
140 3.9409214318557e-06
150 3.3318699378416377e-06
160 4.120054224212778e-06
170 2.579512209941913e-06
180 3.761788639498623e-06
190 2.436205976056251e-06
200 1.3757398453023536e-05
300 5.581777809846528e-05
400 2.1495935082849274e-06
500 3.045257470070314e-06
600 1.5763685727422802e-06
700 1.7913279235707728e-06
800 6.914525784983183e-06
900 1.3220000075952305e-05
1000 0.00011976818496994188
2000 1.2610948581938241e-05
3000 3.045257470070314e-06
4000 4.514146367398348e-06
5000 1.8271544820421883e-06
6000 1.2897561049709565e-06
7000 1.253929546499541e-06
8000 1.4688888973280337e-06
9000 1.7913279235707728e-06
10000 8.240108448425556e-07
20000 0.0003779701918734331
40000 2.507859092999082e-07
60000 7.165311694283091e-08
80000 1.4330623388566183e-07
100000 3.582655847141546e-08
200
1 1.253929546499541e-06
10 1.8271544820421883e-06
20 3.2602168208988067e-06
30 5.732249355426473e-07
40 2.507859092999082e-07
50 3.2243902624273914e-07
60 5.015718185998164e-07
70 2.1495935082849276e-07
80 2.1495935082849276e-07
90 3.582655847141546e-08
100 3.582655847141546e-08
140 7.165311694283091e-08
200 7.165311694283091e-08
400 3.582655847141546e-08
500 3.582655847141546e-08
900 3.582655847141546e-08
1000 3.582655847141546e-08
2000 1.7913279235707728e-07
3000 2.507859092999082e-07
4000 3.9409214318557004e-07
5000 3.2243902624273914e-07
6000 3.2243902624273914e-07
7000 1.7913279235707728e-07
8000 2.8661246777132366e-07
9000 2.8661246777132366e-07
10000 7.165311694283091e-08
20000 5.768075913897889e-05
80000 3.582655847141546e-08
52400
1 7.165311694283091e-08
203600
1 3.582655847141546e-08
1500
1 3.582655847141546e-08
10 3.582655847141546e-08
20 7.165311694283091e-08
30 3.582655847141546e-08
60 3.582655847141546e-08
80 3.582655847141546e-08
190 3.582655847141546e-08
1000 3.582655847141546e-08
20000 3.582655847141546e-08
16
1 8.172037987329865e-05
10 3.797615197970039e-05
20 0.00024673750819263827
30 0.00022997067882801582
40 3.206476983191684e-05
50 2.7084878204390086e-05
60 3.2852954118287974e-05
70 3.10616261947172e-05
80 3.3856097755487606e-05
90 2.8840379569489444e-05
100 2.737149067216141e-05
110 1.9310515016092933e-05
120 2.5615989307062054e-05
130 2.303647709712014e-05
140 2.8589593660189536e-05
150 2.350222235724854e-05
160 2.5687642424004882e-05
170 2.4971111254576575e-05
180 2.540102995623356e-05
190 1.9059729106793022e-05
200 0.00011199382178164472
300 0.00043396710276425544
400 6.807046109568937e-06
500 3.1885637039559758e-06
600 3.045257470070314e-06
700 4.299187016569855e-06
800 2.128097573202078e-05
900 4.489067776468357e-05
1000 0.0006366737705955241
2000 4.084227665741362e-05
3000 8.670027150082541e-06
4000 3.6722222433200844e-05
5000 4.7649322766982555e-06
6000 3.7259620810272075e-06
7000 3.5826558471415456e-06
8000 3.905094873384285e-06
9000 4.155880782684193e-06
10000 1.6480216896851111e-06
20000 0.001648272475594411
40000 5.373983770712318e-07
60000 3.5826558471415456e-07
80000 1.7913279235707728e-07
100000 4.299187016569855e-07
950
1 1.4330623388566183e-07
10 4.299187016569855e-07
20 6.090514940140628e-07
30 2.1495935082849276e-07
50 3.582655847141546e-08
60 1.0747967541424638e-07
70 1.4330623388566183e-07
80 7.165311694283091e-08
4000 3.582655847141546e-08
6000 3.582655847141546e-08
8000 7.165311694283091e-08
9000 3.582655847141546e-08
20000 8.240108448425556e-06
1700
1 3.582655847141546e-08
10 1.0747967541424638e-07
20 2.507859092999082e-07
60 7.165311694283091e-08
90 3.582655847141546e-08
5000 3.582655847141546e-08
20000 1.719674806627942e-06
14800
1 1.0747967541424638e-07
220
1 7.523577278997246e-07
10 1.0747967541424637e-06
20 3.2960433793702222e-06
30 5.373983770712318e-07
40 2.8661246777132366e-07
50 1.7913279235707728e-07
60 2.1495935082849276e-07
70 1.7913279235707728e-07
80 1.4330623388566183e-07
90 2.1495935082849276e-07
100 7.165311694283091e-08
110 3.582655847141546e-08
120 1.0747967541424638e-07
130 3.582655847141546e-08
140 3.582655847141546e-08
150 3.582655847141546e-08
160 1.0747967541424638e-07
190 3.582655847141546e-08
300 3.582655847141546e-08
600 3.582655847141546e-08
900 3.582655847141546e-08
1000 7.165311694283091e-08
2000 2.507859092999082e-07
3000 2.507859092999082e-07
4000 1.0747967541424638e-07
5000 1.7913279235707728e-07
6000 1.4330623388566183e-07
7000 7.165311694283091e-08
8000 2.507859092999082e-07
9000 2.507859092999082e-07
10000 1.0747967541424638e-07
20000 4.349344198429837e-05
300
1 5.015718185998164e-07
10 1.1106233126138792e-06
20 3.5826558471415456e-06
30 3.2243902624273914e-07
40 7.165311694283091e-08
50 1.7913279235707728e-07
60 1.4330623388566183e-07
70 1.4330623388566183e-07
80 7.165311694283091e-08
90 3.582655847141546e-08
110 7.165311694283091e-08
140 3.582655847141546e-08
150 3.582655847141546e-08
200 3.582655847141546e-08
300 7.165311694283091e-08
500 7.165311694283091e-08
600 3.582655847141546e-08
2000 7.165311694283091e-08
3000 1.4330623388566183e-07
4000 7.165311694283091e-08
5000 2.1495935082849276e-07
6000 1.4330623388566183e-07
7000 3.582655847141546e-08
8000 1.0747967541424638e-07
9000 7.165311694283091e-08
10000 1.7913279235707728e-07
20000 4.979891627526748e-06
100000 7.165311694283091e-08
400
1 4.6574526012840094e-07
10 7.523577278997246e-07
20 2.3287263006420048e-06
30 7.165311694283091e-08
40 2.1495935082849276e-07
50 2.1495935082849276e-07
60 3.5826558471415456e-07
70 7.165311694283091e-08
80 1.4330623388566183e-07
90 7.165311694283091e-08
100 7.165311694283091e-08
110 7.165311694283091e-08
120 1.7913279235707728e-07
130 2.1495935082849276e-07
140 1.0747967541424638e-07
180 3.582655847141546e-08
1000 3.582655847141546e-08
4000 1.7913279235707728e-07
5000 7.165311694283091e-08
6000 7.165311694283091e-08
7000 3.582655847141546e-08
9000 1.0747967541424638e-07
20000 3.2602168208988067e-06
80000 3.582655847141546e-08
2400
1 1.4330623388566183e-07
10 1.0747967541424638e-07
20 1.4330623388566183e-07
30 3.582655847141546e-08
5000 3.582655847141546e-08
8000 3.582655847141546e-08
21600
1 3.582655847141546e-08
16400
1 7.165311694283091e-08
380
1 3.9409214318557004e-07
10 7.523577278997246e-07
20 2.4003794175848357e-06
30 4.299187016569855e-07
40 1.0747967541424638e-07
50 7.165311694283091e-08
60 2.1495935082849276e-07
70 1.4330623388566183e-07
80 1.0747967541424638e-07
90 3.582655847141546e-08
100 7.165311694283091e-08
110 3.582655847141546e-08
120 7.165311694283091e-08
130 3.582655847141546e-08
140 3.582655847141546e-08
1000 7.165311694283091e-08
2000 7.165311694283091e-08
3000 1.0747967541424638e-07
5000 1.4330623388566183e-07
7000 1.0747967541424638e-07
8000 7.165311694283091e-08
9000 7.165311694283091e-08
20000 3.6543089640843766e-06
100000 3.582655847141546e-08
44
1 2.5436856514704976e-06
10 4.5857994843411785e-06
20 1.4545582739394676e-05
30 2.6869918853561595e-06
40 2.1495935082849274e-06
50 2.0779403913420964e-06
60 2.113766949813512e-06
70 1.7555013650993575e-06
80 2.257073183699174e-06
90 1.97046071592785e-06
100 1.6121951312136956e-06
110 8.59837403313971e-07
120 1.253929546499541e-06
130 1.2181029880281256e-06
140 1.4330623388566182e-06
150 1.3614092219137875e-06
160 1.4688888973280337e-06
170 2.0062872743992655e-06
180 1.1822764295567101e-06
190 1.1106233126138792e-06
200 5.803902472369304e-06
300 3.460845548338733e-05
400 3.9409214318557004e-07
500 1.4330623388566183e-07
600 1.4330623388566183e-07
700 1.1464498710852946e-06
800 5.338157212240903e-06
900 6.23382117402629e-06
1000 4.137967503448486e-05
2000 9.78065046269642e-06
3000 1.7913279235707728e-06
4000 9.314905202568019e-07
5000 9.673170787282175e-07
6000 8.956639617853864e-07
7000 1.0747967541424637e-06
8000 6.448780524854783e-07
9000 5.373983770712318e-07
10000 2.1495935082849276e-07
20000 0.00024250997429301122
40000 3.582655847141546e-08
60000 3.582655847141546e-08
80000 1.4330623388566183e-07
100000 1.0747967541424638e-07
10800
1 7.165311694283091e-08
6000 3.582655847141546e-08
8000 3.582655847141546e-08
20
1 0.00013889956719367774
10 2.8267154633946797e-05
20 0.00017189582754585138
30 2.2104986576863336e-05
40 1.8916422872907362e-05
50 1.8020758911121974e-05
60 2.239159904463466e-05
70 1.852233072972179e-05
80 2.3609702032662787e-05
90 1.8235718261950466e-05
100 2.0456964887178225e-05
110 1.2790081374295319e-05
120 1.648021689685111e-05
130 1.4760542090223168e-05
140 1.9203035340678686e-05
150 1.5262113908822984e-05
160 1.8199891703479054e-05
170 1.9919566510106993e-05
180 1.7483360534050743e-05
190 1.0676314424481806e-05
200 6.939604375913175e-05
300 0.00032620081488223777
400 6.162168057083459e-06
500 4.8365853936410865e-06
600 2.185420066756343e-06
700 3.54682928867013e-06
800 1.3399132868309381e-05
900 2.4505365994448175e-05
1000 0.000507053282045943
2000 2.4899458137633743e-05
3000 5.266504095298072e-06
4000 1.6587696572265355e-05
5000 3.116910587013145e-06
6000 3.045257470070314e-06
7000 2.4003794175848357e-06
8000 2.973604353127483e-06
9000 3.2960433793702222e-06
10000 1.6121951312136956e-06
20000 0.0011642914972040596
40000 4.299187016569855e-07
60000 3.5826558471415456e-07
80000 2.1495935082849276e-07
100000 4.6574526012840094e-07
850
1 1.7913279235707728e-07
10 6.448780524854783e-07
20 1.7913279235707728e-06
30 3.582655847141546e-08
40 3.582655847141546e-08
50 3.582655847141546e-08
60 7.165311694283091e-08
70 1.0747967541424638e-07
80 3.582655847141546e-08
110 3.582655847141546e-08
2000 3.582655847141546e-08
3000 7.165311694283091e-08
4000 3.582655847141546e-08
8000 3.582655847141546e-08
20000 2.0062872743992655e-06
1250
1 1.0747967541424638e-07
10 2.8661246777132366e-07
20 3.9409214318557004e-07
30 1.4330623388566183e-07
60 1.4330623388566183e-07
70 7.165311694283091e-08
80 3.582655847141546e-08
3000 3.582655847141546e-08
29400
1 7.165311694283091e-08
8400
1 7.165311694283091e-08
50 3.582655847141546e-08
1000 3.582655847141546e-08
5000 3.582655847141546e-08
14600
70 3.582655847141546e-08
80 3.582655847141546e-08
14400
40 7.165311694283091e-08
60 3.582655847141546e-08
1750
1 1.4330623388566183e-07
10 7.165311694283091e-08
20 1.4330623388566183e-07
60 3.582655847141546e-08
120 3.582655847141546e-08
150 3.582655847141546e-08
20000 2.1495935082849276e-07
2500
1 7.165311694283091e-08
20 1.4330623388566183e-07
40 3.582655847141546e-08
80 3.582655847141546e-08
110 3.582655847141546e-08
5000 3.582655847141546e-08
76200
8000 3.582655847141546e-08
1450
1 2.507859092999082e-07
10 7.165311694283091e-08
20 1.7913279235707728e-07
60 3.582655847141546e-08
90 3.582655847141546e-08
6000 7.165311694283091e-08
20000 3.582655847141546e-08
1150
1 3.9409214318557004e-07
10 2.8661246777132366e-07
20 4.6574526012840094e-07
30 1.0747967541424638e-07
40 3.582655847141546e-08
50 3.582655847141546e-08
60 7.165311694283091e-08
80 3.582655847141546e-08
110 3.582655847141546e-08
3000 3.582655847141546e-08
5000 7.165311694283091e-08
1100
1 1.7913279235707728e-07
10 7.165311694283091e-07
20 5.732249355426473e-07
30 1.7913279235707728e-07
40 1.0747967541424638e-07
50 3.582655847141546e-08
70 3.582655847141546e-08
90 3.582655847141546e-08
100 3.582655847141546e-08
110 3.582655847141546e-08
140 3.582655847141546e-08
9000 7.165311694283091e-08
20000 1.4688888973280337e-06
360
1 3.5826558471415456e-07
10 9.314905202568019e-07
20 2.722818443827575e-06
30 3.2243902624273914e-07
40 2.507859092999082e-07
50 1.0747967541424638e-07
60 7.165311694283091e-08
70 1.0747967541424638e-07
80 1.0747967541424638e-07
100 7.165311694283091e-08
120 3.582655847141546e-08
140 7.165311694283091e-08
150 3.582655847141546e-08
500 3.582655847141546e-08
900 3.582655847141546e-08
1000 3.582655847141546e-08
2000 3.582655847141546e-08
3000 1.4330623388566183e-07
4000 7.165311694283091e-08
5000 3.582655847141546e-08
6000 1.0747967541424638e-07
7000 7.165311694283091e-08
8000 7.165311694283091e-08
9000 7.165311694283091e-08
10000 3.582655847141546e-08
20000 3.0810840285417294e-06
280
1 6.090514940140628e-07
10 1.325582663442372e-06
20 3.116910587013145e-06
30 3.9409214318557004e-07
40 7.165311694283091e-08
50 1.4330623388566183e-07
60 1.7913279235707728e-07
70 7.165311694283091e-08
80 1.7913279235707728e-07
90 3.582655847141546e-08
100 3.582655847141546e-08
110 1.0747967541424638e-07
120 7.165311694283091e-08
130 3.582655847141546e-08
140 7.165311694283091e-08
150 7.165311694283091e-08
180 3.582655847141546e-08
200 3.582655847141546e-08
300 1.0747967541424638e-07
600 3.582655847141546e-08
900 3.582655847141546e-08
1000 3.582655847141546e-08
2000 1.7913279235707728e-07
3000 7.165311694283091e-08
4000 7.165311694283091e-08
5000 7.165311694283091e-08
6000 1.7913279235707728e-07
7000 7.165311694283091e-08
8000 1.0747967541424638e-07
10000 7.165311694283091e-08
20000 6.018861823197797e-06
80000 3.582655847141546e-08
100000 3.582655847141546e-08
22800
1 3.582655847141546e-08
20000
1 3.582655847141546e-08
320
1 6.090514940140628e-07
10 1.2897561049709565e-06
20 3.4035230547844686e-06
30 3.5826558471415456e-07
40 1.0747967541424638e-07
60 1.4330623388566183e-07
70 7.165311694283091e-08
80 1.7913279235707728e-07
100 3.582655847141546e-08
120 3.582655847141546e-08
140 3.582655847141546e-08
150 3.582655847141546e-08
180 7.165311694283091e-08
300 3.582655847141546e-08
800 3.582655847141546e-08
1000 3.582655847141546e-08
3000 3.582655847141546e-08
4000 7.165311694283091e-08
5000 7.165311694283091e-08
6000 1.0747967541424638e-07
7000 3.582655847141546e-08
8000 1.4330623388566183e-07
9000 1.0747967541424638e-07
20000 1.615777787060837e-05
1900
1 1.7913279235707728e-07
10 3.582655847141546e-08
20 2.1495935082849276e-07
30 3.582655847141546e-08
2000 3.582655847141546e-08
3000 3.582655847141546e-08
4000 3.582655847141546e-08
6000 3.582655847141546e-08
8000 3.582655847141546e-08
21400
1 3.582655847141546e-08
4650
1 3.582655847141546e-08
10 3.582655847141546e-08
8000 3.582655847141546e-08
47200
1 3.582655847141546e-08
3850
10 3.582655847141546e-08
20 3.582655847141546e-08
100 3.582655847141546e-08
3250
1 3.582655847141546e-08
10 3.582655847141546e-08
20 7.165311694283091e-08
70 3.582655847141546e-08
99600
20000 3.582655847141546e-08
14000
80 3.582655847141546e-08
8000 3.582655847141546e-08
26000
1 3.582655847141546e-08
5200
1 1.0747967541424638e-07
20 3.582655847141546e-08
40 3.582655847141546e-08
60 1.4330623388566183e-07
3000 3.582655847141546e-08
20000 7.165311694283091e-08
9400
1 3.582655847141546e-08
70 3.582655847141546e-08
3100
1 3.582655847141546e-08
10 7.165311694283091e-08
20 3.582655847141546e-08
50
1 1.4688888973280337e-06
10 1.97046071592785e-06
20 8.562547474668295e-06
30 1.253929546499541e-06
40 7.881842863711401e-07
50 7.165311694283091e-07
60 8.956639617853864e-07
70 1.1106233126138792e-06
80 8.240108448425556e-07
90 6.448780524854783e-07
100 9.673170787282175e-07
110 5.015718185998164e-07
120 6.448780524854783e-07
130 3.2243902624273914e-07
140 6.807046109568938e-07
150 6.448780524854783e-07
160 6.090514940140628e-07
170 5.373983770712318e-07
180 6.090514940140628e-07
190 3.9409214318557004e-07
200 2.4003794175848357e-06
300 1.2718428257352487e-05
400 4.6574526012840094e-07
500 1.0747967541424638e-07
600 7.165311694283091e-08
700 4.6574526012840094e-07
800 3.367696496313053e-06
900 5.588943121540811e-06
1000 1.6516043455322527e-05
2000 4.908238510583917e-06
3000 1.6121951312136956e-06
4000 1.7913279235707728e-07
5000 4.299187016569855e-07
6000 3.2243902624273914e-07
7000 3.5826558471415456e-07
8000 4.299187016569855e-07
9000 2.8661246777132366e-07
10000 2.8661246777132366e-07
20000 0.00010210569164353406
60000 3.582655847141546e-08
159600
1 3.582655847141546e-08
10400
20 3.582655847141546e-08
70 3.582655847141546e-08
20000 3.582655847141546e-08
48200
1 3.582655847141546e-08
8200
1 1.0747967541424638e-07
20 7.165311694283091e-08
1000 3.582655847141546e-08
6000 3.582655847141546e-08
3550
20 7.165311694283091e-08
50 3.582655847141546e-08
20000 3.582655847141546e-08
133400
1 3.582655847141546e-08
132400
1 3.582655847141546e-08
6400
1 7.165311694283091e-08
20 3.582655847141546e-08
90 3.582655847141546e-08
6000 3.582655847141546e-08
20000 3.582655847141546e-08
24200
1 3.582655847141546e-08
340
1 7.165311694283091e-07
10 1.0031436371996327e-06
20 3.045257470070314e-06
30 3.582655847141546e-08
50 1.7913279235707728e-07
60 3.582655847141546e-08
70 1.0747967541424638e-07
80 1.0747967541424638e-07
100 7.165311694283091e-08
110 3.582655847141546e-08
120 3.582655847141546e-08
140 3.582655847141546e-08
170 3.582655847141546e-08
200 3.582655847141546e-08
800 3.582655847141546e-08
1000 7.165311694283091e-08
2000 1.4330623388566183e-07
3000 7.165311694283091e-08
4000 7.165311694283091e-08
5000 3.582655847141546e-08
6000 7.165311694283091e-08
7000 1.0747967541424638e-07
8000 1.0747967541424638e-07
9000 1.0747967541424638e-07
20000 5.947208706254966e-06
80000 7.165311694283091e-08
100000 3.582655847141546e-08
6000
1 3.582655847141546e-08
10 3.582655847141546e-08
20 1.0747967541424638e-07
20000 7.165311694283091e-08
5800
1 7.165311694283091e-08
20 7.165311694283091e-08
20000 3.582655847141546e-08
460
1 1.7913279235707728e-07
10 4.6574526012840094e-07
20 1.5763685727422802e-06
30 1.4330623388566183e-07
40 1.0747967541424638e-07
50 7.165311694283091e-08
60 1.0747967541424638e-07
70 7.165311694283091e-08
80 7.165311694283091e-08
110 7.165311694283091e-08
130 3.582655847141546e-08
300 3.582655847141546e-08
600 3.582655847141546e-08
3000 7.165311694283091e-08
4000 1.0747967541424638e-07
5000 7.165311694283091e-08
6000 7.165311694283091e-08
7000 7.165311694283091e-08
8000 3.582655847141546e-08
20000 5.373983770712318e-07
5400
1 3.582655847141546e-08
20 7.165311694283091e-08
3000 3.582655847141546e-08
20000 1.0747967541424638e-07
3050
1 7.165311694283091e-08
20 1.4330623388566183e-07
70 7.165311694283091e-08
124000
1 3.582655847141546e-08
10600
1 3.582655847141546e-08
20 3.582655847141546e-08
51600
1 3.582655847141546e-08
8600
1 3.582655847141546e-08
20 7.165311694283091e-08
20000 3.582655847141546e-08
8800
1 1.0747967541424638e-07
10 3.582655847141546e-08
6600
1 3.582655847141546e-08
20 3.582655847141546e-08
30 3.582655847141546e-08
1200
1 7.165311694283091e-08
10 2.507859092999082e-07
20 1.7913279235707728e-07
30 7.165311694283091e-08
50 7.165311694283091e-08
70 3.582655847141546e-08
80 3.582655847141546e-08
3000 1.7913279235707728e-07
4000 3.582655847141546e-08
8000 3.582655847141546e-08
20000 7.165311694283091e-08
27200
20000 3.582655847141546e-08
27000
1 7.165311694283091e-08
3150
1 3.582655847141546e-08
10 3.582655847141546e-08
20 7.165311694283091e-08
150 3.582655847141546e-08
3000
1 3.582655847141546e-08
10 3.582655847141546e-08
20 1.0747967541424638e-07
80 3.582655847141546e-08
8000 3.582655847141546e-08
2950
1 3.582655847141546e-08
20 2.1495935082849276e-07
160 3.582655847141546e-08
20000 3.582655847141546e-08
2200
1 1.7913279235707728e-07
10 3.582655847141546e-08
20 1.0747967541424638e-07
30 3.582655847141546e-08
20000 3.582655847141546e-08
2800
1 1.0747967541424638e-07
10 3.582655847141546e-08
20 3.582655847141546e-08
50 3.582655847141546e-08
70 3.582655847141546e-08
5000 7.165311694283091e-08
8000 3.582655847141546e-08
3300
1 3.582655847141546e-08
20 7.165311694283091e-08
40 3.582655847141546e-08
2450
1 1.4330623388566183e-07
10 7.165311694283091e-08
30 7.165311694283091e-08
70 7.165311694283091e-08
110 3.582655847141546e-08
1000 3.582655847141546e-08
2300
20 1.0747967541424638e-07
60 3.582655847141546e-08
20000 7.165311694283091e-08
4850
1 1.0747967541424638e-07
10 3.582655847141546e-08
40 3.582655847141546e-08
4350
1 3.582655847141546e-08
10 7.165311694283091e-08
100 3.582655847141546e-08
4300
1 7.165311694283091e-08
10 3.582655847141546e-08
2850
1 3.582655847141546e-08
10 3.582655847141546e-08
20 1.0747967541424638e-07
3400
1 3.582655847141546e-08
10 7.165311694283091e-08
5000 3.582655847141546e-08
2150
1 7.165311694283091e-08
10 7.165311694283091e-08
20 7.165311694283091e-08
60 3.582655847141546e-08
70 3.582655847141546e-08
900 7.165311694283091e-08
2000 3.582655847141546e-08
2750
1 2.1495935082849276e-07
10 3.582655847141546e-08
20 3.582655847141546e-08
30 7.165311694283091e-08
8000 3.582655847141546e-08
104800
10 3.582655847141546e-08
18600
1 3.582655847141546e-08
2050
1 7.165311694283091e-08
20 3.582655847141546e-08
70 3.582655847141546e-08
130 3.582655847141546e-08
140 3.582655847141546e-08
2000 3.582655847141546e-08
20000 3.582655847141546e-08
6800
1 3.582655847141546e-08
43000
60 3.582655847141546e-08
108000
10 3.582655847141546e-08
17600
1 7.165311694283091e-08
6200
1 3.582655847141546e-08
20 3.582655847141546e-08
1050
1 3.9409214318557004e-07
10 5.015718185998164e-07
20 6.090514940140628e-07
30 7.165311694283091e-08
40 1.0747967541424638e-07
50 7.165311694283091e-08
60 3.582655847141546e-08
70 1.4330623388566183e-07
80 3.582655847141546e-08
130 3.582655847141546e-08
170 3.582655847141546e-08
1000 3.582655847141546e-08
3000 3.582655847141546e-08
4000 3.582655847141546e-08
8000 7.165311694283091e-08
20000 4.048401107269947e-06
44400
60 3.582655847141546e-08
9600
1 3.582655847141546e-08
40 3.582655847141546e-08
13200
30 3.582655847141546e-08
10200
20 3.582655847141546e-08
7200
1 1.4330623388566183e-07
10 3.582655847141546e-08
20 3.582655847141546e-08
1850
1 1.0747967541424638e-07
10 7.165311694283091e-08
20 7.165311694283091e-08
30 7.165311694283091e-08
5000 3.582655847141546e-08
9000 3.582655847141546e-08
1550
1 1.0747967541424638e-07
20 1.4330623388566183e-07
30 7.165311694283091e-08
50 3.582655847141546e-08
8000 3.582655847141546e-08
4750
20 3.582655847141546e-08
5000
1 1.0747967541424638e-07
20 3.582655847141546e-08
20000 7.165311694283091e-08
4700
1 3.582655847141546e-08
20 3.582655847141546e-08
1800
1 3.582655847141546e-08
10 3.582655847141546e-08
20 1.0747967541424638e-07
100 3.582655847141546e-08
140 3.582655847141546e-08
4000 3.582655847141546e-08
20000 3.582655847141546e-08
2250
1 1.0747967541424638e-07
10 3.582655847141546e-08
20 1.0747967541424638e-07
3600
1 1.0747967541424638e-07
20 7.165311694283091e-08
3700
1 7.165311694283091e-08
800 3.582655847141546e-08
7000
1 1.0747967541424638e-07
20 1.0747967541424638e-07
20000 7.165311694283091e-08
73000
1 3.582655847141546e-08
97400
400 3.582655847141546e-08
3650
1 3.582655847141546e-08
60 3.582655847141546e-08
5000 3.582655847141546e-08
4100
10 3.582655847141546e-08
20000 3.582655847141546e-08
4150
1 1.0747967541424638e-07
10 3.582655847141546e-08
2700
10 3.582655847141546e-08
18400
40 3.582655847141546e-08
4800
1 3.582655847141546e-08
7000 3.582655847141546e-08
5600
1 1.4330623388566183e-07
20 3.582655847141546e-08
20000 3.582655847141546e-08
1950
1 7.165311694283091e-08
10 3.582655847141546e-08
20 1.0747967541424638e-07
30 3.582655847141546e-08
60 3.582655847141546e-08
100 3.582655847141546e-08
2000 3.582655847141546e-08
20000 3.582655847141546e-08
15200
5000 3.582655847141546e-08
6000 3.582655847141546e-08
20000 3.582655847141546e-08
8000
20 3.582655847141546e-08
3500
1 7.165311694283091e-08
20 7.165311694283091e-08
60 3.582655847141546e-08
3000 3.582655847141546e-08
7400
1 3.582655847141546e-08
80 3.582655847141546e-08
5000 3.582655847141546e-08
20000 3.582655847141546e-08
2600
1 7.165311694283091e-08
20 7.165311694283091e-08
60 3.582655847141546e-08
3000 3.582655847141546e-08
3750
5000 3.582655847141546e-08
20000 7.165311694283091e-08
15600
1 3.582655847141546e-08
3800
1 3.582655847141546e-08
40 3.582655847141546e-08
8000 7.165311694283091e-08
20000 3.582655847141546e-08
2000
10 3.582655847141546e-08
20 1.0747967541424638e-07
60 3.582655847141546e-08
80 3.582655847141546e-08
20000 3.582655847141546e-08
40000 3.582655847141546e-08
30400
8000 3.582655847141546e-08
4400
1 3.582655847141546e-08
20 3.582655847141546e-08
30 3.582655847141546e-08
20000 3.582655847141546e-08
2650
1 7.165311694283091e-08
10 3.582655847141546e-08
20 1.0747967541424638e-07
4000 3.582655847141546e-08
5000 3.582655847141546e-08
8000 3.582655847141546e-08
16000
1 7.165311694283091e-08
33600
20000 3.582655847141546e-08
4000
1 1.0747967541424638e-07
10 3.582655847141546e-08
20 3.582655847141546e-08
2900
1 3.582655847141546e-08
20 7.165311694283091e-08
24400
1 3.582655847141546e-08
17800
1 3.582655847141546e-08
40800
20000 3.582655847141546e-08
11200
6000 3.582655847141546e-08
7800
1 7.165311694283091e-08
20000 7.165311694283091e-08
9200
1 1.0747967541424638e-07
16800
8000 3.582655847141546e-08
3900
1 3.582655847141546e-08
12000
1 7.165311694283091e-08
20 3.582655847141546e-08
4450
1 1.0747967541424638e-07
3000 3.582655847141546e-08
25200
5000 3.582655847141546e-08
11800
20000 7.165311694283091e-08
9000
8000 3.582655847141546e-08
20000 3.582655847141546e-08
15000
20000 3.582655847141546e-08
27600
1 3.582655847141546e-08
4600
1 3.582655847141546e-08
22400
1 7.165311694283091e-08
4550
1 7.165311694283091e-08
8000 3.582655847141546e-08
13600
20000 3.582655847141546e-08
3350
1 1.0747967541424638e-07
28600
1 3.582655847141546e-08
58400
1 3.582655847141546e-08
7600
20000 3.582655847141546e-08
4500
1 3.582655847141546e-08
28000
1 3.582655847141546e-08
21200
1 3.582655847141546e-08
63800
1 3.582655847141546e-08
4050
1 3.582655847141546e-08
23600
1 3.582655847141546e-08
13800
1 3.582655847141546e-08
9800
1 3.582655847141546e-08
10000
1 3.582655847141546e-08
15400
1 3.582655847141546e-08
