1
1 0.23810988721534782
10 0.0962423322035726
20 0.05812621092177552
30 0.03178138308380453
40 0.0249150643548015
50 0.015667725381510123
60 0.015092478303974484
70 0.010215304155749444
80 0.008488860888632474
90 0.005910147726313812
100 0.005067987128056851
110 0.0035393771858722015
120 0.0036041047676988866
130 0.020655259354715152
140 0.0028508217384143595
150 0.0017220906531546553
160 0.0021201442203534686
170 0.0013104176164608558
180 0.0015364727286972192
190 0.001200479012186898
200 0.0043882773154256495
300 0.007638697096960935
400 0.003132056763140717
500 0.0017585964476772979
600 0.0017479255231245253
700 0.0015274866869685686
800 0.0009393221744479937
900 0.0006033284579376726
1000 0.011300228287581978
2000 0.036379007090127334
3000 0.017455807278609556
4000 0.0011224127746692469
5000 0.0006354816384979999
6000 0.0008781047651715625
7000 0.00010909616286189704
8000 3.088951844223597e-06
9000 4.6755498369384446e-05
10000 5.096770542968935e-05
20000 7.58197270854883e-05
40000 1.404069020101635e-06
60000 2.246510432162616e-06
80000 4.2122070603049046e-07
100000 8.424414120609809e-07
200000 5.61627608040654e-07
300000 8.424414120609809e-07
400000 2.80813804020327e-07
600000 1.404069020101635e-07
800000 1.404069020101635e-07
1700000 1.404069020101635e-07
360
1 5.475869178396376e-06
10 2.7098532087961555e-05
20 1.3057841886945205e-05
30 8.8456348266403e-06
40 8.284007218599645e-06
50 5.195055374376049e-06
60 6.177903688447194e-06
70 3.790986354274414e-06
80 2.3869173341727794e-06
90 1.123255216081308e-06
100 1.123255216081308e-06
110 1.404069020101635e-06
120 8.424414120609809e-07
130 3.088951844223597e-06
140 8.424414120609809e-07
150 4.2122070603049046e-07
160 4.2122070603049046e-07
170 4.2122070603049046e-07
180 5.61627608040654e-07
190 7.020345100508175e-07
200 3.790986354274414e-06
300 4.352613962315068e-06
400 2.3869173341727794e-06
500 1.2636621180914714e-06
600 1.404069020101635e-07
700 1.404069020101635e-07
800 2.80813804020327e-07
1000 9.828483140711445e-07
2000 4.2122070603049046e-07
3000 3.790986354274414e-06
4000 4.2122070603049046e-07
5000 1.404069020101635e-07
400
1 4.212207060304905e-06
10 2.1341849105544852e-05
20 1.0249703846741935e-05
30 7.020345100508175e-06
40 6.177903688447194e-06
50 4.352613962315068e-06
60 4.493020864325232e-06
70 3.088951844223597e-06
80 1.6848828241219618e-06
90 7.020345100508175e-07
100 2.80813804020327e-07
110 7.020345100508175e-07
120 8.424414120609809e-07
130 1.8252897261321254e-06
140 7.020345100508175e-07
150 4.2122070603049046e-07
160 7.020345100508175e-07
170 8.424414120609809e-07
180 7.020345100508175e-07
190 1.404069020101635e-07
200 2.80813804020327e-06
300 4.914241570355723e-06
400 2.246510432162616e-06
500 1.123255216081308e-06
600 5.61627608040654e-07
700 2.80813804020327e-07
900 1.404069020101635e-07
1000 1.123255216081308e-06
3000 1.404069020101635e-06
80
1 0.00010656883862571409
10 0.00038317043558573616
20 0.0001669438064900844
30 0.0001165377286684357
40 0.00010965779046993769
50 8.059356175383384e-05
60 8.873716207042333e-05
70 4.142003609299823e-05
80 3.2714808168368096e-05
90 2.204388361559567e-05
100 2.0218593889463542e-05
110 1.4742724711067167e-05
120 1.404069020101635e-05
130 5.8549678138238175e-05
140 2.7519752793992045e-05
150 7.441565806538665e-06
160 8.705227924630137e-06
170 6.879938198498011e-06
180 8.42441412060981e-06
190 7.441565806538665e-06
200 3.734823593470349e-05
300 5.5601133196024744e-05
400 3.608457381661202e-05
500 1.0249703846741935e-05
600 5.8970898844268665e-06
700 2.9485449422134332e-06
800 1.5444759221117985e-06
900 1.965696628142289e-06
1000 3.173195985429695e-05
2000 8.705227924630137e-06
3000 7.58197270854883e-05
4000 3.088951844223597e-06
8000 1.404069020101635e-07
900
1 4.071800158294742e-06
10 8.986041728650464e-06
20 4.352613962315068e-06
30 2.9485449422134332e-06
40 3.2293587462337604e-06
50 2.3869173341727794e-06
60 1.965696628142289e-06
70 5.61627608040654e-07
80 4.2122070603049046e-07
90 4.2122070603049046e-07
100 4.2122070603049046e-07
110 4.2122070603049046e-07
120 5.61627608040654e-07
130 7.020345100508175e-07
140 7.020345100508175e-07
150 1.404069020101635e-07
160 1.404069020101635e-07
170 1.404069020101635e-07
180 4.2122070603049046e-07
190 1.404069020101635e-07
200 9.828483140711445e-07
300 1.404069020101635e-06
400 1.123255216081308e-06
600 1.404069020101635e-07
900 1.404069020101635e-07
1000 2.80813804020327e-07
2000 2.80813804020327e-07
3000 2.80813804020327e-07
7000 1.404069020101635e-07
300
1 9.126448630660626e-06
10 3.622498071862218e-05
20 1.7550862751270436e-05
30 1.3759876396996022e-05
40 1.123255216081308e-05
50 9.828483140711445e-06
60 9.688076238701281e-06
70 4.352613962315068e-06
80 2.246510432162616e-06
90 1.965696628142289e-06
100 1.2636621180914714e-06
110 1.6848828241219618e-06
120 1.2636621180914714e-06
130 3.790986354274414e-06
140 2.1061035301524523e-06
150 1.2636621180914714e-06
160 8.424414120609809e-07
170 7.020345100508175e-07
180 7.020345100508175e-07
190 7.020345100508175e-07
200 3.790986354274414e-06
300 6.458717492467521e-06
400 4.212207060304905e-06
500 1.6848828241219618e-06
1000 1.123255216081308e-06
2000 1.404069020101635e-07
3000 2.80813804020327e-06
4000 1.404069020101635e-07
140
1 5.5320319392004413e-05
10 0.0001588002061734949
20 7.638135469352894e-05
30 4.900200880154706e-05
40 4.380695342717101e-05
50 3.004707703017499e-05
60 3.327643577640875e-05
70 1.4321504005036676e-05
80 1.0670924552772426e-05
90 1.0530517650762262e-05
100 8.42441412060981e-06
110 4.493020864325232e-06
120 2.9485449422134332e-06
130 2.0359000791473708e-05
140 9.407262434680954e-06
150 3.2293587462337604e-06
160 4.493020864325232e-06
170 2.1061035301524523e-06
180 3.5101725502540875e-06
190 1.6848828241219618e-06
200 1.4602317809057003e-05
300 2.3167138831676976e-05
400 1.5725573025138312e-05
500 4.352613962315068e-06
600 1.2636621180914714e-06
700 9.828483140711445e-07
800 1.2636621180914714e-06
900 1.2636621180914714e-06
1000 7.581972708548828e-06
2000 4.493020864325232e-06
3000 2.7379345891981883e-05
4000 2.1061035301524523e-06
2500
1 1.2636621180914714e-06
10 1.2636621180914714e-06
20 1.123255216081308e-06
40 2.80813804020327e-07
60 1.404069020101635e-07
90 1.404069020101635e-07
100 1.404069020101635e-07
190 1.404069020101635e-07
300 2.80813804020327e-07
700 1.404069020101635e-07
3550
10 9.828483140711445e-07
20 2.80813804020327e-07
40 1.404069020101635e-07
500 1.404069020101635e-07
3000 1.404069020101635e-07
120
1 5.911130574627883e-05
10 0.0002127164565453977
20 9.365140364077905e-05
30 6.163862998246177e-05
40 5.6583981510095886e-05
50 4.3666546525160846e-05
60 4.605346385933363e-05
70 2.007818698745338e-05
80 1.7550862751270436e-05
90 1.2215400474884224e-05
100 1.0530517650762262e-05
110 8.284007218599645e-06
120 6.177903688447194e-06
130 2.9625856324144496e-05
140 1.3900283299006186e-05
150 5.195055374376049e-06
160 7.020345100508175e-06
170 2.80813804020327e-06
180 3.931393256284578e-06
190 4.071800158294742e-06
200 1.7129642045239946e-05
300 3.102992534424613e-05
400 2.260551122363632e-05
500 6.03749678643703e-06
600 2.5273242361829428e-06
700 8.424414120609809e-07
800 7.020345100508175e-07
900 5.61627608040654e-07
1000 1.3057841886945205e-05
2000 7.441565806538665e-06
3000 3.496131860053071e-05
4000 3.088951844223597e-06
7200
1 2.80813804020327e-07
10 5.61627608040654e-07
20 2.80813804020327e-07
30 2.80813804020327e-07
40 1.404069020101635e-07
50 1.404069020101635e-07
60 1.404069020101635e-07
8800
1 2.80813804020327e-07
10 1.5444759221117985e-06
20 2.80813804020327e-07
30 1.404069020101635e-07
40 4.2122070603049046e-07
80 1.404069020101635e-07
120 1.404069020101635e-07
300 1.404069020101635e-07
400 1.404069020101635e-07
500 1.404069020101635e-07
10
1 0.00048496543954310473
10 0.0018727472590115606
20 0.0007270269386086266
30 0.0005199267581436354
40 0.00043399773411341533
50 0.0002985050736736076
60 0.0003458221996510327
70 0.00016666299268606406
80 0.00014995457134685461
90 0.00011766098388451701
100 9.280896222871807e-05
110 7.989152724378303e-05
120 6.430636112065488e-05
130 0.00038415328389980734
140 0.00016329322703782014
150 3.6927015228673e-05
160 4.3666546525160846e-05
170 2.892382181409368e-05
180 2.8221787304042862e-05
190 2.7940973500022534e-05
200 0.00012243481855286258
300 0.00017129642045239947
400 9.912727281917543e-05
500 5.0406077821648693e-05
600 3.369765648243924e-05
700 2.372876643971763e-05
800 2.0359000791473708e-05
900 2.8783414912083517e-05
1000 0.0003673044556585877
2000 0.00011471243894230357
3000 0.0008189934594252837
4000 1.5444759221117984e-05
5000 4.507061554526248e-05
6000 5.391625037190278e-05
7000 1.404069020101635e-07
8000 7.020345100508175e-07
20000 2.80813804020327e-07
60000 1.404069020101635e-07
400000 1.404069020101635e-07
800000 1.404069020101635e-07
180
1 3.4399690992490054e-05
10 0.00011021941807797835
20 4.8440381193506404e-05
30 3.341684267841891e-05
40 2.7238938989971717e-05
50 2.049940769348387e-05
60 2.007818698745338e-05
70 7.020345100508175e-06
80 8.986041728650464e-06
90 4.914241570355723e-06
100 3.790986354274414e-06
110 3.790986354274414e-06
120 3.790986354274414e-06
130 1.2215400474884224e-05
140 5.335462276386213e-06
150 1.2636621180914714e-06
160 2.9485449422134332e-06
170 2.3869173341727794e-06
180 2.246510432162616e-06
190 1.123255216081308e-06
200 7.862786512569156e-06
300 1.3057841886945205e-05
400 1.1372959062823243e-05
500 3.5101725502540875e-06
600 2.246510432162616e-06
700 1.2636621180914714e-06
800 5.61627608040654e-07
900 4.2122070603049046e-07
1000 7.722379610558992e-06
2000 1.5444759221117985e-06
3000 1.4602317809057003e-05
4000 9.828483140711445e-07
6000 1.404069020101635e-07
500000 1.404069020101635e-07
800
1 2.246510432162616e-06
10 1.0951738356792752e-05
20 5.475869178396376e-06
30 3.088951844223597e-06
40 3.650579452264251e-06
50 2.3869173341727794e-06
60 2.6677311381931065e-06
70 1.6848828241219618e-06
80 9.828483140711445e-07
90 8.424414120609809e-07
100 7.020345100508175e-07
110 9.828483140711445e-07
120 2.80813804020327e-07
130 1.2636621180914714e-06
140 2.80813804020327e-07
150 2.80813804020327e-07
160 4.2122070603049046e-07
170 1.404069020101635e-07
180 1.404069020101635e-07
190 5.61627608040654e-07
200 1.5444759221117985e-06
300 2.3869173341727794e-06
400 1.404069020101635e-06
500 4.2122070603049046e-07
900 1.404069020101635e-07
1000 8.424414120609809e-07
2000 2.80813804020327e-07
3000 5.61627608040654e-07
29400
10 1.404069020101635e-07
1850
1 5.61627608040654e-07
10 3.931393256284578e-06
20 1.404069020101635e-06
30 9.828483140711445e-07
40 2.80813804020327e-07
50 4.2122070603049046e-07
60 1.404069020101635e-07
70 2.80813804020327e-07
100 1.404069020101635e-07
110 1.404069020101635e-07
120 1.404069020101635e-07
130 2.80813804020327e-07
150 1.404069020101635e-07
160 1.404069020101635e-07
300 1.404069020101635e-07
400 4.2122070603049046e-07
500 2.80813804020327e-07
1000 4.2122070603049046e-07
7600
1 2.80813804020327e-07
10 9.828483140711445e-07
30 5.61627608040654e-07
50 1.404069020101635e-07
60 1.404069020101635e-07
300 1.404069020101635e-07
28
1 7.062467171111224e-05
10 0.0003164771571309085
20 0.00013170167408553337
30 8.803512756037251e-05
40 7.680257539955943e-05
50 5.4618284881953596e-05
60 6.823775437693946e-05
70 2.7800566598012372e-05
80 2.7800566598012372e-05
90 2.007818698745338e-05
100 1.4321504005036676e-05
110 1.1513365964833407e-05
120 1.2917434984935041e-05
130 4.8721194997526735e-05
140 3.341684267841891e-05
150 5.7566829824167035e-06
160 7.581972708548828e-06
170 5.335462276386213e-06
180 5.61627608040654e-06
190 6.177903688447194e-06
200 2.1622662909565176e-05
300 3.53825393065612e-05
400 2.330754573368714e-05
500 7.862786512569156e-06
600 5.8970898844268665e-06
700 2.6677311381931065e-06
800 2.5273242361829428e-06
900 1.6848828241219618e-06
1000 3.425928409047989e-05
2000 7.301158904528502e-06
3000 8.143600316589483e-05
4000 1.404069020101635e-06
8000 1.404069020101635e-07
20000 1.404069020101635e-07
40000 1.404069020101635e-07
1250
1 2.246510432162616e-06
10 9.407262434680954e-06
20 2.9485449422134332e-06
30 2.1061035301524523e-06
40 1.5444759221117985e-06
50 8.424414120609809e-07
60 9.828483140711445e-07
70 4.2122070603049046e-07
80 7.020345100508175e-07
90 2.80813804020327e-07
100 2.80813804020327e-07
110 2.80813804020327e-07
120 4.2122070603049046e-07
130 1.404069020101635e-07
150 1.404069020101635e-07
170 1.404069020101635e-07
200 1.404069020101635e-07
300 8.424414120609809e-07
400 4.2122070603049046e-07
500 1.404069020101635e-07
1000 4.2122070603049046e-07
3000 2.80813804020327e-07
340
1 5.195055374376049e-06
10 2.80813804020327e-05
20 1.2917434984935041e-05
30 9.968890042721607e-06
40 9.26685553267079e-06
50 7.441565806538665e-06
60 6.458717492467521e-06
70 3.2293587462337604e-06
80 2.9485449422134332e-06
90 2.1061035301524523e-06
100 1.404069020101635e-06
110 9.828483140711445e-07
120 8.424414120609809e-07
130 3.3697656482439237e-06
140 1.123255216081308e-06
150 5.61627608040654e-07
160 4.2122070603049046e-07
170 9.828483140711445e-07
180 9.828483140711445e-07
190 8.424414120609809e-07
200 3.650579452264251e-06
300 4.071800158294742e-06
400 3.2293587462337604e-06
500 7.020345100508175e-07
600 1.404069020101635e-07
700 2.80813804020327e-07
900 4.2122070603049046e-07
1000 1.123255216081308e-06
2000 4.2122070603049046e-07
3000 3.931393256284578e-06
4000 1.404069020101635e-07
1450
1 8.424414120609809e-07
10 5.61627608040654e-06
20 3.3697656482439237e-06
30 1.404069020101635e-06
40 5.61627608040654e-07
50 4.2122070603049046e-07
60 8.424414120609809e-07
70 1.404069020101635e-07
80 5.61627608040654e-07
90 1.404069020101635e-07
110 1.404069020101635e-07
120 1.404069020101635e-07
130 1.404069020101635e-07
200 4.2122070603049046e-07
300 5.61627608040654e-07
400 8.424414120609809e-07
500 1.404069020101635e-07
800 1.404069020101635e-07
1000 2.80813804020327e-07
3000 1.404069020101635e-07
2000
1 1.2636621180914714e-06
10 3.3697656482439237e-06
20 5.61627608040654e-07
30 8.424414120609809e-07
40 5.61627608040654e-07
50 1.404069020101635e-07
60 5.61627608040654e-07
70 4.2122070603049046e-07
130 1.404069020101635e-07
200 2.80813804020327e-07
400 2.80813804020327e-07
500 1.404069020101635e-07
40
1 0.0001957272214021679
10 0.0006071194442919469
20 0.00026298212746503623
30 0.00016919031692224702
40 0.00015978305448756605
50 0.00010951738356792753
60 0.00012748946702522847
70 5.602235390205524e-05
80 4.900200880154706e-05
90 3.945433946485594e-05
100 3.1591552952286786e-05
110 2.5273242361829428e-05
120 2.0780221497504197e-05
130 8.550780332418956e-05
140 5.8549678138238175e-05
150 9.688076238701281e-06
160 1.4321504005036676e-05
170 7.441565806538665e-06
180 9.26685553267079e-06
190 1.165377286684357e-05
200 5.1669739939740166e-05
300 7.399443735935617e-05
400 4.6474684565364115e-05
500 2.0639814595494035e-05
600 9.26685553267079e-06
700 5.475869178396376e-06
800 2.9485449422134332e-06
900 2.5273242361829428e-06
1000 4.984445021360804e-05
2000 1.600638682915864e-05
3000 0.00013296533620362483
4000 2.80813804020327e-06
6000 1.404069020101635e-07
40000 2.80813804020327e-07
4600
1 5.61627608040654e-07
10 5.61627608040654e-07
40 1.404069020101635e-07
50 1.404069020101635e-07
120 1.404069020101635e-07
170 1.404069020101635e-07
300 1.404069020101635e-07
4150
1 4.2122070603049046e-07
10 5.61627608040654e-07
20 1.404069020101635e-07
300 1.404069020101635e-07
1350
1 1.404069020101635e-06
10 7.160752002518338e-06
20 2.9485449422134332e-06
30 1.965696628142289e-06
40 1.123255216081308e-06
50 8.424414120609809e-07
60 7.020345100508175e-07
70 1.123255216081308e-06
80 1.404069020101635e-07
90 4.2122070603049046e-07
110 4.2122070603049046e-07
120 4.2122070603049046e-07
130 2.80813804020327e-07
140 1.404069020101635e-07
160 1.404069020101635e-07
180 5.61627608040654e-07
200 2.80813804020327e-07
300 1.123255216081308e-06
400 4.2122070603049046e-07
500 2.80813804020327e-07
800 1.404069020101635e-07
1000 2.80813804020327e-07
2000 1.404069020101635e-07
3000 1.404069020101635e-07
3650
1 5.61627608040654e-07
10 5.61627608040654e-07
20 4.2122070603049046e-07
60 2.80813804020327e-07
130 1.404069020101635e-07
140 1.404069020101635e-07
200 1.404069020101635e-07
400 2.80813804020327e-07
1000 1.404069020101635e-07
3200
1 4.2122070603049046e-07
10 1.404069020101635e-06
20 2.80813804020327e-07
30 2.80813804020327e-07
50 1.404069020101635e-07
60 1.404069020101635e-07
70 1.404069020101635e-07
140 1.404069020101635e-07
190 1.404069020101635e-07
300 1.404069020101635e-07
2
1 0.01026318290933491
10 0.03218786106512395
20 0.016911730533320173
30 0.011248698954544249
40 0.006343583832819187
50 0.004135966112513386
60 0.005188737063785592
70 0.003078702140376855
80 0.0021993337130872008
90 0.0016751947478832606
100 0.0013849736814282526
110 0.0010661096069631713
120 0.0009404454296640751
130 0.005097753391283006
140 0.0010971395323074176
150 0.0004936706674677348
160 0.0006496627356010264
170 0.00038050270444754306
180 0.00041827216108827707
190 0.00034722626867113434
200 0.001328530106820167
300 0.0017569115648531758
400 0.001132662478515989
500 0.000656963894505555
600 0.0005459020350155157
700 0.0005853563744803716
800 0.0002963989701434551
900 0.00033880185455052454
1000 0.008901657180542356
2000 0.019719166539013393
3000 0.013507565194083759
4000 0.0007295542628448095
5000 0.00021777110501776357
6000 0.00033711697172640257
7000 6.879938198498011e-06
8000 1.5444759221117985e-06
9000 1.8252897261321254e-06
10000 5.0546484723658855e-06
20000 3.2293587462337604e-06
40000 5.61627608040654e-07
60000 1.404069020101635e-07
80000 2.80813804020327e-07
100000 1.404069020101635e-07
300000 1.404069020101635e-07
1300
1 1.965696628142289e-06
10 9.828483140711445e-06
20 2.9485449422134332e-06
30 2.1061035301524523e-06
40 1.5444759221117985e-06
50 5.61627608040654e-07
60 1.2636621180914714e-06
70 1.404069020101635e-07
80 5.61627608040654e-07
90 2.80813804020327e-07
100 4.2122070603049046e-07
110 2.80813804020327e-07
120 2.80813804020327e-07
130 2.80813804020327e-07
150 1.404069020101635e-07
160 1.404069020101635e-07
170 1.404069020101635e-07
190 2.80813804020327e-07
200 2.80813804020327e-07
300 9.828483140711445e-07
1000 5.61627608040654e-07
1200
1 2.246510432162616e-06
10 7.862786512569156e-06
20 3.088951844223597e-06
30 1.8252897261321254e-06
40 1.6848828241219618e-06
50 5.61627608040654e-07
60 5.61627608040654e-07
70 4.2122070603049046e-07
80 4.2122070603049046e-07
90 1.404069020101635e-07
100 1.404069020101635e-07
110 1.404069020101635e-07
120 2.80813804020327e-07
130 8.424414120609809e-07
140 1.404069020101635e-07
150 1.404069020101635e-07
170 1.404069020101635e-07
200 4.2122070603049046e-07
300 2.80813804020327e-07
400 5.61627608040654e-07
700 1.404069020101635e-07
1000 2.80813804020327e-07
3000 2.80813804020327e-07
8600
1 4.2122070603049046e-07
10 1.965696628142289e-06
20 4.2122070603049046e-07
30 1.404069020101635e-07
40 1.404069020101635e-07
50 1.404069020101635e-07
70 1.404069020101635e-07
120 1.404069020101635e-07
400 1.404069020101635e-07
1000 1.404069020101635e-07
5800
1 4.2122070603049046e-07
10 1.123255216081308e-06
20 1.123255216081308e-06
30 1.123255216081308e-06
40 2.80813804020327e-07
50 1.404069020101635e-07
60 1.404069020101635e-07
140 1.404069020101635e-07
200 1.404069020101635e-07
300 1.404069020101635e-07
1000 1.404069020101635e-07
7800
10 9.828483140711445e-07
20 4.2122070603049046e-07
30 4.2122070603049046e-07
40 1.404069020101635e-07
60 1.404069020101635e-07
2600
1 2.80813804020327e-07
10 1.965696628142289e-06
20 8.424414120609809e-07
30 4.2122070603049046e-07
40 4.2122070603049046e-07
50 1.404069020101635e-07
60 5.61627608040654e-07
80 2.80813804020327e-07
200 1.404069020101635e-07
300 2.80813804020327e-07
220
1 1.76912696532806e-05
10 8.480576881413875e-05
20 3.173195985429695e-05
30 2.3869173341727793e-05
40 2.246510432162616e-05
50 1.5023538515087495e-05
60 1.5865979927148474e-05
70 6.739531296487847e-06
80 4.493020864325232e-06
90 4.493020864325232e-06
100 3.3697656482439237e-06
110 2.246510432162616e-06
120 2.6677311381931065e-06
130 9.26685553267079e-06
140 2.80813804020327e-06
150 1.404069020101635e-06
160 1.404069020101635e-06
170 5.61627608040654e-07
180 2.1061035301524523e-06
190 1.5444759221117985e-06
200 6.318310590457357e-06
300 8.705227924630137e-06
400 6.03749678643703e-06
500 2.3869173341727794e-06
600 4.2122070603049046e-07
700 4.2122070603049046e-07
800 2.80813804020327e-07
1000 2.1061035301524523e-06
2000 9.828483140711445e-07
3000 8.00319341457932e-06
4000 4.2122070603049046e-07
30
1 6.711449916085815e-05
10 0.0002912039147690791
20 0.0001192054598066288
30 8.775431375635219e-05
40 7.132670622116305e-05
50 5.012526401762837e-05
60 5.5741540098034906e-05
70 2.7519752793992045e-05
80 2.6817718283941228e-05
90 1.600638682915864e-05
100 1.600638682915864e-05
110 1.1513365964833407e-05
120 9.968890042721607e-06
130 4.00159670728966e-05
140 3.0327890834195313e-05
150 5.0546484723658855e-06
160 5.8970898844268665e-06
170 4.212207060304905e-06
180 3.2293587462337604e-06
190 4.071800158294742e-06
200 1.9797373183433053e-05
300 3.2574401266357934e-05
400 2.049940769348387e-05
500 8.8456348266403e-06
600 5.8970898844268665e-06
700 2.5273242361829428e-06
800 1.5444759221117985e-06
900 1.965696628142289e-06
1000 3.018748393218515e-05
2000 7.301158904528502e-06
3000 6.332351280658374e-05
4000 2.5273242361829428e-06
5000 1.404069020101635e-07
6000 1.404069020101635e-07
20000 2.80813804020327e-07
480
1 2.3869173341727794e-06
10 1.8393304163331418e-05
20 9.126448630660626e-06
30 3.931393256284578e-06
40 4.633427766335395e-06
50 2.9485449422134332e-06
60 5.61627608040654e-06
70 2.3869173341727794e-06
80 1.5444759221117985e-06
90 1.123255216081308e-06
100 4.2122070603049046e-07
110 8.424414120609809e-07
120 7.020345100508175e-07
130 1.404069020101635e-06
140 1.404069020101635e-07
150 2.80813804020327e-07
160 2.80813804020327e-07
170 2.80813804020327e-07
180 1.404069020101635e-07
190 1.404069020101635e-07
200 1.123255216081308e-06
300 2.246510432162616e-06
400 1.6848828241219618e-06
500 4.2122070603049046e-07
600 4.2122070603049046e-07
700 2.80813804020327e-07
900 4.2122070603049046e-07
1000 2.80813804020327e-07
3000 9.828483140711445e-07
1800
1 8.424414120609809e-07
10 3.2293587462337604e-06
20 9.828483140711445e-07
30 2.80813804020327e-07
40 5.61627608040654e-07
50 1.404069020101635e-07
60 5.61627608040654e-07
80 1.404069020101635e-07
110 2.80813804020327e-07
120 1.404069020101635e-07
130 2.80813804020327e-07
140 1.404069020101635e-07
160 1.404069020101635e-07
170 1.404069020101635e-07
180 1.404069020101635e-07
190 1.404069020101635e-07
300 4.2122070603049046e-07
400 2.80813804020327e-07
500 1.404069020101635e-07
1000 1.404069020101635e-07
3000 2.80813804020327e-07
3750
1 1.404069020101635e-07
10 1.2636621180914714e-06
20 2.80813804020327e-07
30 4.2122070603049046e-07
40 2.80813804020327e-07
60 2.80813804020327e-07
110 1.404069020101635e-07
600 1.404069020101635e-07
3950
1 9.828483140711445e-07
10 5.61627608040654e-07
20 1.404069020101635e-07
30 2.80813804020327e-07
40 1.404069020101635e-07
60 2.80813804020327e-07
70 1.404069020101635e-07
180 1.404069020101635e-07
3350
10 5.61627608040654e-07
20 4.2122070603049046e-07
30 4.2122070603049046e-07
40 2.80813804020327e-07
60 1.404069020101635e-07
70 1.404069020101635e-07
300 1.404069020101635e-07
600
1 5.335462276386213e-06
10 1.9095338673382235e-05
20 1.2777028082924878e-05
30 5.8970898844268665e-06
40 6.177903688447194e-06
50 5.0546484723658855e-06
60 5.475869178396376e-06
70 3.2293587462337604e-06
80 1.965696628142289e-06
90 1.123255216081308e-06
100 9.828483140711445e-07
110 4.2122070603049046e-07
120 9.828483140711445e-07
130 2.3869173341727794e-06
140 1.6848828241219618e-06
150 1.404069020101635e-07
160 5.61627608040654e-07
170 4.2122070603049046e-07
180 5.61627608040654e-07
190 1.404069020101635e-07
200 2.80813804020327e-06
300 3.931393256284578e-06
400 1.965696628142289e-06
500 9.828483140711445e-07
600 5.61627608040654e-07
700 1.404069020101635e-07
1000 1.5444759221117985e-06
2000 1.404069020101635e-07
3000 1.5444759221117985e-06
1100
1 1.404069020101635e-06
10 8.8456348266403e-06
20 2.6677311381931065e-06
30 2.246510432162616e-06
40 1.5444759221117985e-06
50 1.2636621180914714e-06
60 8.424414120609809e-07
70 5.61627608040654e-07
80 4.2122070603049046e-07
90 1.404069020101635e-07
100 1.404069020101635e-07
110 1.404069020101635e-07
130 7.020345100508175e-07
160 1.404069020101635e-07
180 1.404069020101635e-07
190 2.80813804020327e-07
200 9.828483140711445e-07
300 8.424414120609809e-07
400 5.61627608040654e-07
500 1.404069020101635e-07
1000 5.61627608040654e-07
3000 4.2122070603049046e-07
20000 1.404069020101635e-07
2300
1 7.020345100508175e-07
10 1.965696628142289e-06
20 7.020345100508175e-07
30 1.404069020101635e-07
40 9.828483140711445e-07
50 4.2122070603049046e-07
60 2.80813804020327e-07
130 1.404069020101635e-07
160 1.404069020101635e-07
190 2.80813804020327e-07
200 1.404069020101635e-07
400 2.80813804020327e-07
600 1.404069020101635e-07
8400
1 2.80813804020327e-07
10 1.123255216081308e-06
20 2.80813804020327e-07
30 4.2122070603049046e-07
40 2.80813804020327e-07
50 2.80813804020327e-07
80 2.80813804020327e-07
110 1.404069020101635e-07
36
1 4.745753287943526e-05
10 0.00020864465638710295
20 9.323018293474855e-05
30 5.939211955029916e-05
40 4.998485711561821e-05
50 3.38380633844494e-05
60 4.184125679902872e-05
70 2.1201442203534687e-05
80 1.797208345730093e-05
90 1.3759876396996022e-05
100 9.407262434680954e-06
110 8.986041728650464e-06
120 6.5991243944776845e-06
130 3.004707703017499e-05
140 2.1482256007555014e-05
150 2.80813804020327e-06
160 5.0546484723658855e-06
170 2.246510432162616e-06
180 3.790986354274414e-06
190 3.3697656482439237e-06
200 1.7550862751270436e-05
300 2.0780221497504197e-05
400 1.4181097103026514e-05
500 5.8970898844268665e-06
600 2.6677311381931065e-06
700 1.404069020101635e-06
800 1.5444759221117985e-06
900 1.5444759221117985e-06
1000 2.0639814595494035e-05
2000 6.739531296487847e-06
3000 4.4789801741242156e-05
4000 7.020345100508175e-07
500
1 6.879938198498011e-06
10 6.45871749246752e-05
20 4.4508987937221825e-05
30 1.0530517650762262e-05
40 9.26685553267079e-06
50 6.5991243944776845e-06
60 8.143600316589483e-06
70 4.493020864325232e-06
80 2.1061035301524523e-06
90 2.5273242361829428e-06
100 1.6848828241219618e-06
110 1.8252897261321254e-06
120 1.404069020101635e-06
130 2.3869173341727794e-06
140 1.965696628142289e-06
150 7.020345100508175e-07
160 8.424414120609809e-07
170 2.80813804020327e-07
180 7.020345100508175e-07
190 5.61627608040654e-07
200 2.80813804020327e-06
300 6.03749678643703e-06
400 2.9485449422134332e-06
500 1.404069020101635e-06
600 2.80813804020327e-07
700 1.404069020101635e-07
1000 1.404069020101635e-06
2000 1.404069020101635e-07
3000 2.6677311381931065e-06
9400
1 4.2122070603049046e-07
10 7.020345100508175e-07
20 2.80813804020327e-07
50 1.404069020101635e-07
90 1.404069020101635e-07
1000 1.404069020101635e-07
26
1 8.22784445779558e-05
10 0.00036253062099024215
20 0.0001465848056986107
30 9.996971423123641e-05
40 9.674035548500265e-05
50 6.34639197085939e-05
60 6.795694057291914e-05
70 2.9906670128164824e-05
80 2.6817718283941228e-05
90 2.0639814595494035e-05
100 1.8393304163331418e-05
110 1.7410455849260274e-05
120 1.0390110748752099e-05
130 4.88616018995369e-05
140 3.580376001259169e-05
150 5.475869178396376e-06
160 8.284007218599645e-06
170 4.773834668345559e-06
180 6.03749678643703e-06
190 6.458717492467521e-06
200 2.695812518595139e-05
300 3.903311875882545e-05
400 2.6677311381931065e-05
500 9.968890042721607e-06
600 5.8970898844268665e-06
700 2.1061035301524523e-06
800 2.1061035301524523e-06
900 1.404069020101635e-06
1000 3.987556017088643e-05
2000 1.0249703846741935e-05
3000 8.733309305032169e-05
4000 2.246510432162616e-06
6000 1.404069020101635e-07
9000 1.404069020101635e-07
202800
10 1.404069020101635e-07
18600
1 7.020345100508175e-07
40 1.404069020101635e-07
300 2.80813804020327e-07
8000
1 1.404069020101635e-07
10 5.61627608040654e-07
20 4.2122070603049046e-07
30 2.80813804020327e-07
40 2.80813804020327e-07
110 1.404069020101635e-07
200 1.404069020101635e-07
12
1 0.00037685212499527883
10 0.0013340059759985633
20 0.0005282107653622351
30 0.00035888004153797787
40 0.0003281309299977521
50 0.00021046994611323509
60 0.0002573658513846297
70 0.00012524295659306585
80 0.00011218511470612063
90 8.101478245986434e-05
100 6.542961633673619e-05
110 5.4758691783963765e-05
120 4.717671907541493e-05
130 0.00027983095570625584
140 0.0001273490601232183
150 2.457120785177861e-05
160 3.117033224625629e-05
170 1.8393304163331418e-05
180 2.288632502765665e-05
190 2.1341849105544852e-05
200 9.294936913072823e-05
300 0.00012454092208301503
400 7.722379610558993e-05
500 3.482091169852055e-05
600 2.5975276871880245e-05
700 1.2496214278904552e-05
800 1.0249703846741935e-05
900 8.284007218599645e-06
1000 0.00021552459458560097
2000 5.4618284881953596e-05
3000 0.00047331166667626115
4000 6.458717492467521e-06
5000 3.369765648243924e-05
6000 3.524213240455104e-05
7000 1.404069020101635e-07
20000 7.020345100508175e-07
1550
1 1.965696628142289e-06
10 5.195055374376049e-06
20 1.5444759221117985e-06
30 2.80813804020327e-07
40 1.5444759221117985e-06
50 5.61627608040654e-07
60 7.020345100508175e-07
70 2.80813804020327e-07
80 2.80813804020327e-07
110 5.61627608040654e-07
130 1.404069020101635e-07
140 1.404069020101635e-07
150 1.404069020101635e-07
190 1.404069020101635e-07
300 8.424414120609809e-07
400 2.80813804020327e-07
700 1.404069020101635e-07
3000 1.404069020101635e-07
320
1 8.42441412060981e-06
10 3.369765648243924e-05
20 1.6708421339209456e-05
30 1.1513365964833407e-05
40 9.828483140711445e-06
50 5.475869178396376e-06
60 8.143600316589483e-06
70 3.650579452264251e-06
80 2.1061035301524523e-06
90 1.2636621180914714e-06
100 1.123255216081308e-06
110 7.020345100508175e-07
120 5.61627608040654e-07
130 4.071800158294742e-06
140 2.246510432162616e-06
150 4.2122070603049046e-07
160 1.404069020101635e-07
170 4.2122070603049046e-07
180 1.404069020101635e-06
190 7.020345100508175e-07
200 3.2293587462337604e-06
300 6.318310590457357e-06
400 3.088951844223597e-06
500 1.8252897261321254e-06
600 5.61627608040654e-07
700 1.404069020101635e-07
800 1.404069020101635e-07
900 4.2122070603049046e-07
1000 2.80813804020327e-07
3000 4.352613962315068e-06
4000 2.80813804020327e-07
100
1 7.132670622116305e-05
10 0.0002657902655052395
20 0.00011709935627647635
30 8.185722387192532e-05
40 7.638135469352894e-05
50 5.3635436567882455e-05
60 6.009415406034998e-05
70 2.443080094976845e-05
80 2.3026731929666814e-05
90 1.7410455849260274e-05
100 1.4742724711067167e-05
110 1.1934586670863897e-05
120 7.581972708548828e-06
130 4.380695342717101e-05
140 1.684882824121962e-05
150 5.475869178396376e-06
160 6.879938198498011e-06
170 2.9485449422134332e-06
180 4.212207060304905e-06
190 5.195055374376049e-06
200 2.3447952635697304e-05
300 3.720782903269332e-05
400 2.4711614753788776e-05
500 6.318310590457357e-06
600 3.3697656482439237e-06
700 1.404069020101635e-06
800 1.6848828241219618e-06
900 1.404069020101635e-06
1000 2.1482256007555014e-05
2000 9.688076238701281e-06
3000 5.630316770607556e-05
4000 3.2293587462337604e-06
1700
1 1.965696628142289e-06
10 5.0546484723658855e-06
20 1.404069020101635e-06
30 1.2636621180914714e-06
40 8.424414120609809e-07
50 4.2122070603049046e-07
60 8.424414120609809e-07
80 4.2122070603049046e-07
110 2.80813804020327e-07
130 5.61627608040654e-07
200 7.020345100508175e-07
300 4.2122070603049046e-07
400 2.80813804020327e-07
500 1.404069020101635e-07
1000 4.2122070603049046e-07
2000 1.404069020101635e-07
3000 1.404069020101635e-07
440
1 4.352613962315068e-06
10 1.3479062592975695e-05
20 8.986041728650464e-06
30 5.61627608040654e-06
40 4.352613962315068e-06
50 4.493020864325232e-06
60 2.80813804020327e-06
70 1.8252897261321254e-06
80 8.424414120609809e-07
90 4.2122070603049046e-07
100 5.61627608040654e-07
110 8.424414120609809e-07
120 5.61627608040654e-07
130 2.246510432162616e-06
140 4.2122070603049046e-07
150 1.404069020101635e-07
160 4.2122070603049046e-07
170 4.2122070603049046e-07
180 5.61627608040654e-07
190 5.61627608040654e-07
200 2.1061035301524523e-06
300 2.80813804020327e-06
400 2.246510432162616e-06
500 5.61627608040654e-07
600 1.404069020101635e-07
700 2.80813804020327e-07
800 1.404069020101635e-07
1000 9.828483140711445e-07
3000 9.828483140711445e-07
380
1 5.475869178396376e-06
10 2.2745918125646487e-05
20 1.1092145258802916e-05
30 6.5991243944776845e-06
40 7.301158904528502e-06
50 5.7566829824167035e-06
60 6.03749678643703e-06
70 1.5444759221117985e-06
80 1.965696628142289e-06
90 1.2636621180914714e-06
100 1.404069020101635e-07
110 1.5444759221117985e-06
120 5.61627608040654e-07
130 3.2293587462337604e-06
140 9.828483140711445e-07
150 1.404069020101635e-07
160 5.61627608040654e-07
180 2.80813804020327e-07
190 8.424414120609809e-07
200 1.8252897261321254e-06
300 4.773834668345559e-06
400 3.2293587462337604e-06
500 5.61627608040654e-07
600 5.61627608040654e-07
700 2.80813804020327e-07
1000 5.61627608040654e-07
2000 1.404069020101635e-07
3000 2.1061035301524523e-06
4000 1.404069020101635e-07
24400
70 1.404069020101635e-07
750
1 5.7566829824167035e-06
10 1.3619469494985859e-05
20 7.020345100508175e-06
30 3.5101725502540875e-06
40 4.212207060304905e-06
50 2.9485449422134332e-06
60 1.965696628142289e-06
70 1.123255216081308e-06
80 7.020345100508175e-07
90 4.2122070603049046e-07
100 2.80813804020327e-07
110 2.80813804020327e-07
120 1.404069020101635e-07
130 7.020345100508175e-07
140 5.61627608040654e-07
150 1.404069020101635e-07
160 1.404069020101635e-07
170 1.404069020101635e-07
180 2.80813804020327e-07
190 2.80813804020327e-07
200 1.5444759221117985e-06
300 2.9485449422134332e-06
400 1.8252897261321254e-06
500 1.404069020101635e-07
700 2.80813804020327e-07
800 1.404069020101635e-07
900 1.404069020101635e-07
1000 8.424414120609809e-07
3000 5.61627608040654e-07
24200
50 2.80813804020327e-07
2650
1 5.61627608040654e-07
10 2.5273242361829428e-06
20 7.020345100508175e-07
30 4.2122070603049046e-07
40 2.80813804020327e-07
50 9.828483140711445e-07
60 1.404069020101635e-07
70 1.404069020101635e-07
80 1.404069020101635e-07
110 2.80813804020327e-07
120 1.404069020101635e-07
190 1.404069020101635e-07
400 2.80813804020327e-07
600 1.404069020101635e-07
850
1 2.246510432162616e-06
10 1.0249703846741935e-05
20 5.475869178396376e-06
30 2.80813804020327e-06
40 2.9485449422134332e-06
50 2.246510432162616e-06
60 3.5101725502540875e-06
70 1.5444759221117985e-06
80 1.123255216081308e-06
90 1.404069020101635e-06
100 9.828483140711445e-07
110 1.404069020101635e-07
120 1.404069020101635e-07
130 5.61627608040654e-07
140 1.404069020101635e-07
150 2.80813804020327e-07
160 1.404069020101635e-07
170 4.2122070603049046e-07
190 2.80813804020327e-07
200 9.828483140711445e-07
300 1.404069020101635e-06
400 7.020345100508175e-07
500 5.61627608040654e-07
1000 1.404069020101635e-07
3000 1.123255216081308e-06
42
1 3.9594746366866105e-05
10 0.0001645568891559116
20 7.034385790709191e-05
30 4.57726500553133e-05
40 4.015637397490676e-05
50 2.7238938989971717e-05
60 3.102992534424613e-05
70 1.446191090704684e-05
80 1.1092145258802916e-05
90 8.705227924630137e-06
100 8.143600316589483e-06
110 4.633427766335395e-06
120 5.8970898844268665e-06
130 2.288632502765665e-05
140 1.5304352319107822e-05
150 3.5101725502540875e-06
160 3.088951844223597e-06
170 1.404069020101635e-06
180 2.246510432162616e-06
190 2.5273242361829428e-06
200 1.404069020101635e-05
300 1.9516559379412725e-05
400 1.4321504005036676e-05
500 5.0546484723658855e-06
600 1.8252897261321254e-06
700 1.404069020101635e-06
800 5.61627608040654e-07
900 1.123255216081308e-06
1000 1.5725573025138312e-05
2000 5.0546484723658855e-06
3000 3.327643577640875e-05
4000 5.61627608040654e-07
5000 1.404069020101635e-07
260
1 1.642760753518913e-05
10 5.61627608040654e-05
20 2.4290394047758283e-05
30 1.5585166123128146e-05
40 1.123255216081308e-05
50 9.126448630660626e-06
60 1.1934586670863897e-05
70 5.335462276386213e-06
80 4.071800158294742e-06
90 3.650579452264251e-06
100 1.965696628142289e-06
110 1.965696628142289e-06
120 9.828483140711445e-07
130 4.633427766335395e-06
140 2.80813804020327e-06
150 5.61627608040654e-07
160 7.020345100508175e-07
170 1.123255216081308e-06
180 9.828483140711445e-07
190 9.828483140711445e-07
200 5.335462276386213e-06
300 9.26685553267079e-06
400 4.914241570355723e-06
500 1.5444759221117985e-06
600 5.61627608040654e-07
800 2.80813804020327e-07
900 4.2122070603049046e-07
1000 2.5273242361829428e-06
2000 5.61627608040654e-07
3000 6.03749678643703e-06
4000 4.2122070603049046e-07
650
1 4.633427766335395e-06
10 1.8393304163331418e-05
20 7.581972708548828e-06
30 7.441565806538665e-06
40 4.352613962315068e-06
50 3.3697656482439237e-06
60 4.633427766335395e-06
70 1.123255216081308e-06
80 1.123255216081308e-06
90 9.828483140711445e-07
100 2.80813804020327e-07
110 5.61627608040654e-07
120 5.61627608040654e-07
130 1.6848828241219618e-06
140 8.424414120609809e-07
150 2.80813804020327e-07
160 1.404069020101635e-07
170 5.61627608040654e-07
180 2.80813804020327e-07
190 5.61627608040654e-07
200 1.5444759221117985e-06
300 3.790986354274414e-06
400 2.246510432162616e-06
500 4.2122070603049046e-07
600 4.2122070603049046e-07
1000 8.424414120609809e-07
3000 1.8252897261321254e-06
2700
1 8.424414120609809e-07
10 1.965696628142289e-06
20 7.020345100508175e-07
30 1.404069020101635e-07
40 2.80813804020327e-07
50 2.80813804020327e-07
60 2.80813804020327e-07
130 1.404069020101635e-07
200 1.404069020101635e-07
300 1.404069020101635e-07
500 1.404069020101635e-07
420
1 4.071800158294742e-06
10 1.6708421339209456e-05
20 9.688076238701281e-06
30 7.160752002518338e-06
40 6.458717492467521e-06
50 3.2293587462337604e-06
60 5.475869178396376e-06
70 1.5444759221117985e-06
80 1.8252897261321254e-06
90 1.404069020101635e-07
100 1.2636621180914714e-06
110 1.123255216081308e-06
120 2.80813804020327e-07
130 1.965696628142289e-06
140 1.123255216081308e-06
150 4.2122070603049046e-07
160 5.61627608040654e-07
170 4.2122070603049046e-07
180 2.80813804020327e-07
190 1.404069020101635e-07
200 1.404069020101635e-06
300 3.2293587462337604e-06
400 2.5273242361829428e-06
500 7.020345100508175e-07
800 1.404069020101635e-07
1000 8.424414120609809e-07
3000 1.8252897261321254e-06
4000 1.404069020101635e-07
1100000 1.404069020101635e-07
3
1 0.0043311317063075136
10 0.011945117188514659
20 0.004985989497282916
30 0.0040306609360057635
40 0.0025992125700121465
50 0.0017529801715968913
60 0.002051485245270499
70 0.0011332241061240297
80 0.0009484486230786544
90 0.0006975414891864922
100 0.000604592120055764
110 0.0004599730109852956
120 0.00036997218679678083
130 0.002244965956240504
140 0.0004963383986059279
150 0.00018758362108557843
160 0.00022956528478661732
170 0.00013366737071367565
180 0.00014981416444484445
190 0.00013816039157800086
200 0.0006071194442919469
300 0.0007622690710131776
400 0.0004820168946008913
500 0.0002546981202464366
600 0.00017241967566848076
700 0.0001653993305679726
800 9.252814842469774e-05
900 9.926767972118558e-05
1000 0.002408259183278324
2000 0.007984238482807948
3000 0.007893956844815413
4000 0.00039201607041237647
5000 9.842523830912461e-05
6000 0.00014026649510815334
7000 1.123255216081308e-06
8000 1.2636621180914714e-06
9000 4.2122070603049046e-07
10000 1.2636621180914714e-06
20000 1.965696628142289e-06
40000 2.80813804020327e-07
60000 4.2122070603049046e-07
100000 1.404069020101635e-07
500000 1.404069020101635e-07
1100000 1.404069020101635e-07
36400
1 1.404069020101635e-07
36000
10 1.404069020101635e-07
19000
1 5.61627608040654e-07
300 1.404069020101635e-07
19400
1 2.6677311381931065e-06
300 1.404069020101635e-07
36800
1 2.80813804020327e-07
36200
1 1.404069020101635e-07
35800
1 1.404069020101635e-07
20 1.404069020101635e-07
22800
20 1.404069020101635e-07
30 1.404069020101635e-07
36600
10 1.404069020101635e-07
19600
1 1.2636621180914714e-06
10 1.404069020101635e-07
19200
1 4.2122070603049046e-07
10 2.80813804020327e-07
18400
1 1.404069020101635e-07
1000 1.404069020101635e-07
18200
1 2.80813804020327e-07
20 1.404069020101635e-07
18800
1 8.424414120609809e-07
10 1.404069020101635e-07
40 1.404069020101635e-07
16800
1 7.020345100508175e-07
10 1.404069020101635e-07
20 1.404069020101635e-07
17800
1 2.80813804020327e-07
20 1.404069020101635e-07
600 1.404069020101635e-07
4
1 0.0019327010061699005
10 0.00663015431982193
20 0.0027727555008967087
30 0.002184731395278144
40 0.0014356605730539217
50 0.0010398535162872708
60 0.001208341798699467
70 0.0006710045847065714
80 0.0005280703584602249
90 0.00039861519480685414
100 0.00032293587462337605
110 0.0002485202165579894
120 0.00021566500148761112
130 0.0013088731405387442
140 0.00031394983289472557
150 0.00011162348709807998
160 0.00014223219173629563
170 8.059356175383384e-05
180 9.084326560057578e-05
190 7.624094779151877e-05
200 0.00036477713142240475
300 0.0004556203970229805
400 0.0003153539019148272
500 0.00016568014437199293
600 0.00010797290764581573
700 9.46342519548502e-05
800 7.708338920357976e-05
900 0.00011176389400009014
1000 0.0021233735790997027
2000 0.003290856969314212
3000 0.006455768947525307
4000 0.00024444841639969465
5000 3.706742213068316e-05
6000 6.0796188570400795e-05
7000 9.828483140711445e-07
8000 1.123255216081308e-06
9000 2.80813804020327e-07
10000 8.424414120609809e-07
20000 1.123255216081308e-06
40000 2.80813804020327e-07
60000 4.2122070603049046e-07
200000 1.404069020101635e-07
300000 1.404069020101635e-07
2050
1 4.2122070603049046e-07
10 1.6848828241219618e-06
20 1.2636621180914714e-06
40 2.80813804020327e-07
50 1.404069020101635e-07
60 7.020345100508175e-07
70 1.404069020101635e-07
80 1.404069020101635e-07
100 2.80813804020327e-07
110 1.404069020101635e-07
130 1.404069020101635e-07
190 1.404069020101635e-07
200 5.61627608040654e-07
300 4.2122070603049046e-07
400 1.404069020101635e-07
500 2.80813804020327e-07
600 1.404069020101635e-07
1000 1.404069020101635e-07
3000 1.404069020101635e-07
950
1 2.5273242361829428e-06
10 9.407262434680954e-06
20 3.2293587462337604e-06
30 2.246510432162616e-06
40 2.5273242361829428e-06
50 2.1061035301524523e-06
60 1.2636621180914714e-06
70 9.828483140711445e-07
80 4.2122070603049046e-07
90 7.020345100508175e-07
110 1.404069020101635e-07
120 1.404069020101635e-07
130 5.61627608040654e-07
140 1.404069020101635e-07
150 4.2122070603049046e-07
160 1.404069020101635e-07
190 2.80813804020327e-07
200 1.123255216081308e-06
300 2.1061035301524523e-06
400 1.2636621180914714e-06
500 5.61627608040654e-07
600 1.404069020101635e-07
1000 5.61627608040654e-07
2000 2.80813804020327e-07
3000 5.61627608040654e-07
8
1 0.0004186933817943075
10 0.001584491889184695
20 0.0006274784450834206
30 0.00042445006477672423
40 0.0003622498071862218
50 0.0002468353337338674
60 0.0002990667012816482
70 0.00014068771581418382
80 0.000125383363495076
90 0.00010249703846741935
100 7.3854030457346e-05
110 6.262147829653292e-05
120 4.984445021360804e-05
130 0.0003322027301560468
140 0.0001123255216081308
150 2.443080094976845e-05
160 3.8611898052794964e-05
170 2.260551122363632e-05
180 2.3869173341727793e-05
190 1.797208345730093e-05
200 9.744238999505347e-05
300 0.0001453211435805192
400 8.578861712820989e-05
500 3.7629049738723816e-05
600 2.9906670128164824e-05
700 1.8954931771372073e-05
800 1.3759876396996022e-05
900 2.3167138831676976e-05
1000 0.0003534041723595815
2000 0.00018337141402527353
3000 0.0009334250845635669
4000 1.9797373183433053e-05
5000 1.8954931771372073e-05
6000 2.330754573368714e-05
7000 2.80813804020327e-07
8000 4.2122070603049046e-07
9000 2.80813804020327e-07
20000 1.404069020101635e-07
4550
1 1.404069020101635e-07
10 4.2122070603049046e-07
20 1.404069020101635e-07
30 2.80813804020327e-07
90 1.404069020101635e-07
120 1.404069020101635e-07
2200
1 4.2122070603049046e-07
10 2.9485449422134332e-06
20 7.020345100508175e-07
30 4.2122070603049046e-07
40 1.404069020101635e-07
60 2.80813804020327e-07
70 2.80813804020327e-07
80 1.404069020101635e-07
90 1.404069020101635e-07
110 1.404069020101635e-07
150 1.404069020101635e-07
160 1.404069020101635e-07
400 1.404069020101635e-07
500 1.404069020101635e-07
9000 1.404069020101635e-07
460
1 3.931393256284578e-06
10 1.5585166123128146e-05
20 8.986041728650464e-06
30 6.739531296487847e-06
40 3.931393256284578e-06
50 4.352613962315068e-06
60 4.773834668345559e-06
70 7.020345100508175e-07
80 1.404069020101635e-06
90 8.424414120609809e-07
100 7.020345100508175e-07
110 4.2122070603049046e-07
120 4.2122070603049046e-07
130 1.5444759221117985e-06
140 2.80813804020327e-07
160 1.404069020101635e-07
180 1.404069020101635e-07
190 7.020345100508175e-07
200 7.020345100508175e-07
300 3.5101725502540875e-06
400 2.1061035301524523e-06
500 8.424414120609809e-07
600 1.404069020101635e-07
800 1.404069020101635e-07
900 1.404069020101635e-07
1000 1.404069020101635e-07
3000 1.965696628142289e-06
4000 1.404069020101635e-07
1150
1 1.6848828241219618e-06
10 8.143600316589483e-06
20 2.5273242361829428e-06
30 1.2636621180914714e-06
40 1.5444759221117985e-06
50 1.123255216081308e-06
60 1.404069020101635e-06
70 5.61627608040654e-07
80 7.020345100508175e-07
90 8.424414120609809e-07
100 1.404069020101635e-07
130 4.2122070603049046e-07
140 1.404069020101635e-07
160 2.80813804020327e-07
200 8.424414120609809e-07
300 1.2636621180914714e-06
400 2.80813804020327e-07
500 5.61627608040654e-07
1000 5.61627608040654e-07
3000 2.80813804020327e-07
5200
1 1.404069020101635e-07
10 9.828483140711445e-07
20 2.80813804020327e-07
30 4.2122070603049046e-07
40 1.404069020101635e-07
50 2.80813804020327e-07
60 2.80813804020327e-07
70 1.404069020101635e-07
80 1.404069020101635e-07
300 2.80813804020327e-07
2850
1 1.404069020101635e-07
10 2.1061035301524523e-06
20 7.020345100508175e-07
30 1.404069020101635e-07
50 1.404069020101635e-07
70 1.404069020101635e-07
100 1.404069020101635e-07
120 1.404069020101635e-07
400 1.404069020101635e-07
500 1.404069020101635e-07
1000 2.80813804020327e-07
2000 1.404069020101635e-07
160
1 4.338573272114052e-05
10 0.0001273490601232183
20 5.840927123622801e-05
30 3.622498071862218e-05
40 3.117033224625629e-05
50 2.695812518595139e-05
60 2.8221787304042862e-05
70 1.3338655690965533e-05
80 1.0109296944731771e-05
90 7.862786512569156e-06
100 4.773834668345559e-06
110 5.475869178396376e-06
120 4.212207060304905e-06
130 1.656801443719929e-05
140 7.862786512569156e-06
150 1.6848828241219618e-06
160 3.650579452264251e-06
170 2.80813804020327e-06
180 2.246510432162616e-06
190 2.9485449422134332e-06
200 1.1794179768853733e-05
300 2.1763069811575342e-05
400 1.207499357287406e-05
500 5.195055374376049e-06
600 1.8252897261321254e-06
700 5.61627608040654e-07
800 2.80813804020327e-07
900 4.2122070603049046e-07
1000 6.739531296487847e-06
2000 1.2636621180914714e-06
3000 1.9797373183433053e-05
4000 1.5444759221117985e-06
7000 1.404069020101635e-07
2100
1 1.123255216081308e-06
10 3.088951844223597e-06
20 7.020345100508175e-07
30 8.424414120609809e-07
40 4.2122070603049046e-07
60 1.404069020101635e-07
80 1.404069020101635e-07
110 1.404069020101635e-07
200 1.404069020101635e-07
300 2.80813804020327e-07
400 2.80813804020327e-07
500 1.404069020101635e-07
3000 1.404069020101635e-07
700
1 4.914241570355723e-06
10 1.5023538515087495e-05
20 6.739531296487847e-06
30 5.335462276386213e-06
40 5.475869178396376e-06
50 3.5101725502540875e-06
60 2.1061035301524523e-06
70 1.2636621180914714e-06
80 1.123255216081308e-06
90 1.123255216081308e-06
100 4.2122070603049046e-07
110 8.424414120609809e-07
120 2.80813804020327e-07
130 1.5444759221117985e-06
140 7.020345100508175e-07
150 1.404069020101635e-07
160 1.404069020101635e-07
170 5.61627608040654e-07
180 4.2122070603049046e-07
190 4.2122070603049046e-07
200 1.8252897261321254e-06
300 2.6677311381931065e-06
400 1.965696628142289e-06
500 8.424414120609809e-07
600 2.80813804020327e-07
700 1.404069020101635e-07
800 1.404069020101635e-07
1000 5.61627608040654e-07
2000 1.404069020101635e-07
3000 8.424414120609809e-07
550
1 6.03749678643703e-06
10 2.850260110806319e-05
20 1.488313161307733e-05
30 6.5991243944776845e-06
40 9.126448630660626e-06
50 5.195055374376049e-06
60 6.5991243944776845e-06
70 2.9485449422134332e-06
80 1.965696628142289e-06
90 1.123255216081308e-06
100 8.424414120609809e-07
110 1.2636621180914714e-06
120 9.828483140711445e-07
130 2.5273242361829428e-06
140 1.2636621180914714e-06
150 8.424414120609809e-07
160 5.61627608040654e-07
170 5.61627608040654e-07
180 2.80813804020327e-07
190 5.61627608040654e-07
200 2.246510432162616e-06
300 4.773834668345559e-06
400 2.9485449422134332e-06
500 7.020345100508175e-07
600 5.61627608040654e-07
700 2.80813804020327e-07
900 1.404069020101635e-07
1000 1.123255216081308e-06
2000 1.404069020101635e-07
3000 2.1061035301524523e-06
5
1 0.0011604630451140013
10 0.004049896681581156
20 0.0016999063626370495
30 0.0012347382962773778
40 0.0009161550356163168
50 0.0006134377548824043
60 0.0007358725734352669
70 0.00039103322209830534
80 0.00033824022694248386
90 0.0002545577133444264
100 0.0002027475665026761
110 0.00017592984821873485
120 0.00013647550875387892
130 0.0008469344329253062
140 0.0002191751740378652
150 6.739531296487847e-05
160 8.733309305032169e-05
170 5.349502966587229e-05
180 5.812845743220769e-05
190 5.4618284881953596e-05
200 0.00021833273262580424
300 0.00029724141155551613
400 0.0002007818698745338
500 0.00010249703846741935
600 7.146711312317322e-05
700 5.5320319392004413e-05
800 4.7597939781445425e-05
900 7.975112034177286e-05
1000 0.0012188723163502292
2000 0.0014096852961820415
3000 0.003914123207337328
4000 0.00013057841886945205
5000 2.6396497577910738e-05
6000 3.945433946485594e-05
7000 4.2122070603049046e-07
8000 2.246510432162616e-06
9000 8.424414120609809e-07
10000 1.404069020101635e-07
20000 1.404069020101635e-07
100000 1.404069020101635e-07
500000 2.80813804020327e-07
600000 1.404069020101635e-07
700000 2.80813804020327e-07
1100000 1.404069020101635e-07
3600
10 9.828483140711445e-07
20 2.80813804020327e-07
30 4.2122070603049046e-07
60 2.80813804020327e-07
70 1.404069020101635e-07
100 1.404069020101635e-07
170 1.404069020101635e-07
400 1.404069020101635e-07
14
1 0.0002610164308368939
10 0.0010574043790385413
20 0.00040746082963349445
30 0.0002764611900580119
40 0.00024290394047758284
50 0.0001738237446885824
60 0.00019109379363583252
70 9.814442450510429e-05
80 9.26685553267079e-05
90 7.146711312317322e-05
100 5.195055374376049e-05
110 3.9594746366866105e-05
120 3.22935874623376e-05
130 0.00019867576634438134
140 0.00010221622466339902
150 1.811249035931109e-05
160 2.6396497577910738e-05
170 1.4181097103026514e-05
180 1.8814524869361908e-05
190 1.6287200633178967e-05
200 7.062467171111224e-05
300 9.603832097495184e-05
400 6.332351280658374e-05
500 2.6817718283941228e-05
600 2.1903476713585504e-05
700 7.722379610558992e-06
800 5.8970898844268665e-06
900 8.705227924630137e-06
1000 0.00014293422624634644
2000 4.00159670728966e-05
3000 0.0003361341234123314
4000 5.335462276386213e-06
5000 2.414998714574812e-05
6000 2.372876643971763e-05
7000 1.404069020101635e-07
8000 1.404069020101635e-07
40000 1.404069020101635e-07
60000 1.404069020101635e-07
500000 1.404069020101635e-07
2950
1 7.020345100508175e-07
10 2.246510432162616e-06
20 2.80813804020327e-07
30 1.404069020101635e-07
50 1.404069020101635e-07
300 1.404069020101635e-07
16
1 0.0001922170488519138
10 0.0008656085508926579
20 0.00030833355681431904
30 0.0002165074428996721
40 0.00020162431128659477
50 0.00013759876396996022
60 0.00015332433699509853
70 7.259036833925453e-05
80 7.567932018347812e-05
90 5.293340205783164e-05
100 4.00159670728966e-05
110 3.5522946208571364e-05
120 2.7940973500022534e-05
130 0.00014518073667850906
140 8.438454810810825e-05
150 1.3900283299006186e-05
160 2.1341849105544852e-05
170 1.1934586670863897e-05
180 1.3759876396996022e-05
190 1.2215400474884224e-05
200 5.953252645230932e-05
300 7.989152724378303e-05
400 5.026567091963853e-05
500 2.3447952635697304e-05
600 1.3338655690965533e-05
700 5.7566829824167035e-06
800 5.0546484723658855e-06
900 6.458717492467521e-06
1000 0.0001076920938417954
2000 3.0749111540225806e-05
3000 0.00024290394047758284
4000 4.352613962315068e-06
5000 1.3479062592975695e-05
6000 1.684882824121962e-05
7000 1.404069020101635e-07
8000 1.404069020101635e-07
20000 4.2122070603049046e-07
80000 1.404069020101635e-07
1650
1 7.020345100508175e-07
10 4.773834668345559e-06
20 1.2636621180914714e-06
30 7.020345100508175e-07
40 2.80813804020327e-07
50 9.828483140711445e-07
60 7.020345100508175e-07
70 1.404069020101635e-07
100 1.404069020101635e-07
110 1.404069020101635e-07
120 1.404069020101635e-07
130 1.404069020101635e-07
180 1.404069020101635e-07
190 2.80813804020327e-07
200 5.61627608040654e-07
300 4.2122070603049046e-07
400 4.2122070603049046e-07
600 1.404069020101635e-07
1000 1.404069020101635e-07
3250
1 2.80813804020327e-07
10 4.2122070603049046e-07
20 4.2122070603049046e-07
30 1.404069020101635e-07
40 2.80813804020327e-07
60 2.80813804020327e-07
100 1.404069020101635e-07
190 1.404069020101635e-07
500 1.404069020101635e-07
1000 4.2122070603049046e-07
17200
1 2.80813804020327e-07
20 1.404069020101635e-07
16600
1 4.2122070603049046e-07
10 2.80813804020327e-07
20 1.404069020101635e-07
30 1.404069020101635e-07
90 1.404069020101635e-07
100 1.404069020101635e-07
16400
10 4.2122070603049046e-07
15400
1 1.404069020101635e-07
10 1.404069020101635e-07
120 1.404069020101635e-07
170 1.404069020101635e-07
11200
1 2.80813804020327e-07
10 1.404069020101635e-07
20 1.404069020101635e-07
12800
1 4.2122070603049046e-07
20 1.404069020101635e-07
90 1.404069020101635e-07
13000
1 7.020345100508175e-07
20 1.404069020101635e-07
9800
10 1.404069020101635e-07
30 1.404069020101635e-07
40 1.404069020101635e-07
50 1.404069020101635e-07
60 1.404069020101635e-07
110 1.404069020101635e-07
160 1.404069020101635e-07
9600
1 5.61627608040654e-07
10 2.80813804020327e-07
20 1.404069020101635e-07
30 1.404069020101635e-07
80 1.404069020101635e-07
16000
1 1.404069020101635e-07
10 2.80813804020327e-07
40 1.404069020101635e-07
12600
1 4.2122070603049046e-07
20 1.404069020101635e-07
150 1.404069020101635e-07
9200
1 7.020345100508175e-07
10 4.2122070603049046e-07
20 7.020345100508175e-07
30 1.404069020101635e-07
400 1.404069020101635e-07
5600
1 1.2636621180914714e-06
10 8.424414120609809e-07
20 5.61627608040654e-07
30 4.2122070603049046e-07
60 1.404069020101635e-07
70 1.404069020101635e-07
130 1.404069020101635e-07
200 1.404069020101635e-07
400 1.404069020101635e-07
5400
1 7.020345100508175e-07
10 1.965696628142289e-06
20 1.123255216081308e-06
30 2.80813804020327e-07
40 4.2122070603049046e-07
50 7.020345100508175e-07
60 5.61627608040654e-07
110 2.80813804020327e-07
160 1.404069020101635e-07
300 1.404069020101635e-07
400 1.404069020101635e-07
5000
1 1.404069020101635e-07
10 1.123255216081308e-06
20 1.5444759221117985e-06
30 1.123255216081308e-06
40 4.2122070603049046e-07
60 1.404069020101635e-07
70 2.80813804020327e-07
130 1.404069020101635e-07
200 2.80813804020327e-07
300 1.404069020101635e-07
400 1.404069020101635e-07
1000 1.404069020101635e-07
17400
1 1.404069020101635e-07
20 1.404069020101635e-07
50 1.404069020101635e-07
9000
1 2.80813804020327e-07
10 2.80813804020327e-07
20 2.80813804020327e-07
30 1.404069020101635e-07
40 2.80813804020327e-07
110 1.404069020101635e-07
130 1.404069020101635e-07
46
1 3.046829773620548e-05
10 0.000133105743105635
20 6.121740927643129e-05
30 3.945433946485594e-05
40 3.0749111540225806e-05
50 2.288632502765665e-05
60 2.6396497577910738e-05
70 1.3619469494985859e-05
80 1.0390110748752099e-05
90 1.0109296944731771e-05
100 6.5991243944776845e-06
110 5.195055374376049e-06
120 3.931393256284578e-06
130 1.7410455849260274e-05
140 1.4602317809057003e-05
150 1.8252897261321254e-06
160 3.790986354274414e-06
170 2.1061035301524523e-06
180 1.6848828241219618e-06
190 2.5273242361829428e-06
200 1.1372959062823243e-05
300 1.684882824121962e-05
400 9.968890042721607e-06
500 5.335462276386213e-06
600 2.5273242361829428e-06
700 4.2122070603049046e-07
800 2.80813804020327e-07
900 5.61627608040654e-07
1000 1.0951738356792752e-05
2000 4.352613962315068e-06
3000 2.8221787304042862e-05
4000 7.020345100508175e-07
20000 1.404069020101635e-07
4950
1 5.61627608040654e-07
10 1.404069020101635e-07
60 1.404069020101635e-07
300 1.404069020101635e-07
400 1.404069020101635e-07
1750
1 9.828483140711445e-07
10 4.914241570355723e-06
20 8.424414120609809e-07
30 1.2636621180914714e-06
40 7.020345100508175e-07
50 8.424414120609809e-07
60 5.61627608040654e-07
70 1.404069020101635e-07
120 2.80813804020327e-07
160 1.404069020101635e-07
170 1.404069020101635e-07
190 4.2122070603049046e-07
200 4.2122070603049046e-07
300 1.404069020101635e-07
400 8.424414120609809e-07
500 1.404069020101635e-07
1000 2.80813804020327e-07
2750
1 7.020345100508175e-07
10 2.246510432162616e-06
20 2.80813804020327e-07
40 1.404069020101635e-07
50 4.2122070603049046e-07
60 4.2122070603049046e-07
70 1.404069020101635e-07
300 2.80813804020327e-07
400 1.404069020101635e-07
500 1.404069020101635e-07
2150
1 7.020345100508175e-07
10 2.1061035301524523e-06
20 5.61627608040654e-07
30 1.404069020101635e-07
40 4.2122070603049046e-07
50 1.404069020101635e-07
60 2.80813804020327e-07
70 1.404069020101635e-07
90 2.80813804020327e-07
130 2.80813804020327e-07
200 1.404069020101635e-07
300 1.404069020101635e-07
400 4.2122070603049046e-07
500 1.404069020101635e-07
600 1.404069020101635e-07
3000 1.404069020101635e-07
2400
1 4.2122070603049046e-07
10 2.1061035301524523e-06
20 7.020345100508175e-07
30 2.80813804020327e-07
40 8.424414120609809e-07
50 1.404069020101635e-07
60 2.80813804020327e-07
200 1.404069020101635e-07
400 2.80813804020327e-07
3000 1.404069020101635e-07
1000
1 3.3697656482439237e-06
10 7.441565806538665e-06
20 3.650579452264251e-06
30 1.5444759221117985e-06
40 2.1061035301524523e-06
50 1.123255216081308e-06
60 1.6848828241219618e-06
70 1.2636621180914714e-06
80 4.2122070603049046e-07
90 2.80813804020327e-07
100 4.2122070603049046e-07
110 2.80813804020327e-07
120 8.424414120609809e-07
130 5.61627608040654e-07
140 2.80813804020327e-07
150 1.404069020101635e-07
160 2.80813804020327e-07
170 1.404069020101635e-07
180 4.2122070603049046e-07
190 1.404069020101635e-07
200 7.020345100508175e-07
300 1.965696628142289e-06
400 1.2636621180914714e-06
500 1.404069020101635e-07
800 1.404069020101635e-07
1000 4.2122070603049046e-07
3000 2.80813804020327e-07
4000 1.404069020101635e-07
6600
1 4.2122070603049046e-07
10 5.61627608040654e-07
20 7.020345100508175e-07
30 4.2122070603049046e-07
40 2.80813804020327e-07
60 2.80813804020327e-07
70 1.404069020101635e-07
200 1.404069020101635e-07
1000 1.404069020101635e-07
9
1 0.0003128265776786443
10 0.0012569225867949836
20 0.00048243811530692174
30 0.0003334663922741383
40 0.0002864300801007335
50 0.00019207664194990367
60 0.000221562091372038
70 0.00011176389400009014
80 9.603832097495184e-05
90 8.340169979403711e-05
100 6.163862998246177e-05
110 4.9704043311597876e-05
120 4.296451201511003e-05
130 0.00027098532087961553
140 9.337058983675872e-05
150 2.3869173341727793e-05
160 2.569446306785992e-05
170 1.5865979927148474e-05
180 1.7550862751270436e-05
190 1.76912696532806e-05
200 7.553891328146796e-05
300 9.996971423123641e-05
400 7.006304410307159e-05
500 3.2574401266357934e-05
600 2.414998714574812e-05
700 1.123255216081308e-05
800 1.2215400474884224e-05
900 1.3900283299006186e-05
1000 0.00024866062345999955
2000 0.00010376070058551082
3000 0.0006406766938723761
4000 1.3338655690965533e-05
5000 2.1622662909565176e-05
6000 2.4711614753788776e-05
7000 1.404069020101635e-07
9000 1.404069020101635e-07
20000 2.80813804020327e-07
60
1 0.00015978305448756605
10 0.0006326735004577967
20 0.0002579274789926703
30 0.00018674117967351744
40 0.00018126531049512108
50 0.00011611650796240521
60 0.00014588277118855988
70 6.374473351261423e-05
80 5.293340205783164e-05
90 4.226247750505921e-05
100 3.1872366756307116e-05
110 2.9204635618114007e-05
120 2.3447952635697304e-05
130 9.561710026892134e-05
140 4.928282260556738e-05
150 1.0109296944731771e-05
160 1.8393304163331418e-05
170 8.564821022619973e-06
180 1.3057841886945205e-05
190 1.1513365964833407e-05
200 5.602235390205524e-05
300 9.126448630660627e-05
400 5.237177444979098e-05
500 2.007818698745338e-05
600 1.0951738356792752e-05
700 2.80813804020327e-06
800 3.931393256284578e-06
900 2.6677311381931065e-06
1000 4.829997429149624e-05
2000 8.42441412060981e-06
3000 0.00012805109463326911
4000 3.5101725502540875e-06
20000 1.404069020101635e-07
6
1 0.0007996173069478811
10 0.0028162816405198593
20 0.001074253207279761
30 0.0008288219425659951
40 0.0006333755349678475
50 0.0004057759468093725
60 0.0005005506056662329
70 0.0002700024725655444
80 0.00022633592604038354
90 0.00018084408978909057
100 0.00013296533620362483
110 0.00010979819737194785
120 9.519587956289085e-05
130 0.0005885857332266054
140 0.0001653993305679726
150 4.549183625129297e-05
160 6.107700237442112e-05
170 3.411887718846973e-05
180 3.833108424877463e-05
190 3.38380633844494e-05
200 0.00015332433699509853
300 0.000221562091372038
400 0.00014756765401268183
500 7.11862993191529e-05
600 5.0546484723658855e-05
700 2.8362194206053027e-05
800 2.569446306785992e-05
900 3.117033224625629e-05
1000 0.0007596013398749845
2000 0.0006649670879201343
3000 0.002557792533919148
4000 7.244996143724436e-05
5000 2.0218593889463542e-05
6000 2.7800566598012372e-05
7000 7.020345100508175e-07
8000 1.2636621180914714e-06
9000 2.80813804020327e-07
20000 4.2122070603049046e-07
40000 1.404069020101635e-07
60000 2.80813804020327e-07
200000 2.80813804020327e-07
500000 1.404069020101635e-07
600000 2.80813804020327e-07
18
1 0.00016104671660565752
10 0.0006979627098925227
20 0.00026607107930925984
30 0.00018084408978909057
40 0.00016174875111570834
50 0.00011316796302019177
60 0.00012482173588703534
70 5.798805053019752e-05
80 5.897089884426867e-05
90 4.142003609299823e-05
100 3.594416691460186e-05
110 2.864300801007335e-05
120 2.3447952635697304e-05
130 0.00011625691486441538
140 6.528920943472602e-05
150 1.1513365964833407e-05
160 1.76912696532806e-05
170 7.862786512569156e-06
180 1.0109296944731771e-05
190 1.2777028082924878e-05
200 4.591305695732346e-05
300 6.627205774879716e-05
400 4.226247750505921e-05
500 1.7410455849260274e-05
600 1.3338655690965533e-05
700 4.493020864325232e-06
800 4.212207060304905e-06
900 4.071800158294742e-06
1000 7.820664441966107e-05
2000 1.7270048947250108e-05
3000 0.0001877240279875886
4000 3.2293587462337604e-06
5000 7.301158904528502e-06
6000 7.862786512569156e-06
7000 2.80813804020327e-07
8000 1.404069020101635e-07
20000 1.404069020101635e-07
40000 1.404069020101635e-07
280
1 1.2917434984935041e-05
10 4.380695342717101e-05
20 1.9376152477402563e-05
30 1.3759876396996022e-05
40 9.547669336691118e-06
50 9.547669336691118e-06
60 9.968890042721607e-06
70 3.931393256284578e-06
80 3.790986354274414e-06
90 2.6677311381931065e-06
100 1.5444759221117985e-06
110 1.404069020101635e-06
120 2.1061035301524523e-06
130 4.633427766335395e-06
140 1.2636621180914714e-06
150 8.424414120609809e-07
160 1.123255216081308e-06
170 7.020345100508175e-07
180 9.828483140711445e-07
190 7.020345100508175e-07
200 2.9485449422134332e-06
300 4.633427766335395e-06
400 4.493020864325232e-06
500 7.020345100508175e-07
600 4.2122070603049046e-07
800 5.61627608040654e-07
1000 1.6848828241219618e-06
2000 5.61627608040654e-07
3000 5.0546484723658855e-06
4000 7.020345100508175e-07
1900
1 9.828483140711445e-07
10 2.5273242361829428e-06
20 9.828483140711445e-07
30 7.020345100508175e-07
40 9.828483140711445e-07
50 2.80813804020327e-07
60 2.80813804020327e-07
90 2.80813804020327e-07
110 1.404069020101635e-07
130 2.80813804020327e-07
160 1.404069020101635e-07
170 1.404069020101635e-07
180 1.404069020101635e-07
200 1.404069020101635e-07
300 1.404069020101635e-07
500 1.404069020101635e-07
800 1.404069020101635e-07
3900
1 2.80813804020327e-07
10 9.828483140711445e-07
30 2.80813804020327e-07
90 1.404069020101635e-07
100 1.404069020101635e-07
300 1.404069020101635e-07
3850
1 9.828483140711445e-07
10 1.404069020101635e-06
20 2.80813804020327e-07
40 2.80813804020327e-07
50 1.404069020101635e-07
80 1.404069020101635e-07
400 1.404069020101635e-07
3050
1 5.61627608040654e-07
10 7.020345100508175e-07
20 5.61627608040654e-07
30 2.80813804020327e-07
40 1.404069020101635e-07
60 2.80813804020327e-07
100 1.404069020101635e-07
170 1.404069020101635e-07
3000
1 5.61627608040654e-07
10 1.8252897261321254e-06
20 7.020345100508175e-07
30 2.80813804020327e-07
60 4.2122070603049046e-07
200 1.404069020101635e-07
300 1.404069020101635e-07
500 1.404069020101635e-07
13800
10 7.020345100508175e-07
20 1.404069020101635e-07
50 1.404069020101635e-07
100 1.404069020101635e-07
1500
1 1.8252897261321254e-06
10 5.61627608040654e-06
20 1.5444759221117985e-06
30 1.8252897261321254e-06
40 5.61627608040654e-07
50 5.61627608040654e-07
60 9.828483140711445e-07
70 1.404069020101635e-07
90 2.80813804020327e-07
110 1.404069020101635e-07
120 1.404069020101635e-07
130 2.80813804020327e-07
150 1.404069020101635e-07
160 1.404069020101635e-07
200 1.404069020101635e-07
300 5.61627608040654e-07
400 1.404069020101635e-07
500 1.404069020101635e-07
600 1.404069020101635e-07
900 1.404069020101635e-07
3000 1.404069020101635e-07
4000 1.404069020101635e-07
4650
1 2.80813804020327e-07
10 2.80813804020327e-07
70 2.80813804020327e-07
1600
1 1.123255216081308e-06
10 4.633427766335395e-06
20 1.5444759221117985e-06
30 7.020345100508175e-07
40 1.123255216081308e-06
50 5.61627608040654e-07
60 2.80813804020327e-07
70 1.404069020101635e-07
80 4.2122070603049046e-07
90 1.404069020101635e-07
160 1.404069020101635e-07
180 1.404069020101635e-07
200 4.2122070603049046e-07
300 9.828483140711445e-07
400 4.2122070603049046e-07
500 2.80813804020327e-07
1000 4.2122070603049046e-07
3000 1.404069020101635e-07
3150
1 2.80813804020327e-07
10 1.123255216081308e-06
20 4.2122070603049046e-07
30 2.80813804020327e-07
40 1.404069020101635e-07
50 1.404069020101635e-07
60 4.2122070603049046e-07
110 1.404069020101635e-07
120 1.404069020101635e-07
500 1.404069020101635e-07
240
1 1.0951738356792752e-05
10 6.725490606286832e-05
20 2.6677311381931065e-05
30 1.9797373183433053e-05
40 1.3198248788955369e-05
50 1.1934586670863897e-05
60 1.165377286684357e-05
70 5.8970898844268665e-06
80 6.177903688447194e-06
90 3.088951844223597e-06
100 2.80813804020327e-06
110 1.6848828241219618e-06
120 1.8252897261321254e-06
130 9.547669336691118e-06
140 2.5273242361829428e-06
150 1.123255216081308e-06
160 9.828483140711445e-07
170 1.5444759221117985e-06
180 8.424414120609809e-07
190 1.404069020101635e-06
200 5.61627608040654e-06
300 8.284007218599645e-06
400 5.7566829824167035e-06
500 1.8252897261321254e-06
600 9.828483140711445e-07
700 2.80813804020327e-07
800 1.404069020101635e-07
1000 1.8252897261321254e-06
2000 7.020345100508175e-07
3000 7.301158904528502e-06
4000 1.2636621180914714e-06
30000
10 1.404069020101635e-07
14200
10 4.2122070603049046e-07
20 1.404069020101635e-07
40 1.404069020101635e-07
14400
10 1.404069020101635e-07
20 2.80813804020327e-07
12000
10 1.404069020101635e-07
20 1.404069020101635e-07
60 1.404069020101635e-07
11000
1 1.404069020101635e-07
20 2.80813804020327e-07
40 2.80813804020327e-07
1400
1 1.6848828241219618e-06
10 7.581972708548828e-06
20 2.1061035301524523e-06
30 1.8252897261321254e-06
40 1.404069020101635e-06
50 5.61627608040654e-07
60 1.404069020101635e-07
80 1.404069020101635e-07
90 1.404069020101635e-07
110 2.80813804020327e-07
130 1.404069020101635e-07
140 4.2122070603049046e-07
190 1.404069020101635e-07
200 1.404069020101635e-07
300 2.80813804020327e-07
400 4.2122070603049046e-07
1000 2.80813804020327e-07
39600
20 1.404069020101635e-07
2350
1 9.828483140711445e-07
10 3.088951844223597e-06
20 8.424414120609809e-07
30 2.80813804020327e-07
40 4.2122070603049046e-07
50 4.2122070603049046e-07
60 7.020345100508175e-07
80 1.404069020101635e-07
100 1.404069020101635e-07
130 1.404069020101635e-07
170 1.404069020101635e-07
180 1.404069020101635e-07
190 1.404069020101635e-07
200 2.80813804020327e-07
300 2.80813804020327e-07
500 2.80813804020327e-07
1000 1.404069020101635e-07
3100
10 1.123255216081308e-06
20 7.020345100508175e-07
30 1.404069020101635e-07
40 4.2122070603049046e-07
170 1.404069020101635e-07
180 2.80813804020327e-07
190 1.404069020101635e-07
200 2.80813804020327e-07
300 1.404069020101635e-07
700 1.404069020101635e-07
1000 1.404069020101635e-07
11800
1 2.80813804020327e-07
10 1.404069020101635e-07
3000 1.404069020101635e-07
10000
1 1.404069020101635e-07
10 1.404069020101635e-07
20 2.80813804020327e-07
30 1.404069020101635e-07
60 4.2122070603049046e-07
70 2.80813804020327e-07
6200
1 4.2122070603049046e-07
10 7.020345100508175e-07
20 4.2122070603049046e-07
40 2.80813804020327e-07
50 2.80813804020327e-07
140 1.404069020101635e-07
200 1.404069020101635e-07
1000 1.404069020101635e-07
72200
10 1.404069020101635e-07
20000
1 8.424414120609809e-07
10600
10 1.404069020101635e-07
14600
1 2.80813804020327e-07
10 4.2122070603049046e-07
1950
1 5.61627608040654e-07
10 5.0546484723658855e-06
20 5.61627608040654e-07
30 4.2122070603049046e-07
40 4.2122070603049046e-07
50 2.80813804020327e-07
60 5.61627608040654e-07
70 1.404069020101635e-07
80 1.404069020101635e-07
110 1.404069020101635e-07
120 1.404069020101635e-07
130 1.404069020101635e-07
150 1.404069020101635e-07
170 2.80813804020327e-07
190 1.404069020101635e-07
300 2.80813804020327e-07
500 1.404069020101635e-07
3000 2.80813804020327e-07
200
1 2.6677311381931065e-05
10 8.255925838197614e-05
20 3.917352566083561e-05
30 2.7519752793992045e-05
40 2.400958024373796e-05
50 1.5865979927148474e-05
60 2.1482256007555014e-05
70 8.8456348266403e-06
80 6.318310590457357e-06
90 5.335462276386213e-06
100 3.931393256284578e-06
110 2.5273242361829428e-06
120 2.80813804020327e-06
130 9.688076238701281e-06
140 4.352613962315068e-06
150 2.1061035301524523e-06
160 2.1061035301524523e-06
170 1.404069020101635e-06
180 1.123255216081308e-06
190 1.6848828241219618e-06
200 6.458717492467521e-06
300 1.5585166123128146e-05
400 8.8456348266403e-06
500 3.088951844223597e-06
600 9.828483140711445e-07
700 5.61627608040654e-07
800 4.2122070603049046e-07
900 4.2122070603049046e-07
1000 8.705227924630137e-06
2000 1.123255216081308e-06
3000 1.2917434984935041e-05
4000 9.828483140711445e-07
20200
10 1.404069020101635e-07
19800
1 1.965696628142289e-06
50
1 1.5023538515087495e-05
10 6.009415406034998e-05
20 2.2745918125646487e-05
30 1.600638682915864e-05
40 1.0951738356792752e-05
50 1.0390110748752099e-05
60 1.2215400474884224e-05
70 5.0546484723658855e-06
80 5.195055374376049e-06
90 3.650579452264251e-06
100 2.5273242361829428e-06
110 1.6848828241219618e-06
120 1.2636621180914714e-06
130 8.284007218599645e-06
140 6.318310590457357e-06
150 8.424414120609809e-07
160 1.6848828241219618e-06
170 1.123255216081308e-06
180 1.8252897261321254e-06
190 7.020345100508175e-07
200 5.0546484723658855e-06
300 8.42441412060981e-06
400 4.352613962315068e-06
500 1.6848828241219618e-06
600 1.2636621180914714e-06
700 2.80813804020327e-07
800 1.404069020101635e-07
900 2.80813804020327e-07
1000 4.914241570355723e-06
2000 1.123255216081308e-06
3000 1.1513365964833407e-05
4000 2.80813804020327e-07
7
1 0.0005482889523496884
10 0.002050081176250397
20 0.0007895080100031493
30 0.0005506758696838612
40 0.0004794895703647083
50 0.00031198413626658326
60 0.0003566335311058153
70 0.00017747432414084665
80 0.00017649147582677552
90 0.00012720865322120813
100 0.00010362029368350066
110 8.986041728650464e-05
120 6.585083704276668e-05
130 0.0004314704098772324
140 0.00014096852961820416
150 3.411887718846973e-05
160 4.493020864325232e-05
170 2.695812518595139e-05
180 3.004707703017499e-05
190 2.80813804020327e-05
200 0.00012524295659306585
300 0.0001753682206106942
400 0.00010572639721365311
500 4.5632243153303135e-05
600 3.327643577640875e-05
700 2.1903476713585504e-05
800 2.1622662909565176e-05
900 2.0780221497504197e-05
1000 0.00045604161772901103
2000 0.00031872366756307115
3000 0.0015527599293303981
4000 3.8471491150784795e-05
5000 1.7410455849260274e-05
6000 1.8674117967351746e-05
7000 5.61627608040654e-07
8000 9.828483140711445e-07
9000 4.2122070603049046e-07
20000 4.2122070603049046e-07
40000 1.404069020101635e-07
200000 1.404069020101635e-07
600000 1.404069020101635e-07
22
1 0.0001123255216081308
10 0.000480051197972749
20 0.00017185804806044012
30 0.00012566417729909632
40 0.00011780139078652717
50 8.396332740207778e-05
60 9.15453001106266e-05
70 3.931393256284578e-05
80 3.734823593470349e-05
90 2.80813804020327e-05
100 2.5413649263839593e-05
110 1.853371106534158e-05
120 1.8814524869361908e-05
130 7.371362355533583e-05
140 4.942322950757755e-05
150 1.0249703846741935e-05
160 1.404069020101635e-05
170 8.42441412060981e-06
180 8.143600316589483e-06
190 8.00319341457932e-06
200 3.524213240455104e-05
300 5.419706417592311e-05
400 3.397847028645957e-05
500 1.3759876396996022e-05
600 7.020345100508175e-06
700 5.8970898844268665e-06
800 2.5273242361829428e-06
900 1.8252897261321254e-06
1000 5.026567091963853e-05
2000 1.123255216081308e-05
3000 0.00011780139078652717
4000 2.3869173341727794e-06
5000 4.2122070603049046e-07
6000 7.020345100508175e-07
7000 1.404069020101635e-07
8000 1.404069020101635e-07
20
1 0.00012664702561316748
10 0.0005880241056185647
20 0.00021018913230921475
30 0.00015009497824886478
40 0.00013801998467599072
50 9.30897760327384e-05
60 0.00011260633541215112
70 5.2792995155821476e-05
80 4.633427766335395e-05
90 3.4540097894500216e-05
100 3.22935874623376e-05
110 2.218429051760583e-05
120 1.6989235143229784e-05
130 9.477465885686036e-05
140 6.444676802266505e-05
150 1.0109296944731771e-05
160 1.5304352319107822e-05
170 7.722379610558992e-06
180 9.26685553267079e-06
190 7.441565806538665e-06
200 4.73171259774251e-05
300 6.276188519854308e-05
400 3.790986354274415e-05
500 1.6708421339209456e-05
600 1.2215400474884224e-05
700 4.212207060304905e-06
800 4.633427766335395e-06
900 4.914241570355723e-06
1000 6.332351280658374e-05
2000 1.3619469494985859e-05
3000 0.00015290311628906805
4000 2.9485449422134332e-06
5000 1.965696628142289e-06
6000 3.088951844223597e-06
8000 1.404069020101635e-07
20000 1.404069020101635e-07
37000
1 1.404069020101635e-07
30 1.404069020101635e-07
23400
1 1.404069020101635e-07
120 1.404069020101635e-07
10200
1 4.2122070603049046e-07
10 2.80813804020327e-07
20 2.80813804020327e-07
30 4.2122070603049046e-07
50 1.404069020101635e-07
80 1.404069020101635e-07
37400
1 2.80813804020327e-07
38
1 4.324532581913035e-05
10 0.00019839495254036103
20 8.466536191212859e-05
30 5.2792995155821476e-05
40 4.88616018995369e-05
50 3.580376001259169e-05
60 4.00159670728966e-05
70 1.600638682915864e-05
80 1.446191090704684e-05
90 1.1513365964833407e-05
100 9.688076238701281e-06
110 6.458717492467521e-06
120 6.318310590457357e-06
130 2.443080094976845e-05
140 1.811249035931109e-05
150 2.80813804020327e-06
160 4.633427766335395e-06
170 2.1061035301524523e-06
180 3.088951844223597e-06
190 4.071800158294742e-06
200 1.2777028082924878e-05
300 2.049940769348387e-05
400 1.488313161307733e-05
500 5.61627608040654e-06
600 2.9485449422134332e-06
700 9.828483140711445e-07
800 9.828483140711445e-07
900 1.2636621180914714e-06
1000 1.9376152477402563e-05
2000 5.61627608040654e-06
3000 3.987556017088643e-05
4000 4.2122070603049046e-07
44
1 3.819067734676447e-05
10 0.00014700602640464118
20 5.517991248999425e-05
30 3.496131860053071e-05
40 3.790986354274415e-05
50 2.7519752793992045e-05
60 3.018748393218515e-05
70 1.0390110748752099e-05
80 1.1092145258802916e-05
90 9.547669336691118e-06
100 8.143600316589483e-06
110 5.7566829824167035e-06
120 4.914241570355723e-06
130 2.1903476713585504e-05
140 1.446191090704684e-05
150 1.965696628142289e-06
160 4.493020864325232e-06
170 2.6677311381931065e-06
180 2.246510432162616e-06
190 1.8252897261321254e-06
200 1.0951738356792752e-05
300 1.600638682915864e-05
400 1.0530517650762262e-05
500 4.914241570355723e-06
600 1.404069020101635e-06
700 1.2636621180914714e-06
800 2.80813804020327e-07
900 1.2636621180914714e-06
1000 1.123255216081308e-05
2000 3.650579452264251e-06
3000 3.2714808168368096e-05
4000 4.2122070603049046e-07
20800
10 1.404069020101635e-07
2900
1 4.2122070603049046e-07
10 1.965696628142289e-06
20 2.80813804020327e-07
30 2.80813804020327e-07
70 1.404069020101635e-07
130 1.404069020101635e-07
300 1.404069020101635e-07
400 1.404069020101635e-07
700 1.404069020101635e-07
4300
1 4.2122070603049046e-07
10 4.2122070603049046e-07
30 2.80813804020327e-07
60 1.404069020101635e-07
200 1.404069020101635e-07
20400
1 2.80813804020327e-07
80 1.404069020101635e-07
3800
1 7.020345100508175e-07
10 5.61627608040654e-07
20 4.2122070603049046e-07
30 1.404069020101635e-07
110 1.404069020101635e-07
130 1.404069020101635e-07
140 1.404069020101635e-07
1000 1.404069020101635e-07
11600
1 1.404069020101635e-07
10 1.404069020101635e-07
20 2.80813804020327e-07
30 2.80813804020327e-07
50 1.404069020101635e-07
150 1.404069020101635e-07
1050
1 1.8252897261321254e-06
10 7.862786512569156e-06
20 3.931393256284578e-06
30 2.9485449422134332e-06
40 1.2636621180914714e-06
50 1.404069020101635e-06
60 1.2636621180914714e-06
70 5.61627608040654e-07
80 2.80813804020327e-07
90 2.80813804020327e-07
100 1.404069020101635e-07
110 2.80813804020327e-07
120 4.2122070603049046e-07
130 2.80813804020327e-07
140 2.80813804020327e-07
160 1.404069020101635e-07
170 1.404069020101635e-07
180 1.404069020101635e-07
200 9.828483140711445e-07
300 7.020345100508175e-07
400 8.424414120609809e-07
500 2.80813804020327e-07
1000 4.2122070603049046e-07
3000 1.404069020101635e-07
2800
1 7.020345100508175e-07
10 1.404069020101635e-06
30 1.404069020101635e-07
40 4.2122070603049046e-07
50 1.404069020101635e-07
80 1.404069020101635e-07
130 1.404069020101635e-07
200 1.404069020101635e-07
300 2.80813804020327e-07
400 2.80813804020327e-07
1000 1.404069020101635e-07
2450
1 5.61627608040654e-07
10 1.8252897261321254e-06
20 7.020345100508175e-07
30 5.61627608040654e-07
40 2.80813804020327e-07
50 2.80813804020327e-07
110 1.404069020101635e-07
140 1.404069020101635e-07
170 1.404069020101635e-07
300 1.404069020101635e-07
400 1.404069020101635e-07
3000 1.404069020101635e-07
34
1 4.9704043311597876e-05
10 0.000243044347379593
20 0.00010783250074380556
30 6.234066449251259e-05
40 6.093659547241096e-05
50 3.8611898052794964e-05
60 4.2683698211089705e-05
70 2.092062839951436e-05
80 1.7550862751270436e-05
90 1.4181097103026514e-05
100 1.207499357287406e-05
110 1.0530517650762262e-05
120 6.458717492467521e-06
130 3.4399690992490054e-05
140 2.3167138831676976e-05
150 4.212207060304905e-06
160 5.335462276386213e-06
170 3.931393256284578e-06
180 3.931393256284578e-06
190 3.931393256284578e-06
200 1.4181097103026514e-05
300 2.7379345891981883e-05
400 1.7550862751270436e-05
500 8.42441412060981e-06
600 2.80813804020327e-06
700 1.6848828241219618e-06
800 1.123255216081308e-06
900 1.2636621180914714e-06
1000 2.204388361559567e-05
2000 6.739531296487847e-06
3000 5.489909868597393e-05
4000 1.123255216081308e-06
5000 1.404069020101635e-07
6000 2.80813804020327e-07
8000 1.404069020101635e-07
3400
1 2.80813804020327e-07
10 1.123255216081308e-06
20 7.020345100508175e-07
30 1.404069020101635e-07
40 1.404069020101635e-07
50 1.404069020101635e-07
60 1.404069020101635e-07
150 1.404069020101635e-07
1000 2.80813804020327e-07
24
1 9.477465885686036e-05
10 0.00042276518195260226
20 0.00015360515079911887
30 0.00010249703846741935
40 0.00010207581776138887
50 7.497728567342731e-05
60 7.58197270854883e-05
70 3.510172550254087e-05
80 3.6646201424652674e-05
90 2.414998714574812e-05
100 2.1201442203534687e-05
110 2.092062839951436e-05
120 1.4602317809057003e-05
130 6.725490606286832e-05
140 4.198166370103889e-05
150 9.407262434680954e-06
160 9.26685553267079e-06
170 6.739531296487847e-06
180 7.020345100508175e-06
190 5.7566829824167035e-06
200 3.622498071862218e-05
300 4.591305695732346e-05
400 3.004707703017499e-05
500 1.1794179768853733e-05
600 6.318310590457357e-06
700 4.212207060304905e-06
800 2.246510432162616e-06
900 2.3869173341727794e-06
1000 4.689590527139461e-05
2000 1.123255216081308e-05
3000 9.645954168098232e-05
4000 1.965696628142289e-06
5000 1.404069020101635e-07
20000 1.404069020101635e-07
32
1 5.897089884426867e-05
10 0.0002552597478544772
20 0.00011471243894230357
30 7.090548551513256e-05
40 6.416595421864471e-05
50 4.787875358546575e-05
60 4.88616018995369e-05
70 2.288632502765665e-05
80 2.1482256007555014e-05
90 1.3338655690965533e-05
100 1.1934586670863897e-05
110 1.0109296944731771e-05
120 9.126448630660626e-06
130 3.6786608326662837e-05
140 2.5413649263839593e-05
150 5.195055374376049e-06
160 7.160752002518338e-06
170 4.352613962315068e-06
180 6.458717492467521e-06
190 4.071800158294742e-06
200 2.1622662909565176e-05
300 2.6256090675900572e-05
400 1.5585166123128146e-05
500 7.020345100508175e-06
600 3.5101725502540875e-06
700 3.790986354274414e-06
800 2.246510432162616e-06
900 1.5444759221117985e-06
1000 2.7660159696002207e-05
2000 7.301158904528502e-06
3000 5.953252645230932e-05
4000 2.246510432162616e-06
6000 2.80813804020327e-07
9000 1.404069020101635e-07
7400
1 4.2122070603049046e-07
10 9.828483140711445e-07
30 1.404069020101635e-07
180 1.404069020101635e-07
300 1.404069020101635e-07
4750
1 1.404069020101635e-07
10 1.404069020101635e-07
48
1 2.611568377389041e-05
10 0.0001234176668669337
20 5.124851923370967e-05
30 3.4540097894500216e-05
40 3.594416691460186e-05
50 2.007818698745338e-05
60 2.3588359537707466e-05
70 1.2215400474884224e-05
80 1.1513365964833407e-05
90 6.739531296487847e-06
100 5.0546484723658855e-06
110 4.633427766335395e-06
120 4.914241570355723e-06
130 1.7410455849260274e-05
140 1.0951738356792752e-05
150 2.9485449422134332e-06
160 2.6677311381931065e-06
170 1.123255216081308e-06
180 1.6848828241219618e-06
190 2.246510432162616e-06
200 1.1092145258802916e-05
300 1.5163945417097657e-05
400 1.0530517650762262e-05
500 2.6677311381931065e-06
600 1.404069020101635e-06
700 1.123255216081308e-06
800 1.404069020101635e-07
900 5.61627608040654e-07
1000 1.0670924552772426e-05
2000 3.931393256284578e-06
3000 2.1903476713585504e-05
4000 2.80813804020327e-07
6000 1.404069020101635e-07
100000 1.404069020101635e-07
17600
1 2.80813804020327e-07
10 1.404069020101635e-07
20 1.404069020101635e-07
60 1.404069020101635e-07
14000
10 2.80813804020327e-07
1000 1.404069020101635e-07
3300
1 1.404069020101635e-07
10 5.61627608040654e-07
20 5.61627608040654e-07
30 4.2122070603049046e-07
40 1.404069020101635e-07
100 1.404069020101635e-07
160 1.404069020101635e-07
170 1.404069020101635e-07
1000 1.404069020101635e-07
3000 1.404069020101635e-07
4850
1 2.80813804020327e-07
10 1.404069020101635e-07
20 1.404069020101635e-07
50 1.404069020101635e-07
130 1.404069020101635e-07
3450
1 1.404069020101635e-07
10 7.020345100508175e-07
20 1.404069020101635e-07
110 1.404069020101635e-07
130 1.404069020101635e-07
500 1.404069020101635e-07
700 1.404069020101635e-07
4050
1 1.404069020101635e-07
10 8.424414120609809e-07
40 1.404069020101635e-07
50 1.404069020101635e-07
60 1.404069020101635e-07
130 1.404069020101635e-07
160 1.404069020101635e-07
3500
10 5.61627608040654e-07
20 4.2122070603049046e-07
50 1.404069020101635e-07
60 1.404069020101635e-07
90 1.404069020101635e-07
130 1.404069020101635e-07
300 2.80813804020327e-07
1000 1.404069020101635e-07
47800
20 1.404069020101635e-07
6000
1 4.2122070603049046e-07
10 7.020345100508175e-07
20 1.404069020101635e-07
30 1.404069020101635e-07
40 1.404069020101635e-07
60 1.404069020101635e-07
70 1.404069020101635e-07
130 1.404069020101635e-07
4350
10 7.020345100508175e-07
30 1.404069020101635e-07
3000 1.404069020101635e-07
29800
10 2.80813804020327e-07
40 1.404069020101635e-07
30200
30 1.404069020101635e-07
21000
1000 1.404069020101635e-07
45600
1 1.404069020101635e-07
6800
1 2.80813804020327e-07
10 4.2122070603049046e-07
30 2.80813804020327e-07
40 1.404069020101635e-07
50 1.404069020101635e-07
134400
1 1.404069020101635e-07
7000
1 5.61627608040654e-07
10 4.2122070603049046e-07
20 1.404069020101635e-07
30 1.404069020101635e-07
100000
1 1.404069020101635e-07
38800
1 1.404069020101635e-07
42000
1 1.404069020101635e-07
41400
1 1.404069020101635e-07
21800
1 1.404069020101635e-07
120 1.404069020101635e-07
2550
1 4.2122070603049046e-07
10 2.246510432162616e-06
20 1.123255216081308e-06
30 1.404069020101635e-07
40 2.80813804020327e-07
50 2.80813804020327e-07
60 5.61627608040654e-07
70 1.404069020101635e-07
80 1.404069020101635e-07
90 1.404069020101635e-07
100 1.404069020101635e-07
190 1.404069020101635e-07
300 2.80813804020327e-07
400 5.61627608040654e-07
1000 2.80813804020327e-07
32200
10 1.404069020101635e-07
32400
10 1.404069020101635e-07
4800
1 2.80813804020327e-07
10 2.80813804020327e-07
30 2.80813804020327e-07
40 1.404069020101635e-07
90 1.404069020101635e-07
11400
1 1.404069020101635e-07
40 1.404069020101635e-07
50 1.404069020101635e-07
100 1.404069020101635e-07
10800
40 1.404069020101635e-07
50 1.404069020101635e-07
70 1.404069020101635e-07
90 1.404069020101635e-07
13400
10 4.2122070603049046e-07
31600
20 1.404069020101635e-07
31800
10 2.80813804020327e-07
16200
1 1.404069020101635e-07
10 4.2122070603049046e-07
20 4.2122070603049046e-07
40 2.80813804020327e-07
50 1.404069020101635e-07
4000
1 4.2122070603049046e-07
10 5.61627608040654e-07
180 1.404069020101635e-07
12400
1 1.404069020101635e-07
300 1.404069020101635e-07
27400
1000 1.404069020101635e-07
13600
10 2.80813804020327e-07
30 1.404069020101635e-07
200 1.404069020101635e-07
1000 1.404069020101635e-07
4700
1 1.404069020101635e-07
10 4.2122070603049046e-07
20 1.404069020101635e-07
50 1.404069020101635e-07
70 1.404069020101635e-07
90 1.404069020101635e-07
15800
1 1.404069020101635e-07
20 5.61627608040654e-07
30 1.404069020101635e-07
2250
1 4.2122070603049046e-07
10 2.1061035301524523e-06
20 2.80813804020327e-07
30 2.80813804020327e-07
40 8.424414120609809e-07
50 1.404069020101635e-07
60 1.404069020101635e-07
70 1.404069020101635e-07
80 1.404069020101635e-07
100 2.80813804020327e-07
110 1.404069020101635e-07
300 1.404069020101635e-07
600 1.404069020101635e-07
1000 2.80813804020327e-07
13200
1 1.404069020101635e-07
10 1.404069020101635e-07
20 1.404069020101635e-07
4900
10 5.61627608040654e-07
30 2.80813804020327e-07
120 1.404069020101635e-07
200 1.404069020101635e-07
300 1.404069020101635e-07
30400
10 1.404069020101635e-07
28200
80 1.404069020101635e-07
22000
10 1.404069020101635e-07
22200
10 1.404069020101635e-07
50 1.404069020101635e-07
32000
10 1.404069020101635e-07
22400
20 2.80813804020327e-07
15600
1 1.404069020101635e-07
10 1.404069020101635e-07
40 1.404069020101635e-07
21600
10 1.404069020101635e-07
20 1.404069020101635e-07
21400
10 4.2122070603049046e-07
14800
1 2.80813804020327e-07
10 2.80813804020327e-07
20 1.404069020101635e-07
30 1.404069020101635e-07
10400
1 1.404069020101635e-07
10 5.61627608040654e-07
20 1.404069020101635e-07
8200
1 1.404069020101635e-07
10 5.61627608040654e-07
20 1.404069020101635e-07
60 1.404069020101635e-07
31000
10 1.404069020101635e-07
4400
10 2.80813804020327e-07
20 2.80813804020327e-07
30 2.80813804020327e-07
40 1.404069020101635e-07
6400
1 1.404069020101635e-07
10 8.424414120609809e-07
20 2.80813804020327e-07
60 1.404069020101635e-07
90 1.404069020101635e-07
190 1.404069020101635e-07
3700
1 1.404069020101635e-07
10 7.020345100508175e-07
20 1.404069020101635e-07
40 1.404069020101635e-07
60 1.404069020101635e-07
300 1.404069020101635e-07
4100
1 1.404069020101635e-07
20 4.2122070603049046e-07
40 1.404069020101635e-07
60 1.404069020101635e-07
90 1.404069020101635e-07
4500
1 2.80813804020327e-07
10 2.80813804020327e-07
20 1.404069020101635e-07
190 1.404069020101635e-07
148200
1 1.404069020101635e-07
53400
1 1.404069020101635e-07
12200
1 2.80813804020327e-07
10 2.80813804020327e-07
20 2.80813804020327e-07
15200
90 1.404069020101635e-07
4250
1 1.404069020101635e-07
10 4.2122070603049046e-07
20 2.80813804020327e-07
200 1.404069020101635e-07
900 1.404069020101635e-07
15000
10 1.404069020101635e-07
4200
1 1.404069020101635e-07
10 1.404069020101635e-07
50 1.404069020101635e-07
300 1.404069020101635e-07
400 1.404069020101635e-07
500 1.404069020101635e-07
4450
1 1.404069020101635e-07
10 1.404069020101635e-07
20 1.404069020101635e-07
40 1.404069020101635e-07
180 1.404069020101635e-07
39200
1 1.404069020101635e-07
21200
20 1.404069020101635e-07
30 1.404069020101635e-07
18000
1 4.2122070603049046e-07
