200
1 8.635418254324293e-07
30 4.3177091271621467e-07
40 4.3177091271621467e-07
60 4.3177091271621467e-07
70 4.3177091271621467e-07
80 4.3177091271621467e-07
100 4.3177091271621467e-07
110 4.3177091271621467e-07
120 4.3177091271621467e-07
140 8.635418254324293e-07
150 4.3177091271621467e-07
160 4.3177091271621467e-07
200 8.635418254324293e-07
300 4.3177091271621467e-07
400 8.635418254324293e-07
500 8.635418254324293e-07
600 1.295312738148644e-06
700 4.3177091271621467e-07
800 1.7270836508648587e-06
900 4.3177091271621467e-07
1000 3.885938214445932e-06
2000 6.908334603459435e-06
3000 6.908334603459435e-06
4000 5.613021865310791e-06
5000 6.908334603459435e-06
6000 5.613021865310791e-06
7000 6.044792778027006e-06
8000 7.771876428891864e-06
9000 9.930730992472938e-06
10000 4.317709127162147e-06
20000 0.0017814867858671017
40000 4.3177091271621467e-07
60000 4.3177091271621467e-07
100000 4.3177091271621467e-07
1
1 2.461094202482424e-05
10 1.7270836508648587e-06
20 5.181250952594576e-06
30 3.885938214445932e-06
40 3.885938214445932e-06
50 4.3177091271621467e-07
60 1.1226043730621582e-05
70 4.7494800398783614e-06
80 2.590625476297288e-06
90 1.295312738148644e-06
100 1.7270836508648587e-06
110 8.635418254324293e-07
120 1.295312738148644e-06
130 1.7270836508648587e-06
140 1.295312738148644e-06
150 8.635418254324293e-07
160 2.590625476297288e-06
170 4.3177091271621467e-07
180 4.3177091271621467e-07
190 4.3177091271621467e-07
200 1.295312738148644e-06
300 4.3177091271621467e-07
600 4.3177091271621467e-07
700 8.635418254324293e-07
800 8.635418254324293e-07
900 1.295312738148644e-06
1000 6.47656369074322e-06
2000 1.295312738148644e-05
3000 7.771876428891864e-06
4000 3.9291153057175536e-05
5000 8.635418254324293e-06
6000 1.6407294683216157e-05
7000 1.0794272817905367e-05
8000 1.2089585556054012e-05
9000 1.1657814643337797e-05
10000 3.885938214445932e-06
20000 0.268916855170651
40000 4.3177091271621467e-07
60000 8.635418254324293e-07
500
1 4.3177091271621467e-07
30 4.3177091271621467e-07
40 4.3177091271621467e-07
80 8.635418254324293e-07
140 4.3177091271621467e-07
200 4.3177091271621467e-07
500 4.3177091271621467e-07
600 4.3177091271621467e-07
2000 1.7270836508648587e-06
3000 2.590625476297288e-06
4000 2.590625476297288e-06
5000 3.022396389013503e-06
6000 8.635418254324293e-07
7000 1.7270836508648587e-06
8000 1.7270836508648587e-06
9000 4.3177091271621467e-07
10000 1.7270836508648587e-06
20000 0.00033419068644235017
480
60 8.635418254324293e-07
900 4.3177091271621467e-07
1000 4.3177091271621467e-07
2000 8.635418254324293e-07
3000 4.3177091271621467e-07
4000 4.3177091271621467e-07
5000 8.635418254324293e-07
6000 1.295312738148644e-06
9000 4.3177091271621467e-07
10000 4.3177091271621467e-07
20000 0.00016709534322117509
60
1 9.930730992472938e-06
10 1.295312738148644e-06
20 4.3177091271621467e-07
30 8.635418254324293e-07
40 1.295312738148644e-06
50 8.635418254324293e-07
60 2.1588545635810733e-06
70 8.635418254324293e-07
80 4.3177091271621467e-07
90 8.635418254324293e-07
100 4.3177091271621467e-07
110 3.022396389013503e-06
120 4.3177091271621467e-07
130 4.3177091271621467e-07
140 1.7270836508648587e-06
150 4.3177091271621467e-07
160 4.3177091271621467e-07
190 1.295312738148644e-06
200 2.1588545635810733e-06
300 3.885938214445932e-06
400 3.885938214445932e-06
500 6.47656369074322e-06
600 7.3401055161756496e-06
700 1.7270836508648587e-06
800 4.317709127162147e-06
900 3.022396389013503e-06
1000 3.1087505715567454e-05
2000 5.0517196787797115e-05
3000 4.317709127162147e-05
4000 4.9653654962364685e-05
5000 5.483490591495926e-05
6000 4.5335945835202544e-05
7000 4.490417492248633e-05
8000 4.4472404009770114e-05
9000 5.0517196787797115e-05
10000 2.2452087461243164e-05
20000 0.023313902203024726
40000 3.885938214445932e-06
60000 3.022396389013503e-06
80000 8.635418254324293e-07
100000 4.317709127162147e-06
40
1 5.181250952594576e-06
10 8.635418254324293e-07
20 1.295312738148644e-06
30 4.3177091271621467e-07
40 1.295312738148644e-06
50 4.3177091271621467e-07
60 3.885938214445932e-06
70 8.635418254324293e-07
80 4.3177091271621467e-07
90 4.3177091271621467e-07
120 4.3177091271621467e-07
130 1.7270836508648587e-06
140 1.295312738148644e-06
150 8.635418254324293e-07
180 4.3177091271621467e-07
190 8.635418254324293e-07
200 2.1588545635810733e-06
300 3.885938214445932e-06
400 4.7494800398783614e-06
500 4.7494800398783614e-06
600 3.885938214445932e-06
700 3.885938214445932e-06
800 2.590625476297288e-06
900 3.022396389013503e-06
1000 2.1588545635810735e-05
2000 4.317709127162147e-05
3000 4.1018236708040395e-05
4000 3.756406940631068e-05
5000 4.490417492248633e-05
6000 3.9291153057175536e-05
7000 4.3608862184337684e-05
8000 4.058646579532418e-05
9000 5.181250952594576e-05
10000 2.5474483850256665e-05
20000 0.021022493969239775
40000 3.4541673017297174e-06
60000 2.1588545635810733e-06
80000 3.022396389013503e-06
100000 3.4541673017297174e-06
120
1 6.47656369074322e-06
10 4.3177091271621467e-07
30 1.295312738148644e-06
40 8.635418254324293e-07
60 4.3177091271621467e-07
70 4.3177091271621467e-07
80 4.3177091271621467e-07
90 4.3177091271621467e-07
110 1.295312738148644e-06
120 4.3177091271621467e-07
130 4.3177091271621467e-07
150 4.3177091271621467e-07
160 4.3177091271621467e-07
200 1.295312738148644e-06
300 3.022396389013503e-06
400 2.1588545635810733e-06
500 2.590625476297288e-06
600 3.022396389013503e-06
700 2.1588545635810733e-06
800 2.590625476297288e-06
900 1.7270836508648587e-06
1000 1.0794272817905367e-05
2000 1.6407294683216157e-05
3000 2.202031654852695e-05
4000 2.029323289766209e-05
5000 2.763333841383774e-05
6000 1.77026074213648e-05
7000 1.8134378334081016e-05
8000 1.3384898294202655e-05
9000 2.3315629286675594e-05
10000 9.498960079756723e-06
20000 0.0038241949739275132
40000 2.1588545635810733e-06
60000 2.1588545635810733e-06
80000 4.3177091271621467e-07
100000 2.1588545635810733e-06
34
1 2.1588545635810733e-06
30 4.3177091271621467e-07
60 8.635418254324293e-07
70 4.3177091271621467e-07
80 4.3177091271621467e-07
90 4.3177091271621467e-07
100 8.635418254324293e-07
170 8.635418254324293e-07
200 4.3177091271621467e-07
300 4.3177091271621467e-07
400 1.295312738148644e-06
500 1.295312738148644e-06
600 2.1588545635810733e-06
700 1.7270836508648587e-06
800 4.3177091271621467e-07
900 8.635418254324293e-07
1000 8.635418254324293e-06
2000 1.295312738148644e-05
3000 1.7270836508648586e-05
4000 1.5111981945067514e-05
5000 1.683906559593237e-05
6000 1.683906559593237e-05
7000 1.856614924679723e-05
8000 9.930730992472938e-06
9000 1.9861461984945875e-05
10000 7.771876428891864e-06
20000 0.005261560342359792
40000 4.3177091271621467e-07
60000 1.7270836508648587e-06
80000 1.295312738148644e-06
100000 4.3177091271621467e-07
1000
70 4.3177091271621467e-07
200 4.3177091271621467e-07
300 4.3177091271621467e-07
3000 4.3177091271621467e-07
4000 4.3177091271621467e-07
6000 8.635418254324293e-07
20000 0.00014334794302178327
8
1 8.635418254324293e-06
10 4.3177091271621467e-07
20 1.295312738148644e-06
30 1.295312738148644e-06
40 4.3177091271621467e-07
50 8.635418254324293e-07
60 3.4541673017297174e-06
70 1.295312738148644e-06
80 2.1588545635810733e-06
90 4.3177091271621467e-07
100 4.3177091271621467e-07
110 8.635418254324293e-07
120 1.295312738148644e-06
130 2.1588545635810733e-06
140 8.635418254324293e-07
150 8.635418254324293e-07
160 8.635418254324293e-07
180 4.3177091271621467e-07
190 8.635418254324293e-07
200 1.7270836508648587e-06
300 9.498960079756723e-06
400 6.044792778027006e-06
500 6.044792778027006e-06
600 7.771876428891864e-06
700 5.613021865310791e-06
800 6.908334603459435e-06
900 6.47656369074322e-06
1000 2.849688023927017e-05
2000 5.915261504212141e-05
3000 4.3608862184337684e-05
4000 4.879011313693226e-05
5000 5.828907321668898e-05
6000 5.828907321668898e-05
7000 6.087969869298627e-05
8000 4.619948766063497e-05
9000 5.181250952594576e-05
10000 2.590625476297288e-05
20000 0.02452070190406655
40000 1.295312738148644e-06
60000 2.1588545635810733e-06
80000 2.590625476297288e-06
100000 1.7270836508648587e-06
240
1 1.295312738148644e-06
40 4.3177091271621467e-07
90 4.3177091271621467e-07
100 4.3177091271621467e-07
190 4.3177091271621467e-07
400 4.3177091271621467e-07
600 4.3177091271621467e-07
1000 3.022396389013503e-06
2000 1.7270836508648587e-06
3000 2.590625476297288e-06
4000 3.022396389013503e-06
5000 5.613021865310791e-06
6000 3.022396389013503e-06
7000 6.47656369074322e-06
8000 4.317709127162147e-06
9000 3.022396389013503e-06
10000 1.295312738148644e-06
20000 0.0010133663321449558
40000 4.3177091271621467e-07
340
70 4.3177091271621467e-07
120 4.3177091271621467e-07
500 4.3177091271621467e-07
600 4.3177091271621467e-07
700 4.3177091271621467e-07
1000 4.3177091271621467e-07
2000 2.590625476297288e-06
3000 2.590625476297288e-06
4000 2.590625476297288e-06
5000 8.635418254324293e-07
6000 1.7270836508648587e-06
7000 1.7270836508648587e-06
8000 1.295312738148644e-06
9000 1.295312738148644e-06
10000 8.635418254324293e-07
20000 0.00040154694882607963
60000 8.635418254324293e-07
100000 4.3177091271621467e-07
140
1 3.4541673017297174e-06
30 1.295312738148644e-06
60 1.295312738148644e-06
80 4.3177091271621467e-07
120 4.3177091271621467e-07
140 4.3177091271621467e-07
180 4.3177091271621467e-07
190 1.295312738148644e-06
200 8.635418254324293e-07
300 1.295312738148644e-06
400 8.635418254324293e-07
500 8.635418254324293e-07
600 2.590625476297288e-06
700 1.295312738148644e-06
800 1.295312738148644e-06
900 1.7270836508648587e-06
1000 6.044792778027006e-06
2000 1.5111981945067514e-05
3000 1.5543752857783727e-05
4000 2.0725003810378305e-05
5000 2.6338025675689094e-05
6000 1.295312738148644e-05
7000 1.7270836508648586e-05
8000 1.5111981945067514e-05
9000 2.029323289766209e-05
10000 9.498960079756723e-06
20000 0.002446845762362789
40000 1.7270836508648587e-06
60000 1.295312738148644e-06
100000 1.7270836508648587e-06
32
1 2.590625476297288e-06
20 8.635418254324293e-07
30 1.295312738148644e-06
40 4.3177091271621467e-07
60 4.3177091271621467e-07
70 8.635418254324293e-07
110 4.3177091271621467e-07
160 4.3177091271621467e-07
300 4.3177091271621467e-07
400 4.3177091271621467e-07
500 1.295312738148644e-06
600 3.4541673017297174e-06
700 2.590625476297288e-06
800 1.7270836508648587e-06
1000 1.1226043730621582e-05
2000 1.4248440119635084e-05
3000 1.6407294683216157e-05
4000 1.856614924679723e-05
5000 1.683906559593237e-05
6000 1.381666920691887e-05
7000 1.2521356468770225e-05
8000 1.5111981945067514e-05
9000 1.4680211032351299e-05
10000 7.771876428891864e-06
20000 0.006087969869298627
40000 8.635418254324293e-07
60000 8.635418254324293e-07
80000 4.3177091271621467e-07
100000 2.1588545635810733e-06
80
1 1.295312738148644e-05
20 1.7270836508648587e-06
30 1.7270836508648587e-06
40 8.635418254324293e-07
50 4.3177091271621467e-07
60 2.590625476297288e-06
70 8.635418254324293e-07
80 8.635418254324293e-07
90 4.3177091271621467e-07
100 4.3177091271621467e-07
110 4.3177091271621467e-07
120 4.3177091271621467e-07
140 1.295312738148644e-06
150 8.635418254324293e-07
160 4.3177091271621467e-07
190 4.3177091271621467e-07
200 2.590625476297288e-06
300 1.295312738148644e-06
400 1.7270836508648587e-06
500 2.1588545635810733e-06
600 5.613021865310791e-06
700 3.4541673017297174e-06
800 4.7494800398783614e-06
900 3.022396389013503e-06
1000 1.683906559593237e-05
2000 2.5474483850256665e-05
3000 3.324636027914853e-05
4000 2.849688023927017e-05
5000 2.6338025675689094e-05
6000 3.324636027914853e-05
7000 3.151927662828367e-05
8000 2.374740019939181e-05
9000 3.410990210458096e-05
10000 1.381666920691887e-05
20000 0.012314106430666443
40000 8.635418254324293e-07
60000 1.7270836508648587e-06
80000 1.295312738148644e-06
100000 2.590625476297288e-06
850
60 4.3177091271621467e-07
200 4.3177091271621467e-07
400 4.3177091271621467e-07
2000 8.635418254324293e-07
4000 4.3177091271621467e-07
7000 4.3177091271621467e-07
9000 4.3177091271621467e-07
20000 9.67166844484321e-05
6
1 8.203647341608078e-06
10 4.3177091271621467e-07
20 2.590625476297288e-06
30 4.3177091271621467e-07
40 1.7270836508648587e-06
50 2.590625476297288e-06
60 1.7270836508648587e-06
70 2.1588545635810733e-06
80 4.3177091271621467e-07
90 8.635418254324293e-07
110 4.3177091271621467e-07
130 1.7270836508648587e-06
140 1.295312738148644e-06
150 4.3177091271621467e-07
160 8.635418254324293e-07
170 8.635418254324293e-07
180 2.590625476297288e-06
190 4.3177091271621467e-07
200 6.47656369074322e-06
300 1.5111981945067514e-05
400 1.5543752857783727e-05
500 9.067189167040508e-06
600 1.1226043730621582e-05
700 7.3401055161756496e-06
800 8.203647341608078e-06
900 9.498960079756723e-06
1000 6.433386599471598e-05
2000 0.00011096512456806717
3000 9.801199718658074e-05
4000 0.00010664741544090502
5000 0.0001204640846478239
6000 0.00011528283369522932
7000 0.0001088062700044861
8000 0.00010794272817905367
9000 0.0001351442956801752
10000 5.353959317681062e-05
20000 0.03556626539317275
40000 3.022396389013503e-06
60000 1.295312738148644e-06
80000 2.590625476297288e-06
100000 3.4541673017297174e-06
100
1 4.317709127162147e-06
10 8.635418254324293e-07
30 1.295312738148644e-06
40 4.3177091271621467e-07
50 4.3177091271621467e-07
60 3.885938214445932e-06
70 4.3177091271621467e-07
80 4.3177091271621467e-07
90 4.3177091271621467e-07
110 4.3177091271621467e-07
120 4.3177091271621467e-07
130 4.3177091271621467e-07
140 4.3177091271621467e-07
160 8.635418254324293e-07
170 4.3177091271621467e-07
180 4.3177091271621467e-07
200 3.022396389013503e-06
300 2.1588545635810733e-06
400 2.1588545635810733e-06
500 2.1588545635810733e-06
600 2.590625476297288e-06
700 2.1588545635810733e-06
800 1.7270836508648587e-06
900 3.022396389013503e-06
1000 1.2521356468770225e-05
2000 2.9360422064702598e-05
3000 2.8928651151986383e-05
4000 2.6338025675689094e-05
5000 2.8928651151986383e-05
6000 2.2452087461243164e-05
7000 2.504271293754045e-05
8000 2.2452087461243164e-05
9000 2.5474483850256665e-05
10000 1.0362501905189153e-05
20000 0.006135032898784695
40000 1.295312738148644e-06
60000 2.590625476297288e-06
80000 2.1588545635810733e-06
100000 1.7270836508648587e-06
46
1 2.1588545635810733e-06
20 8.635418254324293e-07
70 4.3177091271621467e-07
110 4.3177091271621467e-07
140 1.295312738148644e-06
300 4.3177091271621467e-07
400 1.295312738148644e-06
500 4.3177091271621467e-07
600 4.3177091271621467e-07
700 1.295312738148644e-06
800 1.295312738148644e-06
900 4.3177091271621467e-07
1000 3.885938214445932e-06
2000 8.635418254324293e-06
3000 6.044792778027006e-06
4000 3.885938214445932e-06
5000 1.1657814643337797e-05
6000 9.930730992472938e-06
7000 7.3401055161756496e-06
8000 6.47656369074322e-06
9000 7.771876428891864e-06
10000 2.590625476297288e-06
20000 0.0043056195416060926
40000 4.3177091271621467e-07
60000 4.3177091271621467e-07
80000 8.635418254324293e-07
100000 8.635418254324293e-07
28
1 4.7494800398783614e-06
10 4.3177091271621467e-07
20 4.3177091271621467e-07
30 8.635418254324293e-07
50 4.3177091271621467e-07
60 1.295312738148644e-06
70 4.3177091271621467e-07
90 4.3177091271621467e-07
100 4.3177091271621467e-07
120 1.295312738148644e-06
130 4.3177091271621467e-07
150 4.3177091271621467e-07
200 4.3177091271621467e-07
300 4.3177091271621467e-07
400 3.4541673017297174e-06
500 1.295312738148644e-06
600 1.295312738148644e-06
700 1.295312738148644e-06
800 2.1588545635810733e-06
900 1.295312738148644e-06
1000 1.0362501905189153e-05
2000 2.288385837395938e-05
3000 2.0725003810378305e-05
4000 1.856614924679723e-05
5000 1.5111981945067514e-05
6000 2.3315629286675594e-05
7000 1.8134378334081016e-05
8000 1.5543752857783727e-05
9000 1.7270836508648586e-05
10000 7.3401055161756496e-06
20000 0.00782023477111608
40000 1.295312738148644e-06
60000 8.635418254324293e-07
80000 8.635418254324293e-07
100000 1.295312738148644e-06
2650
1000 4.3177091271621467e-07
2000 4.3177091271621467e-07
14
1 7.3401055161756496e-06
10 4.3177091271621467e-07
20 1.7270836508648587e-06
30 8.635418254324293e-07
40 4.3177091271621467e-07
60 4.7494800398783614e-06
70 1.7270836508648587e-06
80 4.3177091271621467e-07
90 4.3177091271621467e-07
100 8.635418254324293e-07
110 4.3177091271621467e-07
120 1.295312738148644e-06
140 4.3177091271621467e-07
150 8.635418254324293e-07
160 8.635418254324293e-07
170 8.635418254324293e-07
180 4.3177091271621467e-07
190 1.295312738148644e-06
200 1.295312738148644e-06
300 3.022396389013503e-06
400 3.885938214445932e-06
500 5.181250952594576e-06
600 3.885938214445932e-06
700 4.317709127162147e-06
800 4.7494800398783614e-06
900 3.885938214445932e-06
1000 2.8065109326553954e-05
2000 4.058646579532418e-05
3000 4.576771674791876e-05
4000 4.145000762075661e-05
5000 5.094896770051333e-05
6000 4.663125857335119e-05
7000 4.1018236708040395e-05
8000 4.40406330970539e-05
9000 4.145000762075661e-05
10000 1.8997920159513446e-05
20000 0.022255631695957286
40000 2.590625476297288e-06
60000 4.3177091271621467e-07
80000 1.7270836508648587e-06
100000 2.590625476297288e-06
50
20 4.3177091271621467e-07
40 4.3177091271621467e-07
60 4.3177091271621467e-07
80 4.3177091271621467e-07
300 4.3177091271621467e-07
500 4.3177091271621467e-07
600 4.3177091271621467e-07
700 4.3177091271621467e-07
900 4.3177091271621467e-07
1000 3.4541673017297174e-06
2000 4.317709127162147e-06
3000 6.47656369074322e-06
4000 3.4541673017297174e-06
5000 6.044792778027006e-06
6000 1.7270836508648587e-06
7000 5.181250952594576e-06
8000 3.022396389013503e-06
9000 3.885938214445932e-06
10000 1.295312738148644e-06
20000 0.002067750900997952
80000 4.3177091271621467e-07
100000 4.3177091271621467e-07
48
1 1.295312738148644e-06
20 4.3177091271621467e-07
40 8.635418254324293e-07
60 4.3177091271621467e-07
110 4.3177091271621467e-07
140 4.3177091271621467e-07
160 4.3177091271621467e-07
180 4.3177091271621467e-07
200 4.3177091271621467e-07
300 8.635418254324293e-07
400 1.295312738148644e-06
500 4.3177091271621467e-07
600 4.3177091271621467e-07
700 4.3177091271621467e-07
800 4.3177091271621467e-07
900 1.7270836508648587e-06
1000 3.022396389013503e-06
2000 9.930730992472938e-06
3000 9.067189167040508e-06
4000 8.203647341608078e-06
5000 1.3384898294202655e-05
6000 7.3401055161756496e-06
7000 9.498960079756723e-06
8000 1.1226043730621582e-05
9000 1.1226043730621582e-05
10000 5.181250952594576e-06
20000 0.003992153858974121
40000 4.3177091271621467e-07
60000 4.3177091271621467e-07
80000 4.3177091271621467e-07
100000 1.295312738148644e-06
36
1 3.885938214445932e-06
10 4.3177091271621467e-07
30 4.3177091271621467e-07
40 4.3177091271621467e-07
60 8.635418254324293e-07
70 4.3177091271621467e-07
80 4.3177091271621467e-07
90 4.3177091271621467e-07
100 8.635418254324293e-07
120 4.3177091271621467e-07
150 4.3177091271621467e-07
200 1.295312738148644e-06
300 1.7270836508648587e-06
400 1.7270836508648587e-06
500 2.1588545635810733e-06
700 8.635418254324293e-07
800 8.635418254324293e-07
900 1.295312738148644e-06
1000 3.885938214445932e-06
2000 1.3384898294202655e-05
3000 1.1226043730621582e-05
4000 1.4680211032351299e-05
5000 1.683906559593237e-05
6000 1.942969107222966e-05
7000 1.3384898294202655e-05
8000 1.381666920691887e-05
9000 1.7270836508648586e-05
10000 5.181250952594576e-06
20000 0.004680396693843767
40000 8.635418254324293e-07
60000 8.635418254324293e-07
80000 1.295312738148644e-06
100000 1.295312738148644e-06
16
1 8.203647341608078e-06
10 1.7270836508648587e-06
20 4.3177091271621467e-07
30 8.635418254324293e-07
40 8.635418254324293e-07
50 4.3177091271621467e-07
60 4.3177091271621467e-07
70 2.1588545635810733e-06
80 4.3177091271621467e-07
90 4.3177091271621467e-07
100 8.635418254324293e-07
120 4.3177091271621467e-07
140 1.295312738148644e-06
150 1.295312738148644e-06
160 4.3177091271621467e-07
200 1.7270836508648587e-06
300 5.181250952594576e-06
400 2.590625476297288e-06
500 1.7270836508648587e-06
600 6.044792778027006e-06
700 3.4541673017297174e-06
800 3.885938214445932e-06
900 3.885938214445932e-06
1000 1.7270836508648586e-05
2000 3.151927662828367e-05
3000 3.497344393001339e-05
4000 3.885938214445932e-05
5000 3.972292396989175e-05
6000 2.763333841383774e-05
7000 3.0223963890135028e-05
8000 3.23828184537161e-05
9000 3.626875666816203e-05
10000 1.8997920159513446e-05
20000 0.018895590453199704
40000 1.295312738148644e-06
60000 4.3177091271621467e-07
80000 2.1588545635810733e-06
100000 8.635418254324293e-07
750
60 4.3177091271621467e-07
80 4.3177091271621467e-07
1000 4.3177091271621467e-07
2000 4.3177091271621467e-07
3000 4.3177091271621467e-07
4000 8.635418254324293e-07
5000 2.1588545635810733e-06
10000 8.635418254324293e-07
20000 7.858230611435107e-05
60000 4.3177091271621467e-07
80000 4.3177091271621467e-07
160
1 2.1588545635810733e-06
40 4.3177091271621467e-07
60 8.635418254324293e-07
70 4.3177091271621467e-07
80 4.3177091271621467e-07
100 4.3177091271621467e-07
120 4.3177091271621467e-07
130 4.3177091271621467e-07
150 4.3177091271621467e-07
200 4.3177091271621467e-07
300 1.7270836508648587e-06
400 1.295312738148644e-06
500 1.7270836508648587e-06
600 1.295312738148644e-06
700 1.295312738148644e-06
900 1.295312738148644e-06
1000 6.044792778027006e-06
2000 7.3401055161756496e-06
3000 7.771876428891864e-06
4000 9.067189167040508e-06
5000 1.8134378334081016e-05
6000 1.2521356468770225e-05
7000 1.2089585556054012e-05
8000 9.498960079756723e-06
9000 1.0362501905189153e-05
10000 5.181250952594576e-06
20000 0.0013177648256098872
40000 4.3177091271621467e-07
60000 4.3177091271621467e-07
80000 1.295312738148644e-06
100000 2.590625476297288e-06
12
1 1.0362501905189153e-05
10 4.3177091271621467e-07
20 8.635418254324293e-07
30 4.3177091271621467e-07
40 1.295312738148644e-06
50 4.3177091271621467e-07
60 2.1588545635810733e-06
70 1.295312738148644e-06
80 1.295312738148644e-06
90 8.635418254324293e-07
100 8.635418254324293e-07
110 8.635418254324293e-07
120 4.3177091271621467e-07
130 8.635418254324293e-07
140 8.635418254324293e-07
150 1.295312738148644e-06
160 4.3177091271621467e-07
180 1.7270836508648587e-06
200 1.7270836508648587e-06
300 9.498960079756723e-06
400 6.044792778027006e-06
500 6.044792778027006e-06
600 6.044792778027006e-06
700 5.613021865310791e-06
800 6.044792778027006e-06
900 4.7494800398783614e-06
1000 2.676979658840531e-05
2000 5.526667682767548e-05
3000 5.3971364089526833e-05
4000 6.562917873286463e-05
5000 7.124220059817542e-05
6000 5.526667682767548e-05
7000 5.1380738613229544e-05
8000 6.519740782014841e-05
9000 6.821980420916192e-05
10000 2.9360422064702598e-05
20000 0.028672179229832954
40000 4.7494800398783614e-06
60000 1.7270836508648587e-06
80000 1.7270836508648587e-06
100000 4.3177091271621467e-07
18
1 6.908334603459435e-06
20 4.3177091271621467e-07
30 4.3177091271621467e-07
40 8.635418254324293e-07
50 4.3177091271621467e-07
60 8.635418254324293e-07
70 1.7270836508648587e-06
80 8.635418254324293e-07
90 4.3177091271621467e-07
100 4.3177091271621467e-07
110 8.635418254324293e-07
120 4.3177091271621467e-07
130 4.3177091271621467e-07
140 4.3177091271621467e-07
150 8.635418254324293e-07
170 4.3177091271621467e-07
180 8.635418254324293e-07
190 8.635418254324293e-07
200 2.590625476297288e-06
300 5.613021865310791e-06
400 3.022396389013503e-06
500 2.1588545635810733e-06
600 3.4541673017297174e-06
700 3.885938214445932e-06
800 2.1588545635810733e-06
900 1.7270836508648587e-06
1000 1.5975523770499942e-05
2000 3.410990210458096e-05
3000 3.713229849359446e-05
4000 3.2814589366432314e-05
5000 2.9360422064702598e-05
6000 3.1087505715567454e-05
7000 3.2814589366432314e-05
8000 3.1087505715567454e-05
9000 3.1087505715567454e-05
10000 2.590625476297288e-05
20000 0.01528814447745573
40000 2.1588545635810733e-06
60000 3.022396389013503e-06
80000 1.295312738148644e-06
100000 1.295312738148644e-06
550
1 8.635418254324293e-07
40 4.3177091271621467e-07
200 4.3177091271621467e-07
600 4.3177091271621467e-07
800 4.3177091271621467e-07
1000 1.7270836508648587e-06
2000 1.7270836508648587e-06
3000 4.3177091271621467e-07
4000 2.590625476297288e-06
5000 1.295312738148644e-06
6000 8.635418254324293e-07
7000 8.635418254324293e-07
8000 4.3177091271621467e-07
10000 4.3177091271621467e-07
20000 0.00041622715985843093
100000 4.3177091271621467e-07
1050
1000 4.3177091271621467e-07
6000 4.3177091271621467e-07
7000 8.635418254324293e-07
8000 4.3177091271621467e-07
20000 0.00013471252476745897
80000 4.3177091271621467e-07
10
1 9.930730992472938e-06
10 1.295312738148644e-06
20 3.022396389013503e-06
30 8.635418254324293e-07
40 3.022396389013503e-06
50 1.295312738148644e-06
60 2.1588545635810733e-06
70 1.7270836508648587e-06
80 4.3177091271621467e-07
90 1.295312738148644e-06
100 8.635418254324293e-07
110 4.3177091271621467e-07
120 1.295312738148644e-06
130 4.3177091271621467e-07
140 2.590625476297288e-06
150 8.635418254324293e-07
160 8.635418254324293e-07
180 4.3177091271621467e-07
190 4.3177091271621467e-07
200 3.022396389013503e-06
300 3.022396389013503e-06
400 6.044792778027006e-06
500 5.613021865310791e-06
600 5.613021865310791e-06
700 3.885938214445932e-06
800 2.590625476297288e-06
900 8.203647341608078e-06
1000 2.8065109326553954e-05
2000 5.785730230397277e-05
3000 4.2745320358905255e-05
4000 4.3608862184337684e-05
5000 6.303855325656734e-05
6000 5.828907321668898e-05
7000 5.483490591495926e-05
8000 4.663125857335119e-05
9000 5.699376047854034e-05
10000 2.763333841383774e-05
20000 0.03473424284436861
40000 5.181250952594576e-06
60000 4.317709127162147e-06
80000 3.4541673017297174e-06
100000 1.7270836508648587e-06
20
1 5.181250952594576e-06
10 4.3177091271621467e-07
20 8.635418254324293e-07
30 4.3177091271621467e-07
40 1.7270836508648587e-06
60 4.3177091271621467e-07
70 4.3177091271621467e-07
90 8.635418254324293e-07
140 8.635418254324293e-07
160 8.635418254324293e-07
170 4.3177091271621467e-07
190 4.3177091271621467e-07
200 8.635418254324293e-07
300 3.4541673017297174e-06
400 2.590625476297288e-06
500 1.7270836508648587e-06
600 1.7270836508648587e-06
700 8.635418254324293e-07
800 8.635418254324293e-07
900 2.1588545635810733e-06
1000 1.5543752857783727e-05
2000 2.8065109326553954e-05
3000 2.763333841383774e-05
4000 2.4179171112108024e-05
5000 3.367813119186474e-05
6000 2.9360422064702598e-05
7000 2.676979658840531e-05
8000 3.2814589366432314e-05
9000 2.9792192977418813e-05
10000 1.3384898294202655e-05
20000 0.012122400145420443
40000 1.7270836508648587e-06
60000 1.7270836508648587e-06
80000 3.022396389013503e-06
100000 8.635418254324293e-07
7
1 1.5111981945067514e-05
10 4.3177091271621467e-07
20 4.3177091271621467e-07
60 2.590625476297288e-06
70 2.590625476297288e-06
80 4.3177091271621467e-07
110 4.3177091271621467e-07
130 8.635418254324293e-07
140 4.3177091271621467e-07
150 4.3177091271621467e-07
160 1.295312738148644e-06
170 4.3177091271621467e-07
180 4.3177091271621467e-07
200 1.295312738148644e-06
300 2.590625476297288e-06
400 2.1588545635810733e-06
500 1.7270836508648587e-06
600 1.295312738148644e-06
700 3.022396389013503e-06
800 3.022396389013503e-06
900 2.1588545635810733e-06
1000 1.295312738148644e-05
2000 1.77026074213648e-05
3000 2.461094202482424e-05
4000 1.5975523770499942e-05
5000 2.461094202482424e-05
6000 1.8997920159513446e-05
7000 1.5111981945067514e-05
8000 1.8997920159513446e-05
9000 2.029323289766209e-05
10000 1.1657814643337797e-05
20000 0.030812035873254512
40000 1.295312738148644e-06
60000 1.295312738148644e-06
80000 2.590625476297288e-06
100000 8.635418254324293e-07
30
1 2.590625476297288e-06
10 4.3177091271621467e-07
20 4.3177091271621467e-07
60 1.295312738148644e-06
70 8.635418254324293e-07
80 8.635418254324293e-07
90 4.3177091271621467e-07
100 4.3177091271621467e-07
110 4.3177091271621467e-07
120 4.3177091271621467e-07
130 8.635418254324293e-07
140 8.635418254324293e-07
150 4.3177091271621467e-07
170 4.3177091271621467e-07
180 4.3177091271621467e-07
200 4.3177091271621467e-07
300 8.635418254324293e-07
400 1.295312738148644e-06
500 2.1588545635810733e-06
600 2.1588545635810733e-06
700 3.022396389013503e-06
800 1.7270836508648587e-06
900 1.295312738148644e-06
1000 9.498960079756723e-06
2000 1.77026074213648e-05
3000 1.77026074213648e-05
4000 1.7270836508648586e-05
5000 1.5543752857783727e-05
6000 2.1588545635810735e-05
7000 1.77026074213648e-05
8000 1.77026074213648e-05
9000 1.7270836508648586e-05
10000 7.771876428891864e-06
20000 0.0070706804666407315
40000 8.635418254324293e-07
60000 8.635418254324293e-07
80000 1.295312738148644e-06
100000 8.635418254324293e-07
44
1 3.885938214445932e-06
40 8.635418254324293e-07
50 4.3177091271621467e-07
70 1.295312738148644e-06
90 4.3177091271621467e-07
120 4.3177091271621467e-07
130 4.3177091271621467e-07
150 4.3177091271621467e-07
160 4.3177091271621467e-07
200 8.635418254324293e-07
300 1.295312738148644e-06
400 4.3177091271621467e-07
500 1.295312738148644e-06
600 1.295312738148644e-06
700 8.635418254324293e-07
900 4.3177091271621467e-07
1000 7.771876428891864e-06
2000 9.067189167040508e-06
3000 9.930730992472938e-06
4000 7.771876428891864e-06
5000 1.0362501905189153e-05
6000 8.203647341608078e-06
7000 1.295312738148644e-05
8000 8.635418254324293e-06
9000 9.498960079756723e-06
10000 4.317709127162147e-06
20000 0.004364340385735498
40000 4.3177091271621467e-07
60000 1.295312738148644e-06
80000 8.635418254324293e-07
100000 2.1588545635810733e-06
38
1 1.7270836508648587e-06
20 4.3177091271621467e-07
50 4.3177091271621467e-07
80 4.3177091271621467e-07
90 4.3177091271621467e-07
100 8.635418254324293e-07
130 4.3177091271621467e-07
190 4.3177091271621467e-07
200 4.3177091271621467e-07
300 1.295312738148644e-06
400 2.590625476297288e-06
500 8.635418254324293e-07
600 1.295312738148644e-06
700 1.295312738148644e-06
800 4.3177091271621467e-07
900 2.1588545635810733e-06
1000 6.908334603459435e-06
2000 1.1226043730621582e-05
3000 8.635418254324293e-06
4000 9.067189167040508e-06
5000 1.3384898294202655e-05
6000 1.0794272817905367e-05
7000 1.2521356468770225e-05
8000 1.5975523770499942e-05
9000 1.2521356468770225e-05
10000 1.0362501905189153e-05
20000 0.004486531554034187
60000 8.635418254324293e-07
80000 4.3177091271621467e-07
100000 8.635418254324293e-07
5
1 2.1588545635810735e-05
20 2.1588545635810733e-06
30 1.7270836508648587e-06
40 3.4541673017297174e-06
50 4.3177091271621467e-07
60 4.7494800398783614e-06
70 2.1588545635810733e-06
80 4.3177091271621467e-07
90 4.3177091271621467e-07
100 4.3177091271621467e-07
130 4.3177091271621467e-07
140 8.635418254324293e-07
150 4.3177091271621467e-07
160 4.3177091271621467e-07
170 4.3177091271621467e-07
200 1.295312738148644e-06
300 2.590625476297288e-06
400 8.635418254324293e-07
500 8.635418254324293e-07
600 3.4541673017297174e-06
700 2.1588545635810733e-06
800 1.295312738148644e-06
900 1.7270836508648587e-06
1000 6.47656369074322e-06
2000 1.2089585556054012e-05
3000 1.5111981945067514e-05
4000 1.77026074213648e-05
5000 2.029323289766209e-05
6000 1.6407294683216157e-05
7000 1.4248440119635084e-05
8000 1.5111981945067514e-05
9000 2.6338025675689094e-05
10000 5.181250952594576e-06
20000 0.0442137732330531
40000 2.1588545635810733e-06
60000 1.295312738148644e-06
80000 4.3177091271621467e-07
26
1 3.022396389013503e-06
10 4.3177091271621467e-07
20 4.3177091271621467e-07
40 4.3177091271621467e-07
60 8.635418254324293e-07
70 4.3177091271621467e-07
80 4.3177091271621467e-07
90 8.635418254324293e-07
100 4.3177091271621467e-07
110 4.3177091271621467e-07
140 8.635418254324293e-07
150 4.3177091271621467e-07
160 1.7270836508648587e-06
180 4.3177091271621467e-07
200 1.7270836508648587e-06
300 3.4541673017297174e-06
400 4.317709127162147e-06
500 1.295312738148644e-06
600 3.4541673017297174e-06
700 1.7270836508648587e-06
800 1.7270836508648587e-06
900 4.3177091271621467e-07
1000 9.498960079756723e-06
2000 2.504271293754045e-05
3000 1.77026074213648e-05
4000 2.0725003810378305e-05
5000 1.7270836508648586e-05
6000 2.3315629286675594e-05
7000 2.676979658840531e-05
8000 2.3315629286675594e-05
9000 2.288385837395938e-05
10000 1.1657814643337797e-05
20000 0.008618147417815645
40000 1.7270836508648587e-06
60000 1.7270836508648587e-06
80000 3.4541673017297174e-06
100000 1.7270836508648587e-06
2050
60 4.3177091271621467e-07
4000 4.3177091271621467e-07
7000 4.3177091271621467e-07
20000 1.4680211032351299e-05
280
1 4.3177091271621467e-07
20 4.3177091271621467e-07
40 4.3177091271621467e-07
60 4.3177091271621467e-07
120 4.3177091271621467e-07
150 4.3177091271621467e-07
200 8.635418254324293e-07
300 4.3177091271621467e-07
700 4.3177091271621467e-07
800 4.3177091271621467e-07
1000 4.3177091271621467e-07
3000 2.590625476297288e-06
4000 3.885938214445932e-06
5000 6.044792778027006e-06
6000 2.590625476297288e-06
7000 1.7270836508648587e-06
8000 3.4541673017297174e-06
9000 3.885938214445932e-06
10000 3.022396389013503e-06
20000 0.0012827913816798738
60000 4.3177091271621467e-07
100000 4.3177091271621467e-07
440
40 4.3177091271621467e-07
1000 4.3177091271621467e-07
2000 1.7270836508648587e-06
3000 8.635418254324293e-07
4000 4.3177091271621467e-07
5000 8.635418254324293e-07
7000 1.7270836508648587e-06
8000 1.295312738148644e-06
9000 4.3177091271621467e-07
20000 0.0003324636027914853
80000 4.3177091271621467e-07
22
1 4.7494800398783614e-06
10 4.3177091271621467e-07
30 4.3177091271621467e-07
40 1.295312738148644e-06
50 8.635418254324293e-07
60 8.635418254324293e-07
70 1.295312738148644e-06
90 4.3177091271621467e-07
100 1.295312738148644e-06
120 4.3177091271621467e-07
130 4.3177091271621467e-07
140 4.3177091271621467e-07
160 4.3177091271621467e-07
170 4.3177091271621467e-07
180 4.3177091271621467e-07
200 1.295312738148644e-06
300 2.1588545635810733e-06
400 2.590625476297288e-06
500 2.590625476297288e-06
600 1.295312738148644e-06
700 2.1588545635810733e-06
800 1.295312738148644e-06
900 3.4541673017297174e-06
1000 1.0794272817905367e-05
2000 2.6338025675689094e-05
3000 2.5474483850256665e-05
4000 2.029323289766209e-05
5000 2.763333841383774e-05
6000 1.77026074213648e-05
7000 2.288385837395938e-05
8000 3.497344393001339e-05
9000 2.504271293754045e-05
10000 1.2089585556054012e-05
20000 0.011694083400005958
40000 8.635418254324293e-07
60000 4.3177091271621467e-07
80000 1.295312738148644e-06
100000 1.295312738148644e-06
13600
20000 4.3177091271621467e-07
16800
8000 4.3177091271621467e-07
24
1 5.181250952594576e-06
10 4.3177091271621467e-07
40 4.3177091271621467e-07
60 1.295312738148644e-06
70 2.590625476297288e-06
80 4.3177091271621467e-07
100 4.3177091271621467e-07
110 4.3177091271621467e-07
120 4.3177091271621467e-07
130 4.3177091271621467e-07
140 4.3177091271621467e-07
160 4.3177091271621467e-07
190 4.3177091271621467e-07
200 1.7270836508648587e-06
300 1.7270836508648587e-06
400 3.022396389013503e-06
500 4.317709127162147e-06
600 1.295312738148644e-06
700 3.885938214445932e-06
800 2.1588545635810733e-06
900 3.022396389013503e-06
1000 9.498960079756723e-06
2000 2.6338025675689094e-05
3000 2.504271293754045e-05
4000 2.115677472309452e-05
5000 2.849688023927017e-05
6000 2.504271293754045e-05
7000 2.461094202482424e-05
8000 1.7270836508648586e-05
9000 2.590625476297288e-05
10000 8.203647341608078e-06
20000 0.010697556133456935
40000 1.295312738148644e-06
60000 2.1588545635810733e-06
80000 1.7270836508648587e-06
100000 1.295312738148644e-06
6200
20000 4.3177091271621467e-07
5600
1000 4.3177091271621467e-07
20000 4.3177091271621467e-07
5200
20000 4.3177091271621467e-07
5000
20000 4.3177091271621467e-07
4800
20000 4.3177091271621467e-07
4500
20000 8.635418254324293e-07
380
1 8.635418254324293e-07
200 8.635418254324293e-07
300 4.3177091271621467e-07
1000 4.3177091271621467e-07
2000 2.590625476297288e-06
3000 2.590625476297288e-06
4000 4.3177091271621467e-07
5000 1.7270836508648587e-06
6000 4.3177091271621467e-07
7000 4.3177091271621467e-07
8000 2.590625476297288e-06
9000 3.4541673017297174e-06
10000 8.635418254324293e-07
20000 0.00016364117591944537
80000 1.295312738148644e-06
360
1 8.635418254324293e-07
30 4.3177091271621467e-07
400 4.3177091271621467e-07
3000 8.635418254324293e-07
4000 3.4541673017297174e-06
5000 1.295312738148644e-06
6000 2.1588545635810733e-06
7000 8.635418254324293e-07
8000 4.3177091271621467e-07
9000 2.1588545635810733e-06
10000 8.635418254324293e-07
20000 0.0002828099478291206
80000 8.635418254324293e-07
4200
1 4.3177091271621467e-07
7000 4.3177091271621467e-07
20000 4.3177091271621467e-07
3850
20000 4.3177091271621467e-07
1250
30 4.3177091271621467e-07
40 4.3177091271621467e-07
130 4.3177091271621467e-07
900 4.3177091271621467e-07
2000 4.3177091271621467e-07
3000 4.3177091271621467e-07
7000 4.3177091271621467e-07
8000 4.3177091271621467e-07
9000 4.3177091271621467e-07
20000 0.00016061877953043186
180
1 2.1588545635810733e-06
20 4.3177091271621467e-07
30 4.3177091271621467e-07
40 8.635418254324293e-07
60 2.1588545635810733e-06
70 8.635418254324293e-07
80 4.3177091271621467e-07
100 4.3177091271621467e-07
120 4.3177091271621467e-07
130 8.635418254324293e-07
140 4.3177091271621467e-07
200 8.635418254324293e-07
300 8.635418254324293e-07
400 4.3177091271621467e-07
500 4.3177091271621467e-07
600 8.635418254324293e-07
800 1.295312738148644e-06
900 8.635418254324293e-07
1000 2.1588545635810733e-06
2000 1.295312738148644e-05
3000 7.771876428891864e-06
4000 9.498960079756723e-06
5000 1.0794272817905367e-05
6000 3.4541673017297174e-06
7000 8.635418254324293e-06
8000 7.3401055161756496e-06
9000 7.771876428891864e-06
10000 3.4541673017297174e-06
20000 0.002208939989456154
40000 4.3177091271621467e-07
60000 8.635418254324293e-07
80000 8.635418254324293e-07
100000 4.3177091271621467e-07
3550
1000 4.3177091271621467e-07
20000 4.3177091271621467e-07
3300
20000 4.3177091271621467e-07
3150
1 4.3177091271621467e-07
7000 4.3177091271621467e-07
20000 8.635418254324293e-07
320
40 4.3177091271621467e-07
80 4.3177091271621467e-07
170 4.3177091271621467e-07
180 4.3177091271621467e-07
500 4.3177091271621467e-07
700 4.3177091271621467e-07
2000 3.885938214445932e-06
3000 1.7270836508648587e-06
4000 2.590625476297288e-06
5000 3.4541673017297174e-06
6000 1.7270836508648587e-06
7000 8.635418254324293e-07
8000 8.635418254324293e-07
9000 3.885938214445932e-06
10000 4.3177091271621467e-07
20000 0.0003851396541428635
60000 4.3177091271621467e-07
3100
20000 4.3177091271621467e-07
1500
300 4.3177091271621467e-07
600 4.3177091271621467e-07
4000 4.3177091271621467e-07
7000 4.3177091271621467e-07
8000 4.3177091271621467e-07
20000 0.00011355575004436446
600
1 8.635418254324293e-07
70 4.3177091271621467e-07
800 4.3177091271621467e-07
900 4.3177091271621467e-07
1000 4.3177091271621467e-07
2000 4.3177091271621467e-07
3000 1.295312738148644e-06
4000 1.295312738148644e-06
5000 8.635418254324293e-07
6000 4.3177091271621467e-07
7000 1.7270836508648587e-06
8000 4.3177091271621467e-07
9000 4.3177091271621467e-07
10000 8.635418254324293e-07
20000 0.00014507502667264813
80000 4.3177091271621467e-07
400
20 4.3177091271621467e-07
60 4.3177091271621467e-07
140 4.3177091271621467e-07
150 4.3177091271621467e-07
400 4.3177091271621467e-07
800 1.295312738148644e-06
1000 1.7270836508648587e-06
2000 1.295312738148644e-06
3000 4.3177091271621467e-07
4000 4.3177091271621467e-07
5000 8.635418254324293e-07
6000 4.3177091271621467e-07
7000 1.295312738148644e-06
8000 8.635418254324293e-07
9000 4.3177091271621467e-07
20000 0.0003264188100134583
100000 4.3177091271621467e-07
9
1 6.908334603459435e-06
10 4.3177091271621467e-07
20 1.7270836508648587e-06
30 4.3177091271621467e-07
40 8.635418254324293e-07
50 4.3177091271621467e-07
60 2.1588545635810733e-06
70 1.295312738148644e-06
80 4.3177091271621467e-07
90 4.3177091271621467e-07
100 8.635418254324293e-07
120 4.3177091271621467e-07
130 4.3177091271621467e-07
160 8.635418254324293e-07
170 4.3177091271621467e-07
180 4.3177091271621467e-07
200 1.7270836508648587e-06
300 5.613021865310791e-06
400 3.885938214445932e-06
500 3.022396389013503e-06
600 4.317709127162147e-06
700 4.7494800398783614e-06
800 4.317709127162147e-06
900 3.885938214445932e-06
1000 1.8997920159513446e-05
2000 4.058646579532418e-05
3000 3.583698575544582e-05
4000 3.756406940631068e-05
5000 5.440313500224305e-05
6000 4.0154694882607966e-05
7000 3.713229849359446e-05
8000 3.454167301729717e-05
9000 3.8427611231743106e-05
10000 1.4680211032351299e-05
20000 0.019766472384148307
40000 1.295312738148644e-06
60000 2.1588545635810733e-06
80000 4.3177091271621467e-07
2150
20000 8.635418254324293e-07
4
1 1.1657814643337797e-05
10 1.7270836508648587e-06
20 3.885938214445932e-06
30 2.590625476297288e-06
40 2.1588545635810733e-06
50 1.295312738148644e-06
60 1.7270836508648587e-06
70 3.4541673017297174e-06
80 4.3177091271621467e-07
90 4.3177091271621467e-07
100 2.1588545635810733e-06
110 1.7270836508648587e-06
120 2.1588545635810733e-06
130 8.635418254324293e-07
140 8.635418254324293e-07
160 1.295312738148644e-06
170 4.3177091271621467e-07
180 4.3177091271621467e-07
190 8.635418254324293e-07
200 6.044792778027006e-06
300 1.1657814643337797e-05
400 1.5111981945067514e-05
500 1.295312738148644e-05
600 1.4248440119635084e-05
700 1.1657814643337797e-05
800 1.0794272817905367e-05
900 1.2089585556054012e-05
1000 6.303855325656734e-05
2000 0.0001239182519495536
3000 0.00010492033179004016
4000 0.0001265088774258509
5000 0.0001265088774258509
6000 0.00011787345917152661
7000 0.00013730315024375626
8000 0.00011312397913164824
9000 0.00011916877190967525
10000 5.526667682767548e-05
20000 0.059637925548014434
40000 8.635418254324293e-06
60000 5.613021865310791e-06
80000 3.4541673017297174e-06
100000 3.022396389013503e-06
42
1 1.295312738148644e-06
30 4.3177091271621467e-07
60 4.3177091271621467e-07
70 4.3177091271621467e-07
190 4.3177091271621467e-07
300 3.022396389013503e-06
400 1.7270836508648587e-06
500 1.295312738148644e-06
600 1.295312738148644e-06
700 8.635418254324293e-07
800 1.295312738148644e-06
900 8.635418254324293e-07
1000 2.590625476297288e-06
2000 9.930730992472938e-06
3000 7.771876428891864e-06
4000 9.067189167040508e-06
5000 1.1657814643337797e-05
6000 1.2521356468770225e-05
7000 1.1226043730621582e-05
8000 9.498960079756723e-06
9000 1.1657814643337797e-05
10000 7.3401055161756496e-06
20000 0.004628584184317821
40000 8.635418254324293e-07
80000 8.635418254324293e-07
100000 2.1588545635810733e-06
1100
10 4.3177091271621467e-07
30 4.3177091271621467e-07
90 4.3177091271621467e-07
1000 4.3177091271621467e-07
4000 8.635418254324293e-07
6000 8.635418254324293e-07
7000 8.635418254324293e-07
8000 4.3177091271621467e-07
9000 4.3177091271621467e-07
10000 4.3177091271621467e-07
20000 2.7201567501121524e-05
80000 4.3177091271621467e-07
220
1 3.022396389013503e-06
50 4.3177091271621467e-07
60 8.635418254324293e-07
80 4.3177091271621467e-07
90 4.3177091271621467e-07
110 4.3177091271621467e-07
130 4.3177091271621467e-07
140 4.3177091271621467e-07
300 4.3177091271621467e-07
400 4.3177091271621467e-07
500 8.635418254324293e-07
600 8.635418254324293e-07
700 8.635418254324293e-07
900 4.3177091271621467e-07
1000 3.885938214445932e-06
2000 3.022396389013503e-06
3000 3.022396389013503e-06
4000 7.3401055161756496e-06
5000 7.771876428891864e-06
6000 7.771876428891864e-06
7000 3.4541673017297174e-06
8000 4.7494800398783614e-06
9000 4.7494800398783614e-06
10000 1.295312738148644e-06
20000 0.0018168920007098314
2850
20000 4.3177091271621467e-07
2600
4000 4.3177091271621467e-07
5000 4.3177091271621467e-07
8000 4.3177091271621467e-07
1300
70 4.3177091271621467e-07
90 4.3177091271621467e-07
2000 4.3177091271621467e-07
3000 4.3177091271621467e-07
5000 4.3177091271621467e-07
10000 4.3177091271621467e-07
20000 8.117293159064836e-05
1700
5000 4.3177091271621467e-07
6000 4.3177091271621467e-07
7000 4.3177091271621467e-07
80000 4.3177091271621467e-07
3
1 5.569844774039169e-05
10 8.635418254324293e-07
20 1.295312738148644e-06
30 3.022396389013503e-06
40 3.022396389013503e-06
50 1.7270836508648587e-06
60 2.590625476297288e-06
70 3.022396389013503e-06
80 1.295312738148644e-06
100 8.635418254324293e-07
110 8.635418254324293e-07
120 1.7270836508648587e-06
130 8.635418254324293e-07
140 2.1588545635810733e-06
150 4.3177091271621467e-07
160 2.590625476297288e-06
170 4.3177091271621467e-07
190 4.3177091271621467e-07
200 3.022396389013503e-06
300 1.1657814643337797e-05
400 7.3401055161756496e-06
500 8.635418254324293e-06
600 9.930730992472938e-06
700 1.0362501905189153e-05
800 9.067189167040508e-06
900 8.203647341608078e-06
1000 4.749480039878362e-05
2000 9.758022627386452e-05
3000 8.2468244328797e-05
4000 9.628491353571588e-05
5000 0.00013125835746572925
6000 0.00010405678996460773
7000 9.326251714670238e-05
8000 8.678595345595915e-05
9000 0.0001265088774258509
10000 4.490417492248633e-05
20000 0.07643554113632606
40000 8.635418254324293e-07
60000 8.635418254324293e-07
80000 2.1588545635810733e-06
100000 8.635418254324293e-07
700
150 4.3177091271621467e-07
170 4.3177091271621467e-07
300 8.635418254324293e-07
900 4.3177091271621467e-07
2000 4.3177091271621467e-07
3000 1.7270836508648587e-06
4000 8.635418254324293e-07
5000 1.7270836508648587e-06
6000 1.7270836508648587e-06
8000 1.295312738148644e-06
9000 8.635418254324293e-07
20000 2.590625476297288e-05
460
1 1.295312738148644e-06
170 4.3177091271621467e-07
300 4.3177091271621467e-07
600 4.3177091271621467e-07
1000 4.3177091271621467e-07
3000 1.295312738148644e-06
4000 1.295312738148644e-06
5000 8.635418254324293e-07
6000 8.635418254324293e-07
8000 4.3177091271621467e-07
9000 8.635418254324293e-07
10000 4.3177091271621467e-07
20000 0.0003872985087064446
300
1 4.3177091271621467e-07
30 4.3177091271621467e-07
40 4.3177091271621467e-07
70 4.3177091271621467e-07
160 4.3177091271621467e-07
170 4.3177091271621467e-07
700 4.3177091271621467e-07
1000 1.295312738148644e-06
2000 2.590625476297288e-06
3000 3.885938214445932e-06
4000 2.590625476297288e-06
5000 2.590625476297288e-06
6000 3.4541673017297174e-06
7000 8.635418254324293e-07
8000 1.295312738148644e-06
9000 2.590625476297288e-06
10000 1.7270836508648587e-06
20000 0.00039981986517521477
100000 4.3177091271621467e-07
2
1 3.4541673017297174e-06
10 5.181250952594576e-06
20 4.317709127162147e-06
30 4.317709127162147e-06
40 5.613021865310791e-06
50 3.4541673017297174e-06
60 1.6407294683216157e-05
70 7.3401055161756496e-06
80 9.498960079756723e-06
90 3.022396389013503e-06
100 2.1588545635810733e-06
110 5.613021865310791e-06
120 2.590625476297288e-06
130 3.022396389013503e-06
140 5.613021865310791e-06
150 3.022396389013503e-06
160 5.613021865310791e-06
170 3.022396389013503e-06
180 2.590625476297288e-06
190 2.1588545635810733e-06
200 1.77026074213648e-05
300 2.202031654852695e-05
400 2.2452087461243164e-05
500 2.3315629286675594e-05
600 2.288385837395938e-05
700 2.6338025675689094e-05
800 2.504271293754045e-05
900 2.3315629286675594e-05
1000 0.00014291617210906705
2000 0.0002543130675898504
3000 0.0002443823365973775
4000 0.00026338025675689094
5000 0.0002448141075100937
6000 0.0002560401512407153
7000 0.0002599260894551612
8000 0.0002469729620736748
9000 0.0002569036930661477
10000 0.00011916877190967525
20000 0.12210395057432008
40000 2.115677472309452e-05
60000 1.381666920691887e-05
80000 1.6407294683216157e-05
100000 1.2089585556054012e-05
1200
40 4.3177091271621467e-07
400 4.3177091271621467e-07
3000 8.635418254324293e-07
4000 4.3177091271621467e-07
5000 4.3177091271621467e-07
8000 4.3177091271621467e-07
20000 6.303855325656734e-05
650
1 8.635418254324293e-07
70 4.3177091271621467e-07
80 4.3177091271621467e-07
110 4.3177091271621467e-07
160 4.3177091271621467e-07
600 4.3177091271621467e-07
900 4.3177091271621467e-07
1000 4.3177091271621467e-07
3000 8.635418254324293e-07
4000 1.295312738148644e-06
5000 1.295312738148644e-06
6000 8.635418254324293e-07
7000 4.3177091271621467e-07
8000 1.7270836508648587e-06
9000 8.635418254324293e-07
20000 0.0002210667073107019
2350
3000 8.635418254324293e-07
5000 8.635418254324293e-07
2400
2000 4.3177091271621467e-07
4000 4.3177091271621467e-07
7000 4.3177091271621467e-07
20000 4.3177091271621467e-07
3500
170 4.3177091271621467e-07
4000 4.3177091271621467e-07
420
160 4.3177091271621467e-07
400 4.3177091271621467e-07
900 4.3177091271621467e-07
2000 4.3177091271621467e-07
3000 8.635418254324293e-07
4000 4.3177091271621467e-07
5000 1.295312738148644e-06
6000 4.3177091271621467e-07
8000 1.7270836508648587e-06
9000 8.635418254324293e-07
10000 4.3177091271621467e-07
20000 7.210574242360785e-05
800
500 4.3177091271621467e-07
800 4.3177091271621467e-07
900 4.3177091271621467e-07
1000 8.635418254324293e-07
3000 4.3177091271621467e-07
4000 8.635418254324293e-07
5000 1.7270836508648587e-06
7000 8.635418254324293e-07
9000 8.635418254324293e-07
10000 4.3177091271621467e-07
20000 7.987761885249972e-05
260
40 8.635418254324293e-07
50 4.3177091271621467e-07
60 4.3177091271621467e-07
70 4.3177091271621467e-07
200 8.635418254324293e-07
500 8.635418254324293e-07
600 4.3177091271621467e-07
1000 1.7270836508648587e-06
2000 1.7270836508648587e-06
3000 4.317709127162147e-06
4000 3.885938214445932e-06
5000 4.7494800398783614e-06
6000 3.885938214445932e-06
7000 3.4541673017297174e-06
8000 3.022396389013503e-06
9000 3.885938214445932e-06
10000 8.635418254324293e-07
20000 0.0005984344850246735
40000 4.3177091271621467e-07
60000 4.3177091271621467e-07
1150
1 4.3177091271621467e-07
1000 4.3177091271621467e-07
5000 4.3177091271621467e-07
7000 4.3177091271621467e-07
9000 4.3177091271621467e-07
20000 2.849688023927017e-05
900
1 4.3177091271621467e-07
80 4.3177091271621467e-07
140 4.3177091271621467e-07
150 4.3177091271621467e-07
1000 4.3177091271621467e-07
3000 4.3177091271621467e-07
5000 1.7270836508648587e-06
6000 4.3177091271621467e-07
7000 4.3177091271621467e-07
9000 4.3177091271621467e-07
20000 0.00012737241925128332
1800
1 4.3177091271621467e-07
130 4.3177091271621467e-07
4000 4.3177091271621467e-07
5000 4.3177091271621467e-07
8000 4.3177091271621467e-07
20000 9.498960079756723e-06
1450
3000 4.3177091271621467e-07
6000 4.3177091271621467e-07
7000 4.3177091271621467e-07
10000 4.3177091271621467e-07
20000 5.742553139125655e-05
2550
6000 4.3177091271621467e-07
20000 8.635418254324293e-07
2500
1000 4.3177091271621467e-07
10000 4.3177091271621467e-07
20000 8.635418254324293e-07
1900
300 4.3177091271621467e-07
500 4.3177091271621467e-07
3000 4.3177091271621467e-07
4000 8.635418254324293e-07
7000 4.3177091271621467e-07
8000 4.3177091271621467e-07
20000 4.3177091271621467e-07
3250
20000 4.3177091271621467e-07
3950
1 4.3177091271621467e-07
9000 4.3177091271621467e-07
3000
2000 4.3177091271621467e-07
4000 4.3177091271621467e-07
5000 4.3177091271621467e-07
950
300 4.3177091271621467e-07
1000 4.3177091271621467e-07
2000 4.3177091271621467e-07
3000 4.3177091271621467e-07
5000 4.3177091271621467e-07
6000 4.3177091271621467e-07
7000 4.3177091271621467e-07
9000 4.3177091271621467e-07
20000 0.00031087505715567457
1550
800 4.3177091271621467e-07
4000 4.3177091271621467e-07
8000 4.3177091271621467e-07
9000 4.3177091271621467e-07
2100
6000 4.3177091271621467e-07
20000 3.4541673017297174e-06
2000
500 4.3177091271621467e-07
1000 4.3177091271621467e-07
2000 4.3177091271621467e-07
3000 4.3177091271621467e-07
6000 4.3177091271621467e-07
7000 4.3177091271621467e-07
20000 7.771876428891864e-06
1350
70 4.3177091271621467e-07
9000 8.635418254324293e-07
20000 2.9360422064702598e-05
4600
6000 4.3177091271621467e-07
1850
150 4.3177091271621467e-07
6000 4.3177091271621467e-07
20000 0.00010837449909176988
1400
30 4.3177091271621467e-07
1000 4.3177091271621467e-07
5000 4.3177091271621467e-07
6000 4.3177091271621467e-07
8000 4.3177091271621467e-07
9000 4.3177091271621467e-07
20000 8.160470250336458e-05
1600
3000 4.3177091271621467e-07
20000 4.3177091271621467e-07
3050
30 4.3177091271621467e-07
6000 4.3177091271621467e-07
8000 4.3177091271621467e-07
1950
4000 4.3177091271621467e-07
7000 8.635418254324293e-07
20000 4.3177091271621467e-07
2950
1 4.3177091271621467e-07
2450
2000 4.3177091271621467e-07
2200
20000 4.3177091271621467e-07
3700
3000 4.3177091271621467e-07
7000 4.3177091271621467e-07
20000 4.3177091271621467e-07
3650
8000 4.3177091271621467e-07
5400
7000 4.3177091271621467e-07
1750
1000 4.3177091271621467e-07
20000 0.00010578387361547259
4650
1 4.3177091271621467e-07
3200
7000 4.3177091271621467e-07
20000 4.3177091271621467e-07
