1
1 0.2939197278054313
10 0.1881387436204398
20 0.06484153487492912
30 0.03508600592275219
40 0.02333186314661962
50 0.015002205280070569
60 0.016054438913742045
70 0.010629449940142399
80 0.00897864028731649
90 0.006448869006363808
100 0.00677651061684834
110 0.004139625732468024
120 0.004489320143658245
130 0.0029393232940583456
140 0.0028920672925461534
150 0.002198979270367337
160 0.002375401676012854
170 0.0017232688551446034
180 0.0017988784575641106
190 0.00150589124818852
200 0.007973662655157206
300 0.007296326633482452
400 0.00547224497511184
500 0.005002835360090731
600 0.004665742549303762
700 0.002907819293050217
800 0.0028857664923445277
900 0.0029550752945624093
1000 0.01162182597189843
2000 0.012456681998613824
3000 0.0050941969630143025
4000 0.0022336336714762774
5000 0.001118392035788545
6000 0.0007939008254048265
7000 0.00040325121290403883
8000 0.00021737760695608342
9000 0.00014176800453657615
10000 5.0406401613004854e-05
20000 0.0008537584273202697
40000 0.00022367840715770902
60000 7.245920231869448e-05
80000 5.0406401613004854e-05
100000 8.506080272194569e-05
200000 3.780480120975364e-05
300000 1.890240060487682e-05
400000 1.5752000504064016e-05
500000 1.5752000504064016e-05
600000 9.45120030243841e-06
700000 6.300800201625607e-06
900000 1.2601600403251214e-05
1000000 6.300800201625607e-06
1100000 3.1504001008128034e-06
1300000 6.300800201625607e-06
1500000 3.1504001008128034e-06
1600000 3.1504001008128034e-06
1900000 3.1504001008128034e-06
2200000 3.1504001008128034e-06
2900000 6.300800201625607e-06
3100000 3.1504001008128034e-06
3200000 3.1504001008128034e-06
4200000 3.1504001008128034e-06
4300000 6.300800201625607e-06
45600
1 3.1504001008128034e-06
10800
1 3.1504001008128034e-06
28200
2000 3.1504001008128034e-06
16800
30 3.1504001008128034e-06
3592600
2000 3.1504001008128034e-06
433000
2000 3.1504001008128034e-06
18000
1 9.45120030243841e-06
6600
2000 3.1504001008128034e-06
18800
1 3.1504001008128034e-06
2000 3.1504001008128034e-06
22800
20000 3.1504001008128034e-06
59600
2000 3.1504001008128034e-06
84800
2000 3.1504001008128034e-06
1250
20 3.1504001008128034e-06
700 3.1504001008128034e-06
2000 1.5752000504064016e-05
1900000 3.1504001008128034e-06
1200
1 9.45120030243841e-06
2000 9.45120030243841e-06
4000 3.1504001008128034e-06
850
1 6.300800201625607e-06
10 9.45120030243841e-06
40 3.1504001008128034e-06
2000 3.150400100812803e-05
40
1 0.0003213408102829059
10 0.00024258080776258585
20 0.0001827232058471426
30 0.00015121920483901456
40 0.00010081280322600971
50 5.0406401613004854e-05
60 6.300800201625606e-05
70 2.2052800705689623e-05
80 3.465440110894084e-05
90 2.2052800705689623e-05
100 3.780480120975364e-05
110 6.300800201625607e-06
120 6.300800201625607e-06
130 6.300800201625607e-06
160 1.2601600403251214e-05
180 9.45120030243841e-06
200 6.300800201625607e-06
300 1.2601600403251214e-05
400 1.5752000504064016e-05
500 1.2601600403251214e-05
600 6.300800201625607e-06
700 6.300800201625607e-06
800 3.1504001008128034e-06
900 3.1504001008128034e-06
1000 1.5752000504064016e-05
2000 0.00012916640413332493
3000 3.1504001008128034e-06
4000 3.1504001008128034e-06
5000 6.300800201625607e-06
6000 1.2601600403251214e-05
9000 3.1504001008128034e-06
10000 3.1504001008128034e-06
20000 1.5752000504064016e-05
40000 9.45120030243841e-06
100000 3.1504001008128034e-06
700000 3.1504001008128034e-06
10600
1 3.1504001008128034e-06
20 3.1504001008128034e-06
2000 3.1504001008128034e-06
98200
2000 3.1504001008128034e-06
21200
1 3.1504001008128034e-06
2000 3.1504001008128034e-06
1650
2000 9.45120030243841e-06
500
1 1.2601600403251214e-05
10 9.45120030243841e-06
20 9.45120030243841e-06
30 1.2601600403251214e-05
2000 3.150400100812803e-05
4000 6.300800201625607e-06
40000 3.1504001008128034e-06
2950
20 3.1504001008128034e-06
253000
1 3.1504001008128034e-06
7600
1 3.1504001008128034e-06
140
1 5.6707201814630455e-05
10 4.4105601411379246e-05
20 4.095520131056644e-05
30 5.6707201814630455e-05
40 2.2052800705689623e-05
50 1.2601600403251214e-05
60 2.2052800705689623e-05
70 1.2601600403251214e-05
80 6.300800201625607e-06
90 3.1504001008128034e-06
100 6.300800201625607e-06
110 6.300800201625607e-06
120 6.300800201625607e-06
150 3.1504001008128034e-06
200 3.1504001008128034e-06
300 3.1504001008128034e-06
400 3.1504001008128034e-06
700 3.1504001008128034e-06
800 3.1504001008128034e-06
1000 3.1504001008128034e-06
2000 7.245920231869448e-05
4000 6.300800201625607e-06
6000 3.1504001008128034e-06
500000 3.1504001008128034e-06
4
1 0.0032449121038371875
10 0.0080461218574759
20 0.002069812866234012
30 0.001890240060487682
40 0.0007970512255056392
50 0.000592275218952807
60 0.0005765232184487429
70 0.0003780480120975364
80 0.0004883120156259845
90 0.00027093440866990105
100 0.00025833280826664985
110 0.00014491840463738895
120 0.00014491840463738895
130 5.6707201814630455e-05
140 8.506080272194569e-05
150 7.245920231869448e-05
160 8.191040262113288e-05
170 4.725600151219205e-05
180 7.245920231869448e-05
190 5.985760191544326e-05
200 0.00030558880977884194
300 0.00023943040766177305
400 0.00020477600655283222
500 0.00021737760695608342
600 0.00022052800705689622
700 0.00016697120534307856
800 0.00011656480373007372
900 0.00010396320332682251
1000 0.0003906496125007876
2000 0.0005040640161300485
3000 8.821120282275849e-05
4000 7.560960241950728e-05
5000 3.780480120975364e-05
6000 3.150400100812803e-05
7000 2.8353600907315227e-05
8000 1.2601600403251214e-05
9000 1.5752000504064016e-05
10000 1.2601600403251214e-05
20000 0.00012601600403251212
40000 9.45120030243841e-06
60000 1.2601600403251214e-05
80000 1.890240060487682e-05
100000 1.2601600403251214e-05
200000 3.1504001008128034e-06
300000 3.1504001008128034e-06
400000 3.1504001008128034e-06
103800
1 3.1504001008128034e-06
31200
20 3.1504001008128034e-06
17400
20 3.1504001008128034e-06
512600
2000 3.1504001008128034e-06
4400
700 3.1504001008128034e-06
5000
1 3.1504001008128034e-06
1000 3.1504001008128034e-06
2000 9.45120030243841e-06
800
1 6.300800201625607e-06
20 3.1504001008128034e-06
2000 3.465440110894084e-05
2
1 0.015364501291664041
10 0.03220023943040766
20 0.009243273895784764
30 0.00814693466070191
40 0.0035946065150274085
50 0.0021044672673429525
60 0.0025045680801461787
70 0.0014523344464747023
80 0.0015247936487933968
90 0.001200302438409678
100 0.0008884128284292105
110 0.0007876000252032008
120 0.0006489824207674375
130 0.00043160481381135406
140 0.0005670720181463046
150 0.0003811984121983492
160 0.00044735681431541804
170 0.00031188960998046754
180 0.00033079201058534434
190 0.00032449121038371874
200 0.0014334320458698254
300 0.0015342448490958352
400 0.0013515216432486927
500 0.0009640224308487177
600 0.000995526431856846
700 0.0006426816205658118
800 0.0006269296200617479
900 0.0005229664167349254
1000 0.002132820868250268
2000 0.0021863776699640853
3000 0.0006615840211706887
4000 0.00043475521391216684
5000 0.00023312960746014745
6000 0.00015121920483901456
7000 0.00011026400352844811
8000 6.930880221788168e-05
9000 7.245920231869448e-05
10000 3.465440110894084e-05
20000 0.0003339424106861571
40000 8.191040262113288e-05
60000 4.725600151219205e-05
80000 3.780480120975364e-05
100000 4.725600151219205e-05
200000 1.5752000504064016e-05
300000 1.2601600403251214e-05
400000 6.300800201625607e-06
500000 3.1504001008128034e-06
600000 6.300800201625607e-06
700000 3.1504001008128034e-06
900000 3.1504001008128034e-06
1200000 3.1504001008128034e-06
1500000 3.1504001008128034e-06
2900000 3.1504001008128034e-06
4300000 3.1504001008128034e-06
30
1 0.00011026400352844811
10 0.00013231680423413773
20 9.45120030243841e-05
30 6.300800201625606e-05
40 3.465440110894084e-05
50 1.890240060487682e-05
60 2.2052800705689623e-05
70 9.45120030243841e-06
80 6.300800201625607e-06
90 9.45120030243841e-06
100 1.2601600403251214e-05
120 6.300800201625607e-06
130 6.300800201625607e-06
150 3.1504001008128034e-06
160 3.1504001008128034e-06
300 9.45120030243841e-06
400 9.45120030243841e-06
500 9.45120030243841e-06
600 1.5752000504064016e-05
700 3.1504001008128034e-06
800 6.300800201625607e-06
900 1.5752000504064016e-05
1000 2.2052800705689623e-05
2000 6.300800201625606e-05
3000 3.1504001008128034e-06
5000 6.300800201625607e-06
60000 3.1504001008128034e-06
80000 6.300800201625607e-06
200000 3.1504001008128034e-06
29800
20 3.1504001008128034e-06
2850
20 3.1504001008128034e-06
2000 3.1504001008128034e-06
20000 3.1504001008128034e-06
28
1 0.00017327200554470419
10 0.00013546720433495053
20 0.00013231680423413773
30 5.985760191544326e-05
40 5.985760191544326e-05
50 2.2052800705689623e-05
60 3.780480120975364e-05
70 2.2052800705689623e-05
80 2.2052800705689623e-05
90 9.45120030243841e-06
100 1.2601600403251214e-05
110 6.300800201625607e-06
120 3.1504001008128034e-06
150 3.1504001008128034e-06
170 3.1504001008128034e-06
200 3.1504001008128034e-06
300 3.1504001008128034e-06
400 6.300800201625607e-06
600 1.5752000504064016e-05
700 6.300800201625607e-06
800 6.300800201625607e-06
900 6.300800201625607e-06
1000 1.2601600403251214e-05
2000 7.245920231869448e-05
3000 6.300800201625607e-06
4000 3.1504001008128034e-06
8000 3.1504001008128034e-06
20000 1.5752000504064016e-05
40000 3.1504001008128034e-06
100000 3.1504001008128034e-06
60
1 0.00031819041018209314
10 0.00035914561149265957
20 0.00017012160544389138
30 0.00014806880473820175
40 0.00012916640413332493
50 7.876000252032008e-05
60 7.560960241950728e-05
70 8.191040262113288e-05
80 2.5203200806502427e-05
90 2.2052800705689623e-05
100 2.5203200806502427e-05
110 1.5752000504064016e-05
130 6.300800201625607e-06
140 3.1504001008128034e-06
150 3.1504001008128034e-06
160 3.1504001008128034e-06
170 3.1504001008128034e-06
180 3.1504001008128034e-06
190 3.1504001008128034e-06
200 1.5752000504064016e-05
300 1.890240060487682e-05
400 3.1504001008128034e-06
600 3.1504001008128034e-06
700 9.45120030243841e-06
800 3.1504001008128034e-06
900 3.1504001008128034e-06
1000 1.5752000504064016e-05
2000 0.00016382080524226576
3000 6.300800201625607e-06
4000 3.1504001008128034e-06
5000 3.1504001008128034e-06
7000 3.1504001008128034e-06
8000 9.45120030243841e-06
9000 3.1504001008128034e-06
20000 2.8353600907315227e-05
40000 1.2601600403251214e-05
80000 3.1504001008128034e-06
100000 6.300800201625607e-06
200000 3.1504001008128034e-06
300000 3.1504001008128034e-06
9600
20 3.1504001008128034e-06
300000 3.1504001008128034e-06
30200
2000 3.1504001008128034e-06
9000
1 3.1504001008128034e-06
20 3.1504001008128034e-06
27400
20 3.1504001008128034e-06
4100
20 6.300800201625607e-06
2000 3.1504001008128034e-06
320
1 1.2601600403251214e-05
10 6.300800201625607e-06
20 9.45120030243841e-06
30 1.2601600403251214e-05
100 6.300800201625607e-06
500 3.1504001008128034e-06
700 3.1504001008128034e-06
800 3.1504001008128034e-06
2000 2.5203200806502427e-05
6200
1 3.1504001008128034e-06
5600
700 3.1504001008128034e-06
100000 3.1504001008128034e-06
17800
1 3.1504001008128034e-06
340
1 1.2601600403251214e-05
10 9.45120030243841e-06
20 6.300800201625607e-06
30 3.1504001008128034e-06
60 6.300800201625607e-06
80 3.1504001008128034e-06
140 3.1504001008128034e-06
2000 3.780480120975364e-05
100000 3.1504001008128034e-06
300000 3.1504001008128034e-06
240
1 1.5752000504064016e-05
10 2.8353600907315227e-05
20 5.3556801713817654e-05
30 2.5203200806502427e-05
40 9.45120030243841e-06
50 3.1504001008128034e-06
60 6.300800201625607e-06
70 1.2601600403251214e-05
80 6.300800201625607e-06
90 3.1504001008128034e-06
2000 2.8353600907315227e-05
3000 3.1504001008128034e-06
4000 3.1504001008128034e-06
7000 3.1504001008128034e-06
20000 9.45120030243841e-06
40000 3.1504001008128034e-06
100000 3.1504001008128034e-06
6000
1 3.1504001008128034e-06
40000 3.1504001008128034e-06
11600
800 3.1504001008128034e-06
2000 3.1504001008128034e-06
4050
20 3.1504001008128034e-06
7800
20 3.1504001008128034e-06
2000 3.1504001008128034e-06
12000
1 3.1504001008128034e-06
8000
1 3.1504001008128034e-06
300
1 1.890240060487682e-05
10 6.300800201625607e-06
40 3.1504001008128034e-06
50 3.1504001008128034e-06
60 3.1504001008128034e-06
70 3.1504001008128034e-06
300 3.1504001008128034e-06
2000 4.095520131056644e-05
100000 3.1504001008128034e-06
1350
2000 2.2052800705689623e-05
20000 6.300800201625607e-06
73400
40000 3.1504001008128034e-06
9
1 0.000592275218952807
10 0.0010553840337722891
20 0.00036229601159347235
30 0.0007907504253040136
40 0.000192174406149581
50 0.00011656480373007372
60 0.00016067040514145296
70 0.00011341440362926091
80 7.876000252032008e-05
90 6.300800201625606e-05
100 3.465440110894084e-05
110 4.095520131056644e-05
120 6.300800201625607e-06
130 6.300800201625607e-06
140 1.890240060487682e-05
150 1.5752000504064016e-05
160 2.2052800705689623e-05
170 6.300800201625607e-06
180 6.300800201625607e-06
190 2.8353600907315227e-05
200 6.930880221788168e-05
300 3.465440110894084e-05
400 3.150400100812803e-05
500 5.3556801713817654e-05
600 2.8353600907315227e-05
700 3.465440110894084e-05
800 2.8353600907315227e-05
900 2.5203200806502427e-05
1000 0.00010711360342763531
2000 0.00014491840463738895
3000 2.8353600907315227e-05
4000 9.45120030243841e-06
5000 2.2052800705689623e-05
6000 1.2601600403251214e-05
7000 3.1504001008128034e-06
8000 3.1504001008128034e-06
20000 3.465440110894084e-05
40000 9.45120030243841e-06
60000 3.1504001008128034e-06
80000 1.2601600403251214e-05
100000 3.1504001008128034e-06
2600
1 3.1504001008128034e-06
13400
4000 3.1504001008128034e-06
20000 3.1504001008128034e-06
360
1 9.45120030243841e-06
10 1.2601600403251214e-05
30 6.300800201625607e-06
40 3.1504001008128034e-06
50 3.1504001008128034e-06
60 3.1504001008128034e-06
90 3.1504001008128034e-06
130 3.1504001008128034e-06
2000 4.095520131056644e-05
3000 3.1504001008128034e-06
40000 3.1504001008128034e-06
1300000 3.1504001008128034e-06
11000
20 3.1504001008128034e-06
2000 3.1504001008128034e-06
100
1 0.00011656480373007372
10 8.821120282275849e-05
20 4.4105601411379246e-05
30 6.300800201625606e-05
40 2.2052800705689623e-05
50 1.2601600403251214e-05
60 9.45120030243841e-06
70 6.300800201625607e-06
80 1.890240060487682e-05
90 6.300800201625607e-06
100 6.300800201625607e-06
110 6.300800201625607e-06
120 3.1504001008128034e-06
140 3.1504001008128034e-06
160 6.300800201625607e-06
170 3.1504001008128034e-06
200 3.1504001008128034e-06
300 3.1504001008128034e-06
400 3.1504001008128034e-06
600 3.1504001008128034e-06
700 3.1504001008128034e-06
800 6.300800201625607e-06
1000 9.45120030243841e-06
2000 5.985760191544326e-05
3000 3.1504001008128034e-06
4000 6.300800201625607e-06
5000 3.1504001008128034e-06
9000 3.1504001008128034e-06
20000 6.300800201625607e-06
40000 3.1504001008128034e-06
60000 3.1504001008128034e-06
100000 6.300800201625607e-06
80
1 0.00016067040514145296
10 0.00020477600655283222
20 9.13616029235713e-05
30 9.13616029235713e-05
40 6.300800201625606e-05
50 1.2601600403251214e-05
60 2.5203200806502427e-05
70 2.5203200806502427e-05
80 2.2052800705689623e-05
90 9.45120030243841e-06
100 9.45120030243841e-06
110 3.1504001008128034e-06
120 9.45120030243841e-06
130 3.1504001008128034e-06
140 6.300800201625607e-06
160 3.1504001008128034e-06
180 3.1504001008128034e-06
200 1.2601600403251214e-05
600 6.300800201625607e-06
700 3.1504001008128034e-06
800 3.1504001008128034e-06
2000 0.00011341440362926091
3000 2.5203200806502427e-05
4000 9.45120030243841e-06
5000 6.300800201625607e-06
7000 3.1504001008128034e-06
20000 3.465440110894084e-05
40000 9.45120030243841e-06
60000 3.1504001008128034e-06
80000 3.1504001008128034e-06
100000 3.1504001008128034e-06
180
1 5.0406401613004854e-05
10 2.5203200806502427e-05
20 2.5203200806502427e-05
30 9.45120030243841e-06
40 6.300800201625607e-06
50 3.1504001008128034e-06
60 6.300800201625607e-06
80 3.1504001008128034e-06
90 3.1504001008128034e-06
2000 6.930880221788168e-05
4000 3.1504001008128034e-06
20000 6.300800201625607e-06
40000 3.1504001008128034e-06
200
1 7.560960241950728e-05
10 3.150400100812803e-05
20 2.2052800705689623e-05
30 1.890240060487682e-05
40 1.5752000504064016e-05
60 3.1504001008128034e-06
80 3.1504001008128034e-06
90 3.1504001008128034e-06
2000 5.0406401613004854e-05
3000 3.1504001008128034e-06
4000 3.1504001008128034e-06
20000 6.300800201625607e-06
40000 3.1504001008128034e-06
60000 3.1504001008128034e-06
260
1 1.890240060487682e-05
10 1.2601600403251214e-05
20 4.725600151219205e-05
30 2.2052800705689623e-05
40 6.300800201625607e-06
50 6.300800201625607e-06
60 3.1504001008128034e-06
70 3.1504001008128034e-06
100 3.1504001008128034e-06
110 3.1504001008128034e-06
130 3.1504001008128034e-06
200 3.1504001008128034e-06
900 3.1504001008128034e-06
2000 4.725600151219205e-05
600000 3.1504001008128034e-06
32
1 8.821120282275849e-05
10 9.13616029235713e-05
20 8.191040262113288e-05
30 9.13616029235713e-05
40 4.095520131056644e-05
50 2.5203200806502427e-05
60 1.890240060487682e-05
70 6.300800201625607e-06
80 2.5203200806502427e-05
90 3.1504001008128034e-06
110 6.300800201625607e-06
120 9.45120030243841e-06
130 3.1504001008128034e-06
140 3.1504001008128034e-06
180 6.300800201625607e-06
190 3.1504001008128034e-06
300 9.45120030243841e-06
400 1.2601600403251214e-05
500 6.300800201625607e-06
600 9.45120030243841e-06
800 9.45120030243841e-06
900 3.1504001008128034e-06
1000 2.5203200806502427e-05
2000 5.0406401613004854e-05
3000 3.1504001008128034e-06
5000 3.1504001008128034e-06
9000 3.1504001008128034e-06
10000 3.1504001008128034e-06
20000 9.45120030243841e-06
40000 6.300800201625607e-06
5
1 0.0015342448490958352
10 0.0034811921113981474
20 0.0011782496377039885
30 0.0014460336462730767
40 0.0005292672169365509
50 0.0002898368092747779
60 0.00042530401360972846
70 0.00024258080776258585
80 0.00020162560645201942
90 0.00012916640413332493
100 0.00015121920483901456
110 0.00011656480373007372
120 0.00010081280322600971
130 4.725600151219205e-05
140 6.300800201625606e-05
150 5.0406401613004854e-05
160 4.095520131056644e-05
170 3.465440110894084e-05
180 6.615840211706886e-05
190 4.095520131056644e-05
200 0.00022367840715770902
300 0.00017642240564551699
400 0.00012601600403251212
500 0.00013861760443576335
600 0.00012286560393169932
700 7.560960241950728e-05
800 6.615840211706886e-05
900 5.6707201814630455e-05
1000 0.00027093440866990105
2000 0.0003024384096780291
3000 6.615840211706886e-05
4000 6.615840211706886e-05
5000 4.095520131056644e-05
6000 2.5203200806502427e-05
7000 6.300800201625607e-06
8000 6.300800201625607e-06
9000 1.890240060487682e-05
10000 1.2601600403251214e-05
20000 7.245920231869448e-05
40000 9.45120030243841e-06
60000 6.300800201625607e-06
80000 6.300800201625607e-06
100000 9.45120030243841e-06
200000 6.300800201625607e-06
300000 3.1504001008128034e-06
500000 3.1504001008128034e-06
20
1 0.00025833280826664985
10 0.00017327200554470419
20 0.00024258080776258585
30 0.00015436960493982736
40 5.985760191544326e-05
50 3.780480120975364e-05
60 7.876000252032008e-05
70 2.5203200806502427e-05
80 2.2052800705689623e-05
90 1.890240060487682e-05
100 6.300800201625607e-06
110 3.1504001008128034e-06
120 1.2601600403251214e-05
130 6.300800201625607e-06
140 1.2601600403251214e-05
150 3.1504001008128034e-06
170 3.1504001008128034e-06
200 9.45120030243841e-06
300 1.5752000504064016e-05
400 1.5752000504064016e-05
500 6.300800201625607e-06
600 1.2601600403251214e-05
700 6.300800201625607e-06
800 1.5752000504064016e-05
900 1.2601600403251214e-05
1000 2.8353600907315227e-05
2000 8.506080272194569e-05
3000 9.45120030243841e-06
4000 3.1504001008128034e-06
5000 6.300800201625607e-06
7000 9.45120030243841e-06
10000 3.1504001008128034e-06
20000 2.2052800705689623e-05
40000 1.2601600403251214e-05
60000 6.300800201625607e-06
18
1 0.0003024384096780291
10 0.0003024384096780291
20 0.0002772352088715267
30 0.00017327200554470419
40 7.245920231869448e-05
50 8.506080272194569e-05
60 4.725600151219205e-05
70 3.780480120975364e-05
80 3.150400100812803e-05
90 1.5752000504064016e-05
100 1.890240060487682e-05
110 9.45120030243841e-06
120 6.300800201625607e-06
130 1.5752000504064016e-05
140 6.300800201625607e-06
160 9.45120030243841e-06
170 3.1504001008128034e-06
190 3.1504001008128034e-06
200 1.2601600403251214e-05
300 6.300800201625607e-06
400 1.890240060487682e-05
600 1.2601600403251214e-05
700 1.2601600403251214e-05
800 3.1504001008128034e-06
900 2.2052800705689623e-05
1000 5.6707201814630455e-05
2000 0.00010711360342763531
3000 9.45120030243841e-06
4000 3.1504001008128034e-06
5000 3.1504001008128034e-06
7000 3.1504001008128034e-06
8000 3.1504001008128034e-06
9000 3.1504001008128034e-06
20000 1.5752000504064016e-05
40000 6.300800201625607e-06
60000 3.1504001008128034e-06
80000 3.1504001008128034e-06
100000 3.1504001008128034e-06
42
1 6.615840211706886e-05
10 6.930880221788168e-05
20 3.780480120975364e-05
30 4.725600151219205e-05
40 1.5752000504064016e-05
50 1.5752000504064016e-05
60 3.465440110894084e-05
70 1.5752000504064016e-05
80 6.300800201625607e-06
90 9.45120030243841e-06
100 3.1504001008128034e-06
110 3.1504001008128034e-06
120 3.1504001008128034e-06
130 3.1504001008128034e-06
160 3.1504001008128034e-06
300 3.1504001008128034e-06
500 6.300800201625607e-06
1000 3.1504001008128034e-06
2000 2.8353600907315227e-05
3000 6.300800201625607e-06
4000 3.1504001008128034e-06
5000 3.1504001008128034e-06
9000 3.1504001008128034e-06
20000 9.45120030243841e-06
60000 3.1504001008128034e-06
38
1 7.560960241950728e-05
10 6.930880221788168e-05
20 5.985760191544326e-05
30 5.0406401613004854e-05
40 1.890240060487682e-05
50 6.300800201625607e-06
60 3.1504001008128034e-06
70 3.1504001008128034e-06
80 1.5752000504064016e-05
110 3.1504001008128034e-06
120 3.1504001008128034e-06
140 3.1504001008128034e-06
170 3.1504001008128034e-06
190 3.1504001008128034e-06
200 3.1504001008128034e-06
300 6.300800201625607e-06
500 3.1504001008128034e-06
600 9.45120030243841e-06
700 3.1504001008128034e-06
900 3.1504001008128034e-06
1000 9.45120030243841e-06
2000 4.4105601411379246e-05
3000 9.45120030243841e-06
4000 3.1504001008128034e-06
5000 3.1504001008128034e-06
6000 9.45120030243841e-06
20000 6.300800201625607e-06
40000 3.1504001008128034e-06
80000 3.1504001008128034e-06
22
1 0.0002772352088715267
10 0.00017957280574632979
20 0.00016382080524226576
30 0.00010711360342763531
40 6.615840211706886e-05
50 3.780480120975364e-05
60 7.560960241950728e-05
70 2.8353600907315227e-05
80 3.150400100812803e-05
90 3.780480120975364e-05
100 6.300800201625607e-06
110 1.5752000504064016e-05
120 9.45120030243841e-06
140 3.1504001008128034e-06
150 1.2601600403251214e-05
160 3.1504001008128034e-06
170 1.5752000504064016e-05
180 9.45120030243841e-06
190 9.45120030243841e-06
200 1.2601600403251214e-05
300 2.2052800705689623e-05
400 9.45120030243841e-06
500 3.1504001008128034e-06
600 3.1504001008128034e-06
700 1.2601600403251214e-05
800 1.2601600403251214e-05
900 2.2052800705689623e-05
1000 3.150400100812803e-05
2000 6.615840211706886e-05
3000 6.300800201625607e-06
4000 6.300800201625607e-06
7000 3.1504001008128034e-06
8000 3.1504001008128034e-06
9000 3.1504001008128034e-06
10000 3.1504001008128034e-06
20000 1.890240060487682e-05
40000 9.45120030243841e-06
60000 6.300800201625607e-06
80000 3.1504001008128034e-06
200000 3.1504001008128034e-06
50
1 2.5203200806502427e-05
10 3.150400100812803e-05
30 6.300800201625607e-06
40 9.45120030243841e-06
50 3.1504001008128034e-06
60 6.300800201625607e-06
70 9.45120030243841e-06
90 3.1504001008128034e-06
110 3.1504001008128034e-06
200 3.1504001008128034e-06
300 3.1504001008128034e-06
2000 2.2052800705689623e-05
9000 3.1504001008128034e-06
20000 3.1504001008128034e-06
40000 6.300800201625607e-06
100000 3.1504001008128034e-06
7
1 0.0012255056392161804
10 0.0017642240564551697
20 0.0005481696175414278
30 0.0010427824333690378
40 0.0002614832083674627
50 0.00016067040514145296
60 0.0002835360090731523
70 0.00012601600403251212
80 0.00011656480373007372
90 7.560960241950728e-05
100 7.876000252032008e-05
110 2.8353600907315227e-05
120 3.465440110894084e-05
130 2.2052800705689623e-05
140 2.2052800705689623e-05
150 2.2052800705689623e-05
160 2.8353600907315227e-05
170 1.5752000504064016e-05
180 1.890240060487682e-05
190 2.8353600907315227e-05
200 5.0406401613004854e-05
300 8.191040262113288e-05
400 5.0406401613004854e-05
500 5.0406401613004854e-05
600 3.780480120975364e-05
700 5.0406401613004854e-05
800 2.8353600907315227e-05
900 1.890240060487682e-05
1000 8.191040262113288e-05
2000 0.00012916640413332493
3000 2.8353600907315227e-05
4000 1.2601600403251214e-05
5000 1.5752000504064016e-05
6000 9.45120030243841e-06
7000 3.1504001008128034e-06
8000 1.890240060487682e-05
9000 3.1504001008128034e-06
10000 9.45120030243841e-06
20000 6.300800201625606e-05
40000 1.2601600403251214e-05
60000 6.300800201625607e-06
80000 1.2601600403251214e-05
100000 3.1504001008128034e-06
200000 3.1504001008128034e-06
300000 3.1504001008128034e-06
26
1 0.00014176800453657615
10 0.00019847520635120662
20 0.00011026400352844811
30 6.300800201625606e-05
40 4.095520131056644e-05
50 2.2052800705689623e-05
60 1.890240060487682e-05
70 1.2601600403251214e-05
80 1.5752000504064016e-05
90 2.2052800705689623e-05
100 1.2601600403251214e-05
140 3.1504001008128034e-06
150 3.1504001008128034e-06
160 3.1504001008128034e-06
180 3.1504001008128034e-06
190 3.1504001008128034e-06
200 3.1504001008128034e-06
300 1.5752000504064016e-05
400 9.45120030243841e-06
500 6.300800201625607e-06
600 9.45120030243841e-06
700 9.45120030243841e-06
800 6.300800201625607e-06
900 9.45120030243841e-06
1000 1.5752000504064016e-05
2000 5.6707201814630455e-05
3000 3.1504001008128034e-06
4000 3.1504001008128034e-06
5000 6.300800201625607e-06
20000 1.5752000504064016e-05
40000 9.45120030243841e-06
600000 3.1504001008128034e-06
6
1 0.0011246928359901708
10 0.0031188960998046753
20 0.0007182912229853191
30 0.0011498960367966732
40 0.00034969441119022114
50 0.00023312960746014745
60 0.0002677840085690883
70 0.0001858736059479554
80 0.00010711360342763531
90 9.13616029235713e-05
100 8.191040262113288e-05
110 4.4105601411379246e-05
120 4.095520131056644e-05
130 3.150400100812803e-05
140 4.4105601411379246e-05
150 2.2052800705689623e-05
160 3.780480120975364e-05
170 2.8353600907315227e-05
180 6.300800201625607e-06
190 2.2052800705689623e-05
200 7.876000252032008e-05
300 6.300800201625606e-05
400 6.930880221788168e-05
500 5.3556801713817654e-05
600 7.876000252032008e-05
700 8.506080272194569e-05
800 6.300800201625606e-05
900 3.465440110894084e-05
1000 0.00017012160544389138
2000 0.00025833280826664985
3000 4.725600151219205e-05
4000 2.8353600907315227e-05
5000 2.8353600907315227e-05
6000 1.2601600403251214e-05
7000 6.300800201625607e-06
8000 9.45120030243841e-06
9000 1.890240060487682e-05
10000 6.300800201625607e-06
20000 5.985760191544326e-05
40000 3.150400100812803e-05
60000 2.2052800705689623e-05
80000 3.1504001008128034e-06
100000 3.1504001008128034e-06
300000 3.1504001008128034e-06
10
1 0.0011467456366958603
10 0.0012097536387121164
20 0.00045365761451704364
30 0.0009041648289332745
40 0.0002961376094764035
50 0.00014806880473820175
60 0.000192174406149581
70 0.00011656480373007372
80 8.506080272194569e-05
90 9.45120030243841e-05
100 2.2052800705689623e-05
110 2.5203200806502427e-05
120 2.8353600907315227e-05
130 3.465440110894084e-05
140 2.2052800705689623e-05
150 1.2601600403251214e-05
160 2.8353600907315227e-05
170 1.5752000504064016e-05
180 1.5752000504064016e-05
190 6.300800201625607e-06
200 6.300800201625606e-05
300 8.821120282275849e-05
400 5.3556801713817654e-05
500 1.5752000504064016e-05
600 3.780480120975364e-05
700 4.725600151219205e-05
800 3.150400100812803e-05
900 3.780480120975364e-05
1000 0.00011656480373007372
2000 0.00022052800705689622
3000 2.2052800705689623e-05
4000 3.150400100812803e-05
5000 2.5203200806502427e-05
6000 1.2601600403251214e-05
7000 1.2601600403251214e-05
8000 3.1504001008128034e-06
9000 3.1504001008128034e-06
20000 7.876000252032008e-05
40000 1.890240060487682e-05
60000 9.45120030243841e-06
80000 6.300800201625607e-06
100000 9.45120030243841e-06
200000 3.1504001008128034e-06
2800
1 3.1504001008128034e-06
2000 3.1504001008128034e-06
1050
10 1.2601600403251214e-05
20 3.1504001008128034e-06
700 3.1504001008128034e-06
1000 3.1504001008128034e-06
2000 1.2601600403251214e-05
10200
1 3.1504001008128034e-06
20 3.1504001008128034e-06
3400
2000 3.1504001008128034e-06
20000 3.1504001008128034e-06
1550
1 3.1504001008128034e-06
20 3.1504001008128034e-06
2000 6.300800201625607e-06
420
1 1.5752000504064016e-05
10 9.45120030243841e-06
30 3.1504001008128034e-06
80 3.1504001008128034e-06
90 3.1504001008128034e-06
2000 2.2052800705689623e-05
5000 3.1504001008128034e-06
20000 3.1504001008128034e-06
2550
2000 6.300800201625607e-06
36
1 8.821120282275849e-05
10 7.560960241950728e-05
20 5.0406401613004854e-05
30 4.725600151219205e-05
40 3.150400100812803e-05
50 2.2052800705689623e-05
60 1.890240060487682e-05
70 9.45120030243841e-06
80 1.5752000504064016e-05
90 1.2601600403251214e-05
100 6.300800201625607e-06
110 3.1504001008128034e-06
150 3.1504001008128034e-06
300 6.300800201625607e-06
500 3.1504001008128034e-06
800 6.300800201625607e-06
1000 9.45120030243841e-06
2000 5.0406401613004854e-05
3000 3.1504001008128034e-06
5000 3.1504001008128034e-06
20000 6.300800201625607e-06
40000 3.1504001008128034e-06
80000 3.1504001008128034e-06
44
1 9.76624031251969e-05
10 4.4105601411379246e-05
20 3.465440110894084e-05
30 4.725600151219205e-05
40 2.8353600907315227e-05
50 1.2601600403251214e-05
60 3.150400100812803e-05
70 9.45120030243841e-06
80 9.45120030243841e-06
90 3.1504001008128034e-06
100 3.1504001008128034e-06
110 3.1504001008128034e-06
140 3.1504001008128034e-06
2000 3.465440110894084e-05
5000 3.1504001008128034e-06
10000 6.300800201625607e-06
40000 3.1504001008128034e-06
60000 6.300800201625607e-06
500000 3.1504001008128034e-06
550
1 1.890240060487682e-05
10 6.300800201625607e-06
20 6.300800201625607e-06
200 3.1504001008128034e-06
2000 2.8353600907315227e-05
5000 3.1504001008128034e-06
10000 3.1504001008128034e-06
20000 3.1504001008128034e-06
40000 3.1504001008128034e-06
500000 3.1504001008128034e-06
380
1 9.45120030243841e-06
10 9.45120030243841e-06
20 3.1504001008128034e-06
40 6.300800201625607e-06
100 3.1504001008128034e-06
120 3.1504001008128034e-06
2000 1.2601600403251214e-05
1300
1 1.2601600403251214e-05
30 6.300800201625607e-06
40 3.1504001008128034e-06
2000 1.2601600403251214e-05
650
1 6.300800201625607e-06
20 3.1504001008128034e-06
160 3.1504001008128034e-06
2000 2.5203200806502427e-05
20000 3.1504001008128034e-06
1600000 3.1504001008128034e-06
900
1 1.5752000504064016e-05
20 3.1504001008128034e-06
200 3.1504001008128034e-06
800 3.1504001008128034e-06
2000 1.2601600403251214e-05
40000 3.1504001008128034e-06
11400
1 3.1504001008128034e-06
2000 3.1504001008128034e-06
4350
1 3.1504001008128034e-06
2000 6.300800201625607e-06
1000
1 3.1504001008128034e-06
2000 1.2601600403251214e-05
3000 3.1504001008128034e-06
3500
20 3.1504001008128034e-06
950
30 3.1504001008128034e-06
40 6.300800201625607e-06
700 3.1504001008128034e-06
2000 1.890240060487682e-05
440
1 2.2052800705689623e-05
10 3.1504001008128034e-06
20 3.1504001008128034e-06
30 6.300800201625607e-06
80 3.1504001008128034e-06
2000 1.890240060487682e-05
1800
1 1.5752000504064016e-05
2000 6.300800201625607e-06
34
1 9.76624031251969e-05
10 5.985760191544326e-05
20 4.095520131056644e-05
30 5.3556801713817654e-05
40 2.8353600907315227e-05
50 3.780480120975364e-05
60 1.890240060487682e-05
70 1.2601600403251214e-05
80 3.1504001008128034e-06
90 1.2601600403251214e-05
100 6.300800201625607e-06
120 3.1504001008128034e-06
130 9.45120030243841e-06
170 3.1504001008128034e-06
180 3.1504001008128034e-06
190 3.1504001008128034e-06
200 9.45120030243841e-06
300 3.1504001008128034e-06
400 9.45120030243841e-06
500 6.300800201625607e-06
600 3.1504001008128034e-06
700 3.1504001008128034e-06
800 6.300800201625607e-06
900 3.1504001008128034e-06
1000 6.300800201625607e-06
2000 4.725600151219205e-05
3000 3.1504001008128034e-06
5000 3.1504001008128034e-06
7000 6.300800201625607e-06
20000 1.5752000504064016e-05
40000 3.1504001008128034e-06
80000 3.1504001008128034e-06
100000 6.300800201625607e-06
200000 3.1504001008128034e-06
1150
10 3.1504001008128034e-06
20 3.1504001008128034e-06
2000 1.890240060487682e-05
1100
1 6.300800201625607e-06
20 3.1504001008128034e-06
100 3.1504001008128034e-06
2000 6.300800201625607e-06
20000 6.300800201625607e-06
60000 3.1504001008128034e-06
30400
2000 3.1504001008128034e-06
14
1 0.0006993888223804423
10 0.0004914624157267973
20 0.00042845441371054124
30 0.00034654401108940837
40 0.00022682880725852182
50 7.560960241950728e-05
60 0.00010711360342763531
70 6.300800201625606e-05
80 5.985760191544326e-05
90 2.8353600907315227e-05
100 2.5203200806502427e-05
110 2.2052800705689623e-05
120 9.45120030243841e-06
130 2.2052800705689623e-05
140 3.1504001008128034e-06
160 9.45120030243841e-06
170 9.45120030243841e-06
180 3.1504001008128034e-06
190 1.5752000504064016e-05
200 2.5203200806502427e-05
300 2.5203200806502427e-05
400 3.150400100812803e-05
500 1.2601600403251214e-05
600 2.8353600907315227e-05
700 1.2601600403251214e-05
800 2.2052800705689623e-05
900 9.45120030243841e-06
1000 2.8353600907315227e-05
2000 0.00014806880473820175
3000 1.5752000504064016e-05
4000 9.45120030243841e-06
5000 3.1504001008128034e-06
6000 3.1504001008128034e-06
7000 6.300800201625607e-06
9000 6.300800201625607e-06
10000 3.1504001008128034e-06
20000 4.095520131056644e-05
40000 3.1504001008128034e-06
60000 9.45120030243841e-06
80000 6.300800201625607e-06
300000 3.1504001008128034e-06
220
1 2.8353600907315227e-05
10 9.45120030243841e-06
20 5.985760191544326e-05
30 1.5752000504064016e-05
40 9.45120030243841e-06
50 3.1504001008128034e-06
60 6.300800201625607e-06
70 3.1504001008128034e-06
80 3.1504001008128034e-06
120 3.1504001008128034e-06
700 3.1504001008128034e-06
2000 5.0406401613004854e-05
3000 3.1504001008128034e-06
6000 3.1504001008128034e-06
100000 3.1504001008128034e-06
120
1 0.00010081280322600971
10 7.876000252032008e-05
20 5.6707201814630455e-05
30 0.00010396320332682251
40 2.2052800705689623e-05
50 1.5752000504064016e-05
60 6.300800201625607e-06
80 9.45120030243841e-06
90 1.2601600403251214e-05
100 3.1504001008128034e-06
110 3.1504001008128034e-06
120 3.1504001008128034e-06
130 3.1504001008128034e-06
140 3.1504001008128034e-06
200 3.1504001008128034e-06
300 1.5752000504064016e-05
400 9.45120030243841e-06
600 3.1504001008128034e-06
1000 9.45120030243841e-06
2000 5.3556801713817654e-05
3000 6.300800201625607e-06
4000 6.300800201625607e-06
6000 3.1504001008128034e-06
10000 3.1504001008128034e-06
20000 9.45120030243841e-06
60000 3.1504001008128034e-06
100000 1.890240060487682e-05
160
1 3.780480120975364e-05
10 2.5203200806502427e-05
20 2.5203200806502427e-05
30 6.300800201625607e-06
40 9.45120030243841e-06
50 9.45120030243841e-06
60 3.1504001008128034e-06
70 9.45120030243841e-06
80 6.300800201625607e-06
100 3.1504001008128034e-06
200 3.1504001008128034e-06
300 9.45120030243841e-06
1000 3.1504001008128034e-06
2000 5.0406401613004854e-05
3000 6.300800201625607e-06
5000 3.1504001008128034e-06
20000 1.5752000504064016e-05
60000 3.1504001008128034e-06
24
1 0.0001827232058471426
10 0.0002488816079642115
20 0.00015752000504064016
30 9.13616029235713e-05
40 5.985760191544326e-05
50 3.465440110894084e-05
60 4.095520131056644e-05
70 1.890240060487682e-05
80 1.890240060487682e-05
90 1.5752000504064016e-05
100 6.300800201625607e-06
110 6.300800201625607e-06
120 6.300800201625607e-06
140 3.1504001008128034e-06
160 9.45120030243841e-06
170 3.1504001008128034e-06
190 3.1504001008128034e-06
200 6.300800201625607e-06
300 3.1504001008128034e-06
400 3.1504001008128034e-06
500 1.2601600403251214e-05
600 1.5752000504064016e-05
700 9.45120030243841e-06
800 6.300800201625607e-06
900 1.2601600403251214e-05
1000 1.890240060487682e-05
2000 6.615840211706886e-05
4000 3.1504001008128034e-06
5000 3.1504001008128034e-06
6000 3.1504001008128034e-06
8000 3.1504001008128034e-06
10000 3.1504001008128034e-06
20000 2.2052800705689623e-05
40000 6.300800201625607e-06
60000 6.300800201625607e-06
3
1 0.005699073782370361
10 0.01113666435637326
20 0.0035442001134144037
30 0.0032953185054501923
40 0.0015625984500031503
50 0.0009230672295381514
60 0.0011908512381072396
70 0.0007182912229853191
80 0.0006521328208682503
90 0.0005387184172389893
100 0.00043160481381135406
110 0.0003717472118959108
120 0.00021422720685527062
130 0.00016382080524226576
140 0.00021737760695608342
150 0.00014806880473820175
160 0.00016067040514145296
170 0.00010396320332682251
180 0.00011341440362926091
190 0.00017012160544389138
200 0.000560771217944679
300 0.0006489824207674375
400 0.0004788608153235461
500 0.0003938000126016004
600 0.000400100812803226
700 0.0002929872093755907
800 0.0002740848087707139
900 0.00023312960746014745
1000 0.0008222544263121416
2000 0.0010333312330665994
3000 0.0002614832083674627
4000 0.00017642240564551699
5000 6.930880221788168e-05
6000 5.985760191544326e-05
7000 2.2052800705689623e-05
8000 3.780480120975364e-05
9000 3.465440110894084e-05
10000 9.45120030243841e-06
20000 0.00014491840463738895
40000 5.3556801713817654e-05
60000 2.2052800705689623e-05
80000 1.5752000504064016e-05
100000 1.890240060487682e-05
200000 6.300800201625607e-06
300000 3.1504001008128034e-06
500000 3.1504001008128034e-06
1300000 3.1504001008128034e-06
3550
1 3.1504001008128034e-06
2000 6.300800201625607e-06
11200
1 3.1504001008128034e-06
40000 3.1504001008128034e-06
480
1 3.1504001008128034e-06
20 3.1504001008128034e-06
60 3.1504001008128034e-06
130 3.1504001008128034e-06
2000 2.2052800705689623e-05
4000 3.1504001008128034e-06
9400
2000 3.1504001008128034e-06
12
1 0.0008726608279251464
10 0.0007466448238926343
20 0.0003339424106861571
30 0.0005954256190536198
40 0.0002866864091739651
50 9.76624031251969e-05
60 0.00013231680423413773
70 7.245920231869448e-05
80 6.300800201625606e-05
90 5.6707201814630455e-05
100 3.150400100812803e-05
110 1.890240060487682e-05
120 6.300800201625607e-06
130 1.5752000504064016e-05
140 1.890240060487682e-05
150 6.300800201625607e-06
160 1.5752000504064016e-05
170 1.2601600403251214e-05
180 1.2601600403251214e-05
190 1.5752000504064016e-05
200 2.2052800705689623e-05
300 2.5203200806502427e-05
400 3.465440110894084e-05
500 2.2052800705689623e-05
600 1.5752000504064016e-05
700 2.8353600907315227e-05
800 2.2052800705689623e-05
900 1.2601600403251214e-05
1000 7.245920231869448e-05
2000 0.0001827232058471426
3000 2.8353600907315227e-05
4000 1.890240060487682e-05
5000 9.45120030243841e-06
7000 6.300800201625607e-06
8000 9.45120030243841e-06
9000 3.1504001008128034e-06
10000 6.300800201625607e-06
20000 3.780480120975364e-05
40000 1.890240060487682e-05
60000 1.2601600403251214e-05
80000 1.2601600403251214e-05
500000 3.1504001008128034e-06
1850
1 2.2052800705689623e-05
800 3.1504001008128034e-06
1750
1 9.45120030243841e-06
2000 6.300800201625607e-06
16
1 0.0004190032134081028
10 0.00033709281078696994
20 0.00034339361098859554
30 0.0001827232058471426
40 0.00016697120534307856
50 7.245920231869448e-05
60 0.00011341440362926091
70 5.6707201814630455e-05
80 4.725600151219205e-05
90 3.780480120975364e-05
100 1.890240060487682e-05
110 9.45120030243841e-06
120 3.1504001008128034e-06
130 3.1504001008128034e-06
160 1.2601600403251214e-05
170 3.1504001008128034e-06
180 3.1504001008128034e-06
190 6.300800201625607e-06
200 2.2052800705689623e-05
300 2.8353600907315227e-05
400 1.5752000504064016e-05
500 9.45120030243841e-06
600 9.45120030243841e-06
700 2.8353600907315227e-05
800 3.1504001008128034e-06
900 9.45120030243841e-06
1000 1.5752000504064016e-05
2000 6.300800201625606e-05
3000 1.2601600403251214e-05
4000 1.2601600403251214e-05
6000 3.1504001008128034e-06
7000 6.300800201625607e-06
9000 3.1504001008128034e-06
10000 3.1504001008128034e-06
20000 4.725600151219205e-05
40000 9.45120030243841e-06
80000 3.1504001008128034e-06
300000 3.1504001008128034e-06
40800
2000 6.300800201625607e-06
19000
2000 3.1504001008128034e-06
2400
1 3.1504001008128034e-06
2000 9.45120030243841e-06
8
1 0.001603553651313717
10 0.0016760128536324112
20 0.0005229664167349254
30 0.0011404448364942348
40 0.00023312960746014745
50 0.00017327200554470419
60 0.00023628000756096025
70 9.45120030243841e-05
80 9.45120030243841e-05
90 3.150400100812803e-05
100 4.725600151219205e-05
110 1.890240060487682e-05
120 3.780480120975364e-05
130 1.2601600403251214e-05
140 3.465440110894084e-05
150 6.300800201625607e-06
160 1.890240060487682e-05
170 9.45120030243841e-06
180 1.2601600403251214e-05
190 2.2052800705689623e-05
200 7.560960241950728e-05
300 3.780480120975364e-05
400 4.4105601411379246e-05
500 2.8353600907315227e-05
600 5.3556801713817654e-05
700 4.725600151219205e-05
800 4.725600151219205e-05
900 4.725600151219205e-05
1000 9.76624031251969e-05
2000 0.00020477600655283222
3000 2.8353600907315227e-05
4000 2.2052800705689623e-05
5000 2.5203200806502427e-05
6000 1.2601600403251214e-05
8000 3.1504001008128034e-06
9000 6.300800201625607e-06
10000 3.1504001008128034e-06
20000 4.4105601411379246e-05
40000 6.300800201625607e-06
60000 3.1504001008128034e-06
80000 3.1504001008128034e-06
100000 6.300800201625607e-06
1400
2000 3.150400100812803e-05
2300
1 3.1504001008128034e-06
2000 9.45120030243841e-06
2250
1 3.1504001008128034e-06
2000 9.45120030243841e-06
2350
60 3.1504001008128034e-06
2000 6.300800201625607e-06
20000 3.1504001008128034e-06
1900
1 6.300800201625607e-06
2000 9.45120030243841e-06
2750
1 3.1504001008128034e-06
280
1 3.150400100812803e-05
10 3.1504001008128034e-06
20 6.300800201625607e-06
30 3.1504001008128034e-06
50 3.1504001008128034e-06
70 3.1504001008128034e-06
80 3.1504001008128034e-06
90 3.1504001008128034e-06
2000 4.4105601411379246e-05
4000 3.1504001008128034e-06
20000 3.1504001008128034e-06
600
1 6.300800201625607e-06
80 3.1504001008128034e-06
130 3.1504001008128034e-06
200 3.1504001008128034e-06
2000 4.095520131056644e-05
20000 3.1504001008128034e-06
3600
30 3.1504001008128034e-06
2000 3.1504001008128034e-06
400
1 1.2601600403251214e-05
20 6.300800201625607e-06
70 3.1504001008128034e-06
90 3.1504001008128034e-06
2000 1.890240060487682e-05
20000 3.1504001008128034e-06
46
1 7.245920231869448e-05
10 7.245920231869448e-05
20 2.5203200806502427e-05
30 3.150400100812803e-05
40 1.5752000504064016e-05
50 3.1504001008128034e-06
60 9.45120030243841e-06
70 6.300800201625607e-06
80 9.45120030243841e-06
90 1.2601600403251214e-05
100 3.1504001008128034e-06
120 3.1504001008128034e-06
190 3.1504001008128034e-06
400 3.1504001008128034e-06
700 6.300800201625607e-06
900 3.1504001008128034e-06
1000 6.300800201625607e-06
2000 4.4105601411379246e-05
5000 3.1504001008128034e-06
6000 6.300800201625607e-06
10000 3.1504001008128034e-06
20000 6.300800201625607e-06
40000 6.300800201625607e-06
3200
1 3.1504001008128034e-06
2000 6.300800201625607e-06
3150
40000 3.1504001008128034e-06
1950
1 3.1504001008128034e-06
2000 3.1504001008128034e-06
700
1 3.1504001008128034e-06
10 6.300800201625607e-06
40 3.1504001008128034e-06
2000 1.5752000504064016e-05
8000 3.1504001008128034e-06
4700
10 3.1504001008128034e-06
2650
200 3.1504001008128034e-06
2000 6.300800201625607e-06
48
1 7.245920231869448e-05
10 5.6707201814630455e-05
20 2.5203200806502427e-05
30 2.2052800705689623e-05
40 2.2052800705689623e-05
50 1.2601600403251214e-05
60 1.890240060487682e-05
90 6.300800201625607e-06
110 3.1504001008128034e-06
130 3.1504001008128034e-06
300 3.1504001008128034e-06
400 3.1504001008128034e-06
500 3.1504001008128034e-06
700 3.1504001008128034e-06
2000 2.8353600907315227e-05
5000 3.1504001008128034e-06
20000 3.1504001008128034e-06
40000 3.1504001008128034e-06
100000 6.300800201625607e-06
1700
1 3.1504001008128034e-06
2000 3.1504001008128034e-06
6800
2000 3.1504001008128034e-06
2150
2000 6.300800201625607e-06
40000 3.1504001008128034e-06
25200
1 3.1504001008128034e-06
4300
2000 6.300800201625607e-06
5800
2000 3.1504001008128034e-06
100000 3.1504001008128034e-06
4600
20000 3.1504001008128034e-06
1450
1 6.300800201625607e-06
2000 6.300800201625607e-06
1600
2000 9.45120030243841e-06
2100
2000 6.300800201625607e-06
2200
10 3.1504001008128034e-06
2000 3.1504001008128034e-06
750
200 3.1504001008128034e-06
2000 2.2052800705689623e-05
3750
2000 3.1504001008128034e-06
460
30 3.1504001008128034e-06
70 3.1504001008128034e-06
2000 1.2601600403251214e-05
900000 3.1504001008128034e-06
2000
2000 9.45120030243841e-06
3350
2000 3.1504001008128034e-06
2500
2000 6.300800201625607e-06
2700
10 3.1504001008128034e-06
2000 6.300800201625607e-06
1500
2000 3.1504001008128034e-06
4250
1 3.1504001008128034e-06
2900
2000 3.1504001008128034e-06
4450
2000 3.1504001008128034e-06
2050
2000 3.1504001008128034e-06
2450
2000 3.1504001008128034e-06
