120
10 7.427014726284799e-06
20 2.97080589051392e-06
400 1.48540294525696e-06
500 1.48540294525696e-06
1000 0.0028029553576998834
2000 4.0105879521937915e-05
5000 1.48540294525696e-06
18
1 4.456208835770879e-06
10 7.427014726284799e-06
20 1.48540294525696e-06
300 1.48540294525696e-06
1000 0.019096340264223476
2000 0.0003654091245332121
240
10 5.94161178102784e-06
500 1.48540294525696e-06
1000 0.00059119037221227
2000 1.0397820616798718e-05
60
1 1.48540294525696e-06
10 1.633943239782656e-05
20 2.97080589051392e-06
30 5.94161178102784e-06
50 1.48540294525696e-06
170 1.48540294525696e-06
200 1.48540294525696e-06
300 1.48540294525696e-06
400 1.48540294525696e-06
1000 0.010179466383845946
2000 0.00011289062383952894
3000 1.48540294525696e-06
5000 2.97080589051392e-06
20000 1.48540294525696e-06
16
1 4.456208835770879e-06
10 4.456208835770879e-06
30 1.48540294525696e-06
130 2.97080589051392e-06
500 1.48540294525696e-06
900 1.48540294525696e-06
1000 0.02212804767549293
2000 0.000368379930423726
340
10 1.48540294525696e-06
1000 0.0003951171834383513
2000 7.427014726284799e-06
12
1 2.97080589051392e-06
10 1.188322356205568e-05
20 1.48540294525696e-06
70 1.48540294525696e-06
90 1.48540294525696e-06
120 1.48540294525696e-06
130 1.48540294525696e-06
300 1.48540294525696e-06
400 1.48540294525696e-06
600 4.456208835770879e-06
900 2.97080589051392e-06
1000 0.032817007269562014
2000 0.0005332596573472486
9000 1.48540294525696e-06
32
10 4.456208835770879e-06
400 1.48540294525696e-06
1000 0.006921977724897433
2000 0.00010694901205850111
7000 1.48540294525696e-06
600
10 1.48540294525696e-06
1000 0.00021538342706225918
2000 4.456208835770879e-06
28
1 2.97080589051392e-06
10 5.94161178102784e-06
30 1.48540294525696e-06
90 2.97080589051392e-06
120 1.48540294525696e-06
150 1.48540294525696e-06
200 1.48540294525696e-06
1000 0.009265943572512916
2000 0.0001559673092519808
22
1 4.456208835770879e-06
10 4.456208835770879e-06
20 1.48540294525696e-06
1000 0.014270266095083613
2000 0.00023766447124111357
360
1000 0.000369865333368983
2000 7.427014726284799e-06
6
1 1.0397820616798718e-05
10 0.00012477384740158462
20 1.48540294525696e-06
30 2.97080589051392e-06
40 1.48540294525696e-06
60 1.48540294525696e-06
90 1.48540294525696e-06
110 1.48540294525696e-06
200 1.48540294525696e-06
600 2.97080589051392e-06
1000 0.04015786862502191
2000 0.0009090666024972595
3000 1.48540294525696e-06
6000 1.48540294525696e-06
9000 1.48540294525696e-06
40
10 1.4854029452569598e-05
20 4.456208835770879e-06
30 1.48540294525696e-06
200 1.48540294525696e-06
300 2.97080589051392e-06
400 1.48540294525696e-06
700 1.48540294525696e-06
1000 0.011199938207237477
2000 0.00016339432397826558
7000 1.48540294525696e-06
30
10 8.912417671541759e-06
1000 0.00790085826582177
2000 0.00010991981794901503
180
10 7.427014726284799e-06
20 1.48540294525696e-06
170 1.48540294525696e-06
1000 0.0010308696440083302
2000 2.376644712411136e-05
14
10 5.94161178102784e-06
20 4.456208835770879e-06
30 2.97080589051392e-06
130 1.48540294525696e-06
300 1.48540294525696e-06
500 1.48540294525696e-06
1000 0.02665852665852666
2000 0.0004367084659055462
7000 1.48540294525696e-06
9000 1.48540294525696e-06
320
1000 0.00042779604823400445
2000 1.188322356205568e-05
400
1000 0.0002703433360367667
2000 7.427014726284799e-06
20000 1.48540294525696e-06
467600
10 1.48540294525696e-06
80200
10 1.48540294525696e-06
439600
10 1.48540294525696e-06
230400
10 1.48540294525696e-06
1700
1000 4.456208835770879e-06
2000 1.48540294525696e-06
42
10 1.48540294525696e-06
300 1.48540294525696e-06
1000 0.003111919170313331
2000 3.862047657668096e-05
27200
10 1.48540294525696e-06
46000
10 1.48540294525696e-06
24
1 2.97080589051392e-06
20 1.48540294525696e-06
1000 0.012553140290366568
2000 0.00023617906829585662
550
10 2.97080589051392e-06
20 1.48540294525696e-06
1000 0.0002926243802156211
2000 1.48540294525696e-06
10000 1.48540294525696e-06
2300
2000 1.48540294525696e-06
23000
10 1.48540294525696e-06
800
1 1.48540294525696e-06
10 1.48540294525696e-06
1000 9.803659438695935e-05
2000 7.427014726284799e-06
1850
1000 2.97080589051392e-06
2000 1.48540294525696e-06
1550
1000 2.97080589051392e-06
2000 2.97080589051392e-06
2000
10 2.97080589051392e-06
1000 1.48540294525696e-06
2000 4.456208835770879e-06
2100
10 1.48540294525696e-06
1000 1.48540294525696e-06
2000 2.97080589051392e-06
100
10 1.3368626507312639e-05
30 2.97080589051392e-06
100 1.48540294525696e-06
700 2.97080589051392e-06
1000 0.004084858099456639
2000 6.238692370079231e-05
20000 1.48540294525696e-06
8
1 4.456208835770879e-06
10 4.4562088357708795e-05
20 2.97080589051392e-06
30 2.97080589051392e-06
50 1.48540294525696e-06
90 2.97080589051392e-06
100 1.48540294525696e-06
300 2.97080589051392e-06
500 1.48540294525696e-06
1000 0.0289935800884706
2000 0.0005525698956355891
4000 1.48540294525696e-06
5000 1.48540294525696e-06
1900
10 1.48540294525696e-06
2000 1.48540294525696e-06
2250
10 1.48540294525696e-06
220
10 1.48540294525696e-06
1000 0.0006996247872160281
2000 1.4854029452569598e-05
700
10 1.0397820616798718e-05
1000 0.00013517166801838335
2000 8.912417671541759e-06
80
10 8.912417671541759e-06
20 2.97080589051392e-06
30 1.48540294525696e-06
70 1.48540294525696e-06
600 1.48540294525696e-06
1000 0.006348612188028247
2000 6.238692370079231e-05
46
20 1.48540294525696e-06
40 1.48540294525696e-06
1000 0.0024509148596739837
2000 3.267886479565312e-05
3000 1.48540294525696e-06
20
1 5.94161178102784e-06
10 2.97080589051392e-06
30 1.48540294525696e-06
110 1.48540294525696e-06
120 1.48540294525696e-06
1000 0.01691131253175049
2000 0.0003074784096681907
6000 1.48540294525696e-06
7000 1.48540294525696e-06
1250
10 2.97080589051392e-06
1000 1.3368626507312639e-05
2000 1.48540294525696e-06
300
120 1.48540294525696e-06
1000 0.00043076685412451836
2000 7.427014726284799e-06
3
1 4.0105879521937915e-05
10 8.318256493438975e-05
20 2.0795641233597436e-05
30 2.97080589051392e-06
40 1.48540294525696e-06
50 1.48540294525696e-06
60 1.48540294525696e-06
80 1.48540294525696e-06
90 8.912417671541759e-06
100 1.48540294525696e-06
110 1.48540294525696e-06
120 2.97080589051392e-06
160 1.48540294525696e-06
170 1.48540294525696e-06
180 1.48540294525696e-06
200 2.97080589051392e-06
300 2.97080589051392e-06
400 1.48540294525696e-06
700 1.48540294525696e-06
900 5.94161178102784e-06
1000 0.09524552225282153
2000 0.0028683130872911894
5000 2.97080589051392e-06
6000 1.48540294525696e-06
7000 1.48540294525696e-06
8000 1.48540294525696e-06
9000 1.48540294525696e-06
48
10 2.97080589051392e-06
300 1.48540294525696e-06
1000 0.002187998538363502
2000 3.416426774091008e-05
34
90 1.48540294525696e-06
300 1.48540294525696e-06
1000 0.005803469307118942
2000 9.952199733221631e-05
20000 1.48540294525696e-06
420
10 1.48540294525696e-06
1000 0.0002183542329527731
2000 8.912417671541759e-06
260
10 1.48540294525696e-06
1000 0.00046790192775594233
2000 1.3368626507312639e-05
36
10 1.48540294525696e-06
20 1.48540294525696e-06
30 2.97080589051392e-06
130 1.48540294525696e-06
1000 0.0049864976872276146
2000 7.129934137233407e-05
4
1 2.9708058905139197e-05
10 0.0002911389772703641
20 2.376644712411136e-05
30 2.97080589051392e-06
40 7.427014726284799e-06
50 2.97080589051392e-06
70 1.48540294525696e-06
90 1.48540294525696e-06
110 2.97080589051392e-06
140 2.97080589051392e-06
170 1.48540294525696e-06
190 1.48540294525696e-06
200 1.48540294525696e-06
300 5.94161178102784e-06
500 5.94161178102784e-06
600 2.97080589051392e-06
700 2.97080589051392e-06
800 4.456208835770879e-06
900 1.48540294525696e-06
1000 0.06585979578680308
2000 0.0018745785169142833
3000 2.97080589051392e-06
4000 1.48540294525696e-06
5000 1.48540294525696e-06
6000 1.48540294525696e-06
7000 2.97080589051392e-06
20000 1.48540294525696e-06
26
1 1.48540294525696e-06
10 2.97080589051392e-06
20 1.48540294525696e-06
30 1.48540294525696e-06
150 1.48540294525696e-06
1000 0.01096375913894162
2000 0.00019904399466443262
7
1 1.0397820616798718e-05
10 1.931023828834048e-05
20 2.97080589051392e-06
50 1.48540294525696e-06
90 1.48540294525696e-06
140 1.48540294525696e-06
170 1.48540294525696e-06
400 2.97080589051392e-06
500 1.48540294525696e-06
600 1.48540294525696e-06
1000 0.03309477762032507
2000 0.0006907123695444864
4000 1.48540294525696e-06
5000 1.48540294525696e-06
20000 1.48540294525696e-06
380
1000 0.00032678864795653115
2000 8.912417671541759e-06
10
1 2.97080589051392e-06
10 2.2281044178854398e-05
20 4.456208835770879e-06
40 1.48540294525696e-06
80 1.48540294525696e-06
90 1.48540294525696e-06
120 2.97080589051392e-06
190 1.48540294525696e-06
400 1.48540294525696e-06
500 2.97080589051392e-06
700 1.48540294525696e-06
900 1.48540294525696e-06
1000 0.04138926766663993
2000 0.0007159642196138547
4000 2.97080589051392e-06
5000 1.48540294525696e-06
7000 1.48540294525696e-06
9
1 1.48540294525696e-06
10 2.0795641233597436e-05
20 5.94161178102784e-06
60 1.48540294525696e-06
130 1.48540294525696e-06
300 1.48540294525696e-06
1000 0.025054291477649142
2000 0.00046790192775594233
6000 1.48540294525696e-06
20000 1.48540294525696e-06
160
10 1.0397820616798718e-05
50 1.48540294525696e-06
100 1.48540294525696e-06
200 1.48540294525696e-06
600 1.48540294525696e-06
1000 0.0015611584954650648
2000 4.0105879521937915e-05
650
10 2.97080589051392e-06
1000 0.00016042351808775166
2000 5.94161178102784e-06
5
1 1.3368626507312639e-05
10 5.3474506029250556e-05
20 8.912417671541759e-06
30 4.456208835770879e-06
40 2.97080589051392e-06
60 1.48540294525696e-06
300 1.48540294525696e-06
400 1.48540294525696e-06
500 2.97080589051392e-06
800 1.48540294525696e-06
900 2.97080589051392e-06
1000 0.050108582955298284
2000 0.0012254574298369918
3000 1.48540294525696e-06
8000 1.48540294525696e-06
20000 2.97080589051392e-06
1200
10 1.48540294525696e-06
700 1.48540294525696e-06
1000 2.0795641233597436e-05
2000 1.48540294525696e-06
10000 1.48540294525696e-06
2
1 0.000147054891580439
10 0.0008169716198913279
20 1.188322356205568e-05
30 1.188322356205568e-05
40 4.456208835770879e-06
50 2.97080589051392e-06
60 2.97080589051392e-06
70 2.97080589051392e-06
80 1.48540294525696e-06
90 1.0397820616798718e-05
100 1.48540294525696e-06
110 1.48540294525696e-06
120 5.94161178102784e-06
130 1.48540294525696e-06
170 1.48540294525696e-06
190 1.48540294525696e-06
200 4.456208835770879e-06
300 2.0795641233597436e-05
400 1.188322356205568e-05
500 7.427014726284799e-06
600 1.7824835343083517e-05
700 1.48540294525696e-06
800 5.94161178102784e-06
900 1.48540294525696e-06
1000 0.16124494591647875
2000 0.004924110763526822
3000 7.427014726284799e-06
4000 5.94161178102784e-06
5000 4.456208835770879e-06
6000 2.97080589051392e-06
8000 1.48540294525696e-06
10000 4.456208835770879e-06
20000 2.97080589051392e-06
44
20 1.48540294525696e-06
1000 0.002691550136805611
2000 4.307668541245184e-05
20000 1.48540294525696e-06
200
1 1.48540294525696e-06
50 1.48540294525696e-06
1000 0.000851135887632238
2000 1.3368626507312639e-05
280
90 1.48540294525696e-06
500 1.48540294525696e-06
1000 0.0005362304632377626
2000 1.188322356205568e-05
140
10 7.427014726284799e-06
90 1.48540294525696e-06
400 1.48540294525696e-06
1000 0.001968158902465472
2000 3.862047657668096e-05
6000 1.48540294525696e-06
9000 1.48540294525696e-06
38
1 1.48540294525696e-06
10 1.48540294525696e-06
190 1.48540294525696e-06
300 1.48540294525696e-06
700 1.48540294525696e-06
1000 0.004096741323018695
2000 5.4959908974507514e-05
500
10 8.912417671541759e-06
1000 0.0003416426774091008
2000 5.94161178102784e-06
1050
10 2.97080589051392e-06
1000 2.6737253014625278e-05
2000 5.94161178102784e-06
1
1 0.0005362304632377626
10 9.655119144170239e-05
20 2.2281044178854398e-05
30 5.94161178102784e-06
40 8.912417671541759e-06
50 1.48540294525696e-06
60 8.912417671541759e-06
70 1.48540294525696e-06
90 5.94161178102784e-06
110 2.97080589051392e-06
120 1.48540294525696e-06
130 2.97080589051392e-06
150 7.427014726284799e-06
200 1.0397820616798718e-05
300 1.0397820616798718e-05
400 8.912417671541759e-06
500 8.912417671541759e-06
600 7.427014726284799e-06
700 5.94161178102784e-06
800 8.912417671541759e-06
900 5.94161178102784e-06
1000 0.17882914598243066
2000 0.005203366517235131
4000 2.97080589051392e-06
5000 1.48540294525696e-06
6000 1.48540294525696e-06
8000 1.48540294525696e-06
9000 1.48540294525696e-06
20000 2.97080589051392e-06
480
10 4.456208835770879e-06
1000 0.00016339432397826558
2000 7.427014726284799e-06
460
10 1.48540294525696e-06
1000 0.00016785053281403648
2000 1.188322356205568e-05
50
10 1.48540294525696e-06
20 2.97080589051392e-06
40 1.48540294525696e-06
1000 0.0010100740027747326
2000 1.931023828834048e-05
750
10 5.94161178102784e-06
1000 8.912417671541759e-05
2000 2.97080589051392e-06
1950
10 2.97080589051392e-06
1000 2.97080589051392e-06
2000 1.48540294525696e-06
1000
10 1.48540294525696e-06
1000 4.0105879521937915e-05
2000 7.427014726284799e-06
440
1000 0.00020201480055494653
2000 1.0397820616798718e-05
2350
1000 1.48540294525696e-06
2000 2.97080589051392e-06
850
1 1.48540294525696e-06
20 1.48540294525696e-06
1000 6.387232664604927e-05
10000 1.48540294525696e-06
1750
1000 2.97080589051392e-06
2000 1.48540294525696e-06
3100
2000 1.48540294525696e-06
900
10 1.48540294525696e-06
1000 5.7930714865021436e-05
2000 5.94161178102784e-06
3250
10 1.48540294525696e-06
1000 1.48540294525696e-06
4300
20 1.48540294525696e-06
3850
20 1.48540294525696e-06
1000 1.48540294525696e-06
7200
10 1.48540294525696e-06
2150
10 1.48540294525696e-06
1000 2.97080589051392e-06
3150
2000 4.456208835770879e-06
5600
20 1.48540294525696e-06
1450
1000 7.427014726284799e-06
2000 1.48540294525696e-06
2650
2000 1.48540294525696e-06
2450
1000 1.48540294525696e-06
2000 2.97080589051392e-06
1400
1000 7.427014726284799e-06
6600
1000 1.48540294525696e-06
3000
1000 1.48540294525696e-06
2000 1.48540294525696e-06
3050
2000 2.97080589051392e-06
1350
1000 1.188322356205568e-05
2000 2.97080589051392e-06
1300
1000 1.3368626507312639e-05
2000 2.97080589051392e-06
950
1000 3.862047657668096e-05
2000 4.456208835770879e-06
1650
1000 1.48540294525696e-06
13000
1000 1.48540294525696e-06
1100
1000 3.1193461850396155e-05
2000 1.48540294525696e-06
1500
10 1.48540294525696e-06
1000 1.48540294525696e-06
14000
1000 1.48540294525696e-06
1600
1000 1.48540294525696e-06
2000 1.48540294525696e-06
2750
20 1.48540294525696e-06
10800
10 1.48540294525696e-06
3400
2000 1.48540294525696e-06
2050
10 1.48540294525696e-06
1000 2.97080589051392e-06
1800
1000 2.97080589051392e-06
1150
1000 5.94161178102784e-06
14200
1000 1.48540294525696e-06
12000
4000 1.48540294525696e-06
6000
2000 1.48540294525696e-06
13800
2000 1.48540294525696e-06
3500
600 1.48540294525696e-06
2000 1.48540294525696e-06
7800
200 1.48540294525696e-06
4850
2000 1.48540294525696e-06
3550
1000 1.48540294525696e-06
4150
2000 1.48540294525696e-06
6800
1000 1.48540294525696e-06
12600
2000 1.48540294525696e-06
2800
1000 1.48540294525696e-06
2000 1.48540294525696e-06
12800
1000 1.48540294525696e-06
2600
1000 1.48540294525696e-06
5400
1000 1.48540294525696e-06
2900
1000 1.48540294525696e-06
2500
1000 1.48540294525696e-06
1169800
10 1.48540294525696e-06
3800
10 1.48540294525696e-06
2700
10 1.48540294525696e-06
19600
800 1.48540294525696e-06
4100
1 1.48540294525696e-06
721400
10 1.48540294525696e-06
