950
50 4.012396700846937e-07
60 4.012396700846937e-07
100 4.012396700846937e-07
110 4.012396700846937e-07
500 4.012396700846937e-07
800 4.012396700846937e-07
1000 4.012396700846937e-07
2000 4.012396700846937e-07
3000 4.012396700846937e-07
4000 1.203719010254081e-06
5000 1.203719010254081e-06
6000 4.012396700846937e-07
7000 4.012396700846937e-07
8000 1.203719010254081e-06
9000 4.012396700846937e-07
10000 1.6049586803387748e-06
20000 4.774752074007855e-05
80000 4.012396700846937e-07
60
1 1.3642148782879584e-05
20 2.407438020508162e-06
30 2.808677690592856e-06
40 8.024793401693874e-07
50 4.012396700846937e-07
60 4.012396700846937e-06
70 1.6049586803387748e-06
80 2.808677690592856e-06
100 4.012396700846937e-07
110 4.012396700846937e-07
130 4.012396700846937e-07
140 8.024793401693874e-07
150 4.012396700846937e-07
160 1.203719010254081e-06
170 2.407438020508162e-06
180 8.024793401693874e-07
190 1.6049586803387748e-06
200 2.407438020508162e-06
300 3.2099173606775495e-06
400 8.82727274186326e-06
500 4.814876041016324e-06
600 2.808677690592856e-06
700 4.41363637093163e-06
800 5.617355381185712e-06
900 3.611157030762243e-06
1000 3.089545459652141e-05
2000 5.09574381007561e-05
3000 5.577231414177242e-05
4000 5.416735546143365e-05
5000 5.135867777084079e-05
6000 6.058719018278874e-05
7000 6.058719018278874e-05
8000 5.617355381185711e-05
9000 6.0988429852873436e-05
10000 2.4475619875166315e-05
20000 0.022739455822709843
40000 4.012396700846937e-06
60000 2.407438020508162e-06
80000 3.611157030762243e-06
100000 7.222314061524486e-06
320
1 8.024793401693874e-07
40 4.012396700846937e-07
80 4.012396700846937e-07
110 8.024793401693874e-07
200 4.012396700846937e-07
300 4.012396700846937e-07
400 8.024793401693874e-07
500 8.024793401693874e-07
600 4.012396700846937e-07
800 4.012396700846937e-07
900 4.012396700846937e-07
1000 1.6049586803387748e-06
2000 2.0061983504234683e-06
3000 3.2099173606775495e-06
4000 5.216115711101018e-06
5000 2.808677690592856e-06
6000 2.407438020508162e-06
7000 2.808677690592856e-06
8000 6.018595051270405e-06
9000 4.012396700846937e-06
10000 1.203719010254081e-06
20000 0.0009441169437092842
40000 4.012396700846937e-07
60000 4.012396700846937e-07
80000 8.024793401693874e-07
400
60 4.012396700846937e-07
70 4.012396700846937e-07
80 8.024793401693874e-07
100 4.012396700846937e-07
300 4.012396700846937e-07
400 4.012396700846937e-07
600 4.012396700846937e-07
1000 1.203719010254081e-06
2000 2.808677690592856e-06
3000 3.611157030762243e-06
4000 2.407438020508162e-06
5000 1.203719010254081e-06
6000 2.0061983504234683e-06
7000 2.0061983504234683e-06
8000 8.024793401693874e-07
9000 2.407438020508162e-06
10000 8.024793401693874e-07
20000 0.0007627566128310027
40000 4.012396700846937e-07
60000 8.024793401693874e-07
80
1 9.228512411947954e-06
10 4.012396700846937e-07
20 1.203719010254081e-06
30 8.024793401693874e-07
40 2.407438020508162e-06
50 1.203719010254081e-06
60 3.2099173606775495e-06
70 3.611157030762243e-06
90 4.012396700846937e-07
100 4.012396700846937e-07
110 1.203719010254081e-06
120 8.024793401693874e-07
130 4.012396700846937e-07
140 8.024793401693874e-07
150 8.024793401693874e-07
160 1.203719010254081e-06
170 8.024793401693874e-07
180 4.012396700846937e-07
200 1.6049586803387748e-06
300 1.6049586803387748e-06
400 1.203719010254081e-06
500 4.41363637093163e-06
600 3.2099173606775495e-06
700 3.611157030762243e-06
800 8.024793401693874e-07
900 3.2099173606775495e-06
1000 1.7253305813641828e-05
2000 4.0926446348638755e-05
3000 4.2130165358892836e-05
4000 3.6512809977707124e-05
5000 4.6142562059739774e-05
6000 3.4506611627283655e-05
7000 4.5340082719570386e-05
8000 3.691404964779182e-05
9000 3.932148766829998e-05
10000 2.3271900864912234e-05
20000 0.016984073995015
40000 3.2099173606775495e-06
60000 2.0061983504234683e-06
80000 1.6049586803387748e-06
100000 6.018595051270405e-06
100
1 9.629752082032648e-06
10 8.024793401693874e-07
30 2.407438020508162e-06
40 2.808677690592856e-06
50 4.012396700846937e-07
60 2.808677690592856e-06
70 1.203719010254081e-06
80 1.6049586803387748e-06
90 4.012396700846937e-07
100 4.012396700846937e-07
110 8.024793401693874e-07
120 8.024793401693874e-07
130 4.012396700846937e-07
140 4.012396700846937e-07
150 4.012396700846937e-07
160 1.203719010254081e-06
170 4.012396700846937e-07
180 8.024793401693874e-07
200 2.0061983504234683e-06
300 1.203719010254081e-06
400 2.0061983504234683e-06
500 2.0061983504234683e-06
600 2.407438020508162e-06
700 2.407438020508162e-06
800 3.2099173606775495e-06
900 4.814876041016324e-06
1000 1.4845867793133665e-05
2000 2.768553723584386e-05
3000 2.3271900864912234e-05
4000 2.1265702514488765e-05
5000 2.848801657601325e-05
6000 1.966074383414999e-05
7000 2.8889256246097943e-05
8000 2.5278099215335703e-05
9000 1.966074383414999e-05
10000 1.203719010254081e-05
20000 0.010530133901702701
40000 2.808677690592856e-06
60000 3.2099173606775495e-06
80000 1.6049586803387748e-06
100000 2.407438020508162e-06
340
1 1.6049586803387748e-06
60 4.012396700846937e-07
140 4.012396700846937e-07
180 4.012396700846937e-07
400 8.024793401693874e-07
500 1.203719010254081e-06
700 1.203719010254081e-06
800 8.024793401693874e-07
1000 2.0061983504234683e-06
2000 2.0061983504234683e-06
3000 3.2099173606775495e-06
4000 2.0061983504234683e-06
5000 6.018595051270405e-06
6000 2.808677690592856e-06
7000 3.611157030762243e-06
8000 3.611157030762243e-06
9000 1.6049586803387748e-06
10000 8.024793401693874e-07
20000 0.0014039376056263432
60000 4.012396700846937e-07
80000 4.012396700846937e-07
100000 4.012396700846937e-07
2050
3000 1.203719010254081e-06
4000 8.024793401693874e-07
6000 4.012396700846937e-07
8000 4.012396700846937e-07
20000 1.765454548372652e-05
220
1 1.203719010254081e-06
10 4.012396700846937e-07
40 8.024793401693874e-07
50 4.012396700846937e-07
60 4.012396700846937e-07
70 4.012396700846937e-07
130 8.024793401693874e-07
150 4.012396700846937e-07
200 4.012396700846937e-07
300 4.012396700846937e-07
400 1.203719010254081e-06
500 8.024793401693874e-07
600 8.024793401693874e-07
700 2.407438020508162e-06
900 1.6049586803387748e-06
1000 6.821074391439792e-06
2000 9.228512411947954e-06
3000 1.1635950432456117e-05
4000 8.426033071778567e-06
5000 1.1234710762371423e-05
6000 9.629752082032648e-06
7000 7.6235537316091795e-06
8000 8.82727274186326e-06
9000 1.0432231422202036e-05
10000 4.814876041016324e-06
20000 0.0019484198379312724
40000 8.024793401693874e-07
80000 4.012396700846937e-07
100000 4.012396700846937e-07
32
1 2.0061983504234683e-06
20 8.024793401693874e-07
40 4.012396700846937e-07
50 4.012396700846937e-07
60 8.024793401693874e-07
70 8.024793401693874e-07
80 1.203719010254081e-06
90 4.012396700846937e-07
110 4.012396700846937e-07
120 4.012396700846937e-07
130 4.012396700846937e-07
160 4.012396700846937e-07
200 4.012396700846937e-07
300 8.024793401693874e-07
400 2.0061983504234683e-06
500 1.203719010254081e-06
600 1.6049586803387748e-06
700 1.6049586803387748e-06
800 8.024793401693874e-07
900 1.203719010254081e-06
1000 8.82727274186326e-06
2000 1.7253305813641828e-05
3000 1.966074383414999e-05
4000 1.4444628123048971e-05
5000 1.645082647347244e-05
6000 1.5648347133303053e-05
7000 1.4444628123048971e-05
8000 1.845702482389591e-05
9000 1.6852066143557134e-05
10000 8.82727274186326e-06
20000 0.007068639267882048
40000 8.024793401693874e-07
60000 1.203719010254081e-06
100000 1.203719010254081e-06
22
1 4.012396700846937e-06
30 1.6049586803387748e-06
50 4.012396700846937e-07
60 1.203719010254081e-06
70 1.203719010254081e-06
90 4.012396700846937e-07
100 4.012396700846937e-07
110 8.024793401693874e-07
120 4.012396700846937e-07
130 1.6049586803387748e-06
140 8.024793401693874e-07
150 8.024793401693874e-07
170 4.012396700846937e-07
190 4.012396700846937e-07
200 4.012396700846937e-07
300 1.203719010254081e-06
400 1.6049586803387748e-06
500 4.41363637093163e-06
600 2.407438020508162e-06
700 2.808677690592856e-06
800 2.407438020508162e-06
900 2.808677690592856e-06
1000 1.2438429772625504e-05
2000 2.5679338885420396e-05
3000 1.8858264493980603e-05
4000 2.2469421524742846e-05
5000 2.6883057895674478e-05
6000 2.7284297565759168e-05
7000 2.3673140534996928e-05
8000 2.3271900864912234e-05
9000 2.8889256246097943e-05
10000 1.083347109228673e-05
20000 0.01384517605594244
40000 1.6049586803387748e-06
60000 1.203719010254081e-06
80000 2.0061983504234683e-06
100000 4.012396700846937e-07
180
1 3.611157030762243e-06
20 4.012396700846937e-07
30 1.6049586803387748e-06
40 4.012396700846937e-07
60 4.012396700846937e-07
100 4.012396700846937e-07
110 1.203719010254081e-06
130 8.024793401693874e-07
140 4.012396700846937e-07
160 4.012396700846937e-07
170 4.012396700846937e-07
200 4.012396700846937e-07
300 2.0061983504234683e-06
400 8.024793401693874e-07
500 8.024793401693874e-07
600 1.6049586803387748e-06
700 2.0061983504234683e-06
800 1.203719010254081e-06
900 8.024793401693874e-07
1000 3.611157030762243e-06
2000 1.3642148782879584e-05
3000 9.629752082032648e-06
4000 9.228512411947954e-06
5000 1.4444628123048971e-05
6000 1.0030991752117342e-05
7000 1.203719010254081e-05
8000 9.629752082032648e-06
9000 1.4845867793133665e-05
10000 7.6235537316091795e-06
20000 0.002800251657521077
40000 8.024793401693874e-07
80000 4.012396700846937e-07
100000 2.808677690592856e-06
8
1 8.426033071778567e-06
10 8.024793401693874e-07
20 4.012396700846937e-07
30 1.6049586803387748e-06
40 3.2099173606775495e-06
50 1.203719010254081e-06
60 2.0061983504234683e-06
80 8.024793401693874e-07
90 1.203719010254081e-06
100 8.024793401693874e-07
120 8.024793401693874e-07
130 1.203719010254081e-06
140 4.012396700846937e-07
150 8.024793401693874e-07
190 1.203719010254081e-06
200 2.407438020508162e-06
300 8.426033071778567e-06
400 5.617355381185712e-06
500 3.611157030762243e-06
600 5.617355381185712e-06
700 2.0061983504234683e-06
800 8.426033071778567e-06
900 4.012396700846937e-06
1000 2.5278099215335703e-05
2000 4.373512403923161e-05
3000 4.0926446348638755e-05
4000 5.4568595131518336e-05
5000 4.975371909050202e-05
6000 5.09574381007561e-05
7000 5.0556198430671405e-05
8000 4.574132238965508e-05
9000 3.8920247998215286e-05
10000 2.608057855550509e-05
20000 0.025001243842977264
40000 2.0061983504234683e-06
80000 8.024793401693874e-07
100000 2.407438020508162e-06
260
1 2.0061983504234683e-06
20 4.012396700846937e-07
30 4.012396700846937e-07
40 8.024793401693874e-07
60 2.407438020508162e-06
70 4.012396700846937e-07
80 1.203719010254081e-06
110 4.012396700846937e-07
180 4.012396700846937e-07
200 4.012396700846937e-07
500 8.024793401693874e-07
600 8.024793401693874e-07
700 8.024793401693874e-07
800 8.024793401693874e-07
900 1.203719010254081e-06
1000 2.808677690592856e-06
2000 5.617355381185712e-06
3000 9.228512411947954e-06
4000 6.821074391439792e-06
5000 9.228512411947954e-06
6000 5.216115711101018e-06
7000 8.024793401693873e-06
8000 8.024793401693873e-06
9000 1.0030991752117342e-05
10000 3.2099173606775495e-06
20000 0.0016029524819883513
80000 8.024793401693874e-07
100000 4.012396700846937e-07
1000
300 4.012396700846937e-07
3000 4.012396700846937e-07
4000 8.024793401693874e-07
5000 8.024793401693874e-07
6000 8.024793401693874e-07
7000 8.024793401693874e-07
8000 4.012396700846937e-07
9000 8.024793401693874e-07
20000 0.0002343239673294611
24
1 4.012396700846937e-06
20 1.203719010254081e-06
40 8.024793401693874e-07
60 8.024793401693874e-07
70 1.6049586803387748e-06
80 4.012396700846937e-07
90 4.012396700846937e-07
120 1.6049586803387748e-06
130 4.012396700846937e-07
200 1.203719010254081e-06
300 1.203719010254081e-06
400 2.0061983504234683e-06
500 2.407438020508162e-06
600 4.012396700846937e-07
700 2.808677690592856e-06
800 1.6049586803387748e-06
900 8.024793401693874e-07
1000 1.3642148782879584e-05
2000 2.2068181854658153e-05
3000 2.166694218457346e-05
4000 2.1265702514488765e-05
5000 2.3271900864912234e-05
6000 2.4475619875166315e-05
7000 2.407438020508162e-05
8000 2.3271900864912234e-05
9000 2.2469421524742846e-05
10000 1.1635950432456117e-05
20000 0.011535239275264859
40000 8.024793401693874e-07
60000 2.808677690592856e-06
80000 1.6049586803387748e-06
100000 8.024793401693874e-07
2
1 4.814876041016324e-06
10 2.808677690592856e-06
20 5.617355381185712e-06
30 6.018595051270405e-06
40 7.222314061524486e-06
50 2.407438020508162e-06
60 8.82727274186326e-06
70 7.222314061524486e-06
80 5.617355381185712e-06
90 2.0061983504234683e-06
100 2.808677690592856e-06
110 2.0061983504234683e-06
120 2.0061983504234683e-06
130 1.203719010254081e-06
140 2.808677690592856e-06
150 1.203719010254081e-06
160 1.6049586803387748e-06
170 4.012396700846937e-07
180 1.6049586803387748e-06
190 2.0061983504234683e-06
200 1.4845867793133665e-05
300 2.086446284440407e-05
400 1.4845867793133665e-05
500 1.4845867793133665e-05
600 1.6852066143557134e-05
700 2.0463223174319378e-05
800 1.966074383414999e-05
900 1.8858264493980603e-05
1000 0.00010472355389210505
2000 0.00019299628131073766
3000 0.00019580495900133052
4000 0.00021506446316539582
5000 0.00020102107471243154
6000 0.000197811157351754
7000 0.0001974099176816693
8000 0.00019861363669192338
9000 0.0002042309920731091
10000 8.626652906820914e-05
20000 0.11576406465415548
40000 1.5648347133303053e-05
60000 1.083347109228673e-05
80000 9.228512411947954e-06
100000 9.629752082032648e-06
120
1 2.0061983504234683e-06
10 8.024793401693874e-07
20 4.012396700846937e-07
30 1.203719010254081e-06
40 8.024793401693874e-07
60 1.203719010254081e-06
70 1.203719010254081e-06
80 4.012396700846937e-07
90 8.024793401693874e-07
150 4.012396700846937e-07
160 4.012396700846937e-07
170 4.012396700846937e-07
300 2.0061983504234683e-06
400 2.0061983504234683e-06
500 2.407438020508162e-06
600 8.024793401693874e-07
700 3.611157030762243e-06
800 8.024793401693874e-07
900 3.611157030762243e-06
1000 1.1635950432456117e-05
2000 2.2469421524742846e-05
3000 2.287066119482754e-05
4000 2.3673140534996928e-05
5000 2.5679338885420396e-05
6000 1.6049586803387746e-05
7000 1.9259504164065296e-05
8000 2.1265702514488765e-05
9000 2.8086776905928555e-05
10000 1.0030991752117342e-05
20000 0.010319884314578321
40000 1.203719010254081e-06
60000 2.0061983504234683e-06
80000 1.6049586803387748e-06
100000 2.0061983504234683e-06
550
1 4.012396700846937e-07
30 4.012396700846937e-07
60 4.012396700846937e-07
70 8.024793401693874e-07
80 8.024793401693874e-07
120 4.012396700846937e-07
800 4.012396700846937e-07
1000 3.2099173606775495e-06
2000 1.6049586803387748e-06
3000 3.2099173606775495e-06
4000 5.216115711101018e-06
5000 5.216115711101018e-06
6000 3.611157030762243e-06
7000 3.611157030762243e-06
8000 2.407438020508162e-06
9000 5.216115711101018e-06
10000 1.6049586803387748e-06
20000 0.0005308400835220497
28
1 2.808677690592856e-06
20 4.012396700846937e-07
60 4.012396700846937e-07
70 8.024793401693874e-07
90 4.012396700846937e-07
100 4.012396700846937e-07
200 1.203719010254081e-06
300 3.2099173606775495e-06
400 1.6049586803387748e-06
500 2.0061983504234683e-06
600 2.407438020508162e-06
700 8.024793401693874e-07
800 1.6049586803387748e-06
900 4.012396700846937e-07
1000 1.4444628123048971e-05
2000 1.5247107463218359e-05
3000 1.765454548372652e-05
4000 2.2469421524742846e-05
5000 2.0061983504234684e-05
6000 1.5247107463218359e-05
7000 1.4845867793133665e-05
8000 1.5247107463218359e-05
9000 1.7253305813641828e-05
10000 8.82727274186326e-06
20000 0.009851637619589484
40000 2.0061983504234683e-06
60000 1.203719010254081e-06
80000 4.012396700846937e-07
20
1 2.808677690592856e-06
10 8.024793401693874e-07
20 1.203719010254081e-06
30 1.203719010254081e-06
40 1.6049586803387748e-06
50 4.012396700846937e-07
60 4.012396700846937e-07
70 1.203719010254081e-06
100 8.024793401693874e-07
120 4.012396700846937e-07
140 1.6049586803387748e-06
150 1.6049586803387748e-06
170 4.012396700846937e-07
180 4.012396700846937e-07
200 4.012396700846937e-07
300 3.2099173606775495e-06
400 2.808677690592856e-06
500 2.0061983504234683e-06
600 3.611157030762243e-06
700 2.808677690592856e-06
800 4.012396700846937e-06
900 2.0061983504234683e-06
1000 1.7253305813641828e-05
2000 2.969173558626733e-05
3000 2.287066119482754e-05
4000 2.969173558626733e-05
5000 3.3302892617029574e-05
6000 2.8889256246097943e-05
7000 3.089545459652141e-05
8000 3.530909096745304e-05
9000 3.1296694266606105e-05
10000 1.4444628123048971e-05
20000 0.013671038039125684
40000 1.203719010254081e-06
60000 4.012396700846937e-07
80000 8.024793401693874e-07
100000 1.6049586803387748e-06
1850
80 4.012396700846937e-07
2000 1.203719010254081e-06
3000 4.012396700846937e-07
4000 4.012396700846937e-07
6000 4.012396700846937e-07
7000 4.012396700846937e-07
8000 4.012396700846937e-07
9000 8.024793401693874e-07
10000 4.012396700846937e-07
20000 2.8889256246097943e-05
500
1 8.024793401693874e-07
60 4.012396700846937e-07
100 4.012396700846937e-07
110 4.012396700846937e-07
140 4.012396700846937e-07
170 4.012396700846937e-07
400 4.012396700846937e-07
700 4.012396700846937e-07
1000 2.0061983504234683e-06
2000 4.012396700846937e-06
3000 1.6049586803387748e-06
4000 2.808677690592856e-06
5000 1.6049586803387748e-06
6000 1.6049586803387748e-06
7000 1.6049586803387748e-06
8000 4.814876041016324e-06
9000 3.2099173606775495e-06
10000 2.808677690592856e-06
20000 0.0009910619851091933
80000 1.6049586803387748e-06
280
1 8.024793401693874e-07
20 8.024793401693874e-07
30 4.012396700846937e-07
40 4.012396700846937e-07
60 8.024793401693874e-07
70 4.012396700846937e-07
110 4.012396700846937e-07
170 4.012396700846937e-07
180 4.012396700846937e-07
200 4.012396700846937e-07
300 8.024793401693874e-07
600 4.012396700846937e-07
700 4.012396700846937e-07
800 4.012396700846937e-07
900 4.012396700846937e-07
1000 2.0061983504234683e-06
2000 1.0030991752117342e-05
3000 7.222314061524486e-06
4000 5.216115711101018e-06
5000 9.629752082032648e-06
6000 4.012396700846937e-06
7000 8.426033071778567e-06
8000 7.6235537316091795e-06
9000 4.814876041016324e-06
10000 2.808677690592856e-06
20000 0.001258688845055684
40000 8.024793401693874e-07
80000 4.012396700846937e-07
2200
200 4.012396700846937e-07
700 4.012396700846937e-07
2000 4.012396700846937e-07
20000 1.203719010254081e-06
600
1 1.203719010254081e-06
30 4.012396700846937e-07
60 4.012396700846937e-07
120 4.012396700846937e-07
300 4.012396700846937e-07
500 4.012396700846937e-07
800 4.012396700846937e-07
900 4.012396700846937e-07
1000 4.012396700846937e-07
2000 8.024793401693874e-07
3000 2.407438020508162e-06
4000 1.203719010254081e-06
5000 1.6049586803387748e-06
6000 2.0061983504234683e-06
7000 8.024793401693874e-07
8000 1.6049586803387748e-06
9000 2.407438020508162e-06
10000 4.012396700846937e-07
20000 0.00031978801705750086
26
1 4.41363637093163e-06
10 8.024793401693874e-07
30 1.203719010254081e-06
40 8.024793401693874e-07
50 4.012396700846937e-07
60 1.203719010254081e-06
70 8.024793401693874e-07
100 4.012396700846937e-07
120 4.012396700846937e-07
130 4.012396700846937e-07
140 4.012396700846937e-07
160 4.012396700846937e-07
200 4.012396700846937e-07
300 1.6049586803387748e-06
400 1.6049586803387748e-06
500 8.024793401693874e-07
600 1.6049586803387748e-06
700 8.024793401693874e-07
800 2.407438020508162e-06
900 2.808677690592856e-06
1000 6.018595051270405e-06
2000 2.086446284440407e-05
3000 1.9259504164065296e-05
4000 1.7253305813641828e-05
5000 2.5679338885420396e-05
6000 2.1265702514488765e-05
7000 1.765454548372652e-05
8000 2.5679338885420396e-05
9000 2.287066119482754e-05
10000 7.6235537316091795e-06
20000 0.011042516960400855
40000 1.6049586803387748e-06
60000 1.203719010254081e-06
80000 1.203719010254081e-06
100000 4.012396700846937e-07
3250
1 4.012396700846937e-07
60 4.012396700846937e-07
150 4.012396700846937e-07
2000 4.012396700846937e-07
20000 4.012396700846937e-07
18
1 4.012396700846937e-06
20 8.024793401693874e-07
30 4.012396700846937e-07
40 8.024793401693874e-07
60 1.203719010254081e-06
70 4.012396700846937e-07
80 1.203719010254081e-06
100 4.012396700846937e-07
110 8.024793401693874e-07
120 8.024793401693874e-07
150 4.012396700846937e-07
160 4.012396700846937e-07
170 8.024793401693874e-07
180 8.024793401693874e-07
200 1.6049586803387748e-06
300 2.407438020508162e-06
400 3.2099173606775495e-06
500 2.0061983504234683e-06
600 3.2099173606775495e-06
700 2.0061983504234683e-06
800 2.808677690592856e-06
900 4.814876041016324e-06
1000 1.9259504164065296e-05
2000 3.530909096745304e-05
3000 3.0494214926436718e-05
4000 3.290165294694488e-05
5000 3.611157030762243e-05
6000 3.3302892617029574e-05
7000 4.6142562059739774e-05
8000 3.370413228711427e-05
9000 3.932148766829998e-05
10000 1.4845867793133665e-05
20000 0.01639585663867084
40000 8.024793401693874e-07
60000 2.0061983504234683e-06
80000 8.024793401693874e-07
30
1 3.2099173606775495e-06
10 4.012396700846937e-07
20 8.024793401693874e-07
30 8.024793401693874e-07
40 4.012396700846937e-07
60 1.6049586803387748e-06
70 2.808677690592856e-06
100 4.012396700846937e-07
120 8.024793401693874e-07
130 4.012396700846937e-07
140 4.012396700846937e-07
170 8.024793401693874e-07
300 1.203719010254081e-06
400 1.6049586803387748e-06
500 4.012396700846937e-07
600 4.012396700846937e-06
700 1.6049586803387748e-06
800 2.407438020508162e-06
900 2.0061983504234683e-06
1000 8.82727274186326e-06
2000 2.086446284440407e-05
3000 1.7253305813641828e-05
4000 1.8055785153811215e-05
5000 1.8055785153811215e-05
6000 2.086446284440407e-05
7000 1.9259504164065296e-05
8000 1.4444628123048971e-05
9000 1.8858264493980603e-05
10000 7.6235537316091795e-06
20000 0.008477391749549408
40000 1.203719010254081e-06
60000 1.203719010254081e-06
80000 1.6049586803387748e-06
100000 1.6049586803387748e-06
6
1 8.82727274186326e-06
10 1.203719010254081e-06
20 1.6049586803387748e-06
30 1.203719010254081e-06
40 2.407438020508162e-06
50 1.203719010254081e-06
60 1.203719010254081e-06
70 2.0061983504234683e-06
80 1.6049586803387748e-06
90 1.203719010254081e-06
100 8.024793401693874e-07
110 8.024793401693874e-07
120 2.407438020508162e-06
130 8.024793401693874e-07
140 1.6049586803387748e-06
150 1.203719010254081e-06
160 8.024793401693874e-07
190 8.024793401693874e-07
200 4.012396700846937e-06
300 1.1635950432456117e-05
400 1.3642148782879584e-05
500 8.426033071778567e-06
600 1.083347109228673e-05
700 1.083347109228673e-05
800 7.6235537316091795e-06
900 8.82727274186326e-06
1000 4.694504139990916e-05
2000 9.790247950066526e-05
3000 0.0001015136365314275
4000 0.00010592727290235914
5000 0.0001019148762015122
6000 0.00010071115719125812
7000 0.00010592727290235914
8000 9.750123983058057e-05
9000 0.00010953842993312137
10000 4.052520667855406e-05
20000 0.03496201865282978
40000 3.2099173606775495e-06
60000 1.203719010254081e-06
80000 1.6049586803387748e-06
100000 1.203719010254081e-06
700
1 8.024793401693874e-07
40 8.024793401693874e-07
90 4.012396700846937e-07
140 4.012396700846937e-07
150 4.012396700846937e-07
180 4.012396700846937e-07
500 4.012396700846937e-07
600 4.012396700846937e-07
1000 4.012396700846937e-07
2000 8.024793401693874e-07
3000 2.0061983504234683e-06
4000 3.2099173606775495e-06
5000 4.012396700846937e-07
6000 2.407438020508162e-06
7000 1.203719010254081e-06
8000 4.012396700846937e-07
9000 4.012396700846937e-06
10000 4.012396700846937e-07
20000 0.0004437710751136712
9
1 8.024793401693873e-06
20 4.012396700846937e-07
40 2.0061983504234683e-06
60 4.012396700846937e-07
70 2.0061983504234683e-06
80 4.012396700846937e-07
120 2.0061983504234683e-06
130 4.012396700846937e-07
160 4.012396700846937e-07
190 1.6049586803387748e-06
200 1.203719010254081e-06
300 2.808677690592856e-06
400 3.2099173606775495e-06
500 2.407438020508162e-06
600 1.6049586803387748e-06
700 1.203719010254081e-06
800 3.611157030762243e-06
900 2.0061983504234683e-06
1000 1.8055785153811215e-05
2000 3.932148766829998e-05
3000 3.209917360677549e-05
4000 3.290165294694488e-05
5000 4.012396700846937e-05
6000 3.4506611627283655e-05
7000 2.8889256246097943e-05
8000 3.3302892617029574e-05
9000 4.253140502897753e-05
10000 1.6049586803387746e-05
20000 0.022697726897021035
40000 1.203719010254081e-06
60000 4.012396700846937e-07
80000 1.203719010254081e-06
100000 4.012396700846937e-07
3
1 4.012396700846937e-05
10 1.203719010254081e-06
20 2.0061983504234683e-06
30 8.024793401693874e-07
40 2.808677690592856e-06
50 1.203719010254081e-06
60 3.2099173606775495e-06
70 2.0061983504234683e-06
80 8.024793401693874e-07
90 1.203719010254081e-06
100 1.203719010254081e-06
110 8.024793401693874e-07
120 8.024793401693874e-07
130 4.012396700846937e-07
140 1.6049586803387748e-06
150 1.203719010254081e-06
160 1.203719010254081e-06
170 8.024793401693874e-07
180 2.0061983504234683e-06
200 6.821074391439792e-06
300 6.419834721355099e-06
400 7.222314061524486e-06
500 6.419834721355099e-06
600 8.82727274186326e-06
700 9.228512411947954e-06
800 8.426033071778567e-06
900 9.629752082032648e-06
1000 3.851900832813059e-05
2000 6.259338853321221e-05
3000 6.821074391439792e-05
4000 6.459958688363568e-05
5000 8.666776873829384e-05
6000 7.262438028532955e-05
7000 7.382809929558364e-05
8000 7.663677698617649e-05
9000 8.827272741863261e-05
10000 3.16979339366908e-05
20000 0.0742590307012546
40000 1.203719010254081e-06
60000 4.012396700846937e-07
80000 1.203719010254081e-06
100000 4.012396700846937e-07
140
1 4.012396700846937e-06
10 1.203719010254081e-06
20 4.012396700846937e-07
30 4.012396700846937e-07
40 4.012396700846937e-07
60 2.407438020508162e-06
70 8.024793401693874e-07
80 4.012396700846937e-07
130 4.012396700846937e-07
140 4.012396700846937e-07
150 8.024793401693874e-07
170 4.012396700846937e-07
190 4.012396700846937e-07
200 8.024793401693874e-07
300 2.407438020508162e-06
400 1.6049586803387748e-06
500 4.012396700846937e-07
600 1.203719010254081e-06
700 2.0061983504234683e-06
800 1.203719010254081e-06
900 1.203719010254081e-06
1000 7.6235537316091795e-06
2000 1.5648347133303053e-05
3000 1.4043388452964278e-05
4000 2.0061983504234684e-05
5000 1.1635950432456117e-05
6000 1.7253305813641828e-05
7000 1.9259504164065296e-05
8000 1.4043388452964278e-05
9000 1.6852066143557134e-05
10000 1.0432231422202036e-05
20000 0.007692165715193662
40000 1.6049586803387748e-06
60000 1.203719010254081e-06
80000 1.6049586803387748e-06
100000 2.407438020508162e-06
160
1 2.407438020508162e-06
10 8.024793401693874e-07
20 1.203719010254081e-06
30 4.012396700846937e-07
40 4.012396700846937e-07
60 1.6049586803387748e-06
70 8.024793401693874e-07
80 1.203719010254081e-06
90 4.012396700846937e-07
100 4.012396700846937e-07
140 4.012396700846937e-07
150 4.012396700846937e-07
180 4.012396700846937e-07
190 4.012396700846937e-07
300 1.6049586803387748e-06
400 1.6049586803387748e-06
600 8.024793401693874e-07
700 3.2099173606775495e-06
800 8.024793401693874e-07
900 2.0061983504234683e-06
1000 5.617355381185712e-06
2000 8.82727274186326e-06
3000 1.4444628123048971e-05
4000 1.4043388452964278e-05
5000 1.5247107463218359e-05
6000 1.4444628123048971e-05
7000 1.2438429772625504e-05
8000 1.3642148782879584e-05
9000 1.8055785153811215e-05
10000 7.222314061524486e-06
20000 0.0037596157086935795
40000 2.407438020508162e-06
60000 1.203719010254081e-06
80000 8.024793401693874e-07
100000 4.012396700846937e-07
650
1 8.024793401693874e-07
70 8.024793401693874e-07
90 4.012396700846937e-07
120 4.012396700846937e-07
170 4.012396700846937e-07
600 4.012396700846937e-07
800 4.012396700846937e-07
1000 1.203719010254081e-06
2000 3.2099173606775495e-06
3000 1.203719010254081e-06
4000 1.6049586803387748e-06
5000 8.024793401693874e-07
6000 3.2099173606775495e-06
7000 1.6049586803387748e-06
8000 1.203719010254081e-06
9000 1.203719010254081e-06
10000 1.6049586803387748e-06
20000 0.0004746665297101926
800
1 4.012396700846937e-07
180 4.012396700846937e-07
1000 8.024793401693874e-07
2000 1.203719010254081e-06
3000 4.012396700846937e-07
4000 1.6049586803387748e-06
5000 1.6049586803387748e-06
6000 1.203719010254081e-06
7000 4.012396700846937e-07
8000 1.6049586803387748e-06
9000 1.6049586803387748e-06
10000 4.012396700846937e-07
20000 0.0001845702482389591
44
1 2.808677690592856e-06
20 4.012396700846937e-07
30 8.024793401693874e-07
40 4.012396700846937e-07
50 4.012396700846937e-07
60 4.012396700846937e-07
160 8.024793401693874e-07
200 8.024793401693874e-07
300 1.203719010254081e-06
400 8.024793401693874e-07
500 4.012396700846937e-07
600 1.203719010254081e-06
700 1.203719010254081e-06
800 4.012396700846937e-07
900 1.203719010254081e-06
1000 8.024793401693873e-06
2000 7.6235537316091795e-06
3000 1.0030991752117342e-05
4000 1.5247107463218359e-05
5000 9.629752082032648e-06
6000 1.1635950432456117e-05
7000 8.024793401693873e-06
8000 8.82727274186326e-06
9000 1.4845867793133665e-05
10000 4.012396700846937e-06
20000 0.0053292652980649015
40000 8.024793401693874e-07
60000 8.024793401693874e-07
80000 8.024793401693874e-07
100000 4.012396700846937e-07
1750
1000 4.012396700846937e-07
3000 4.012396700846937e-07
4000 4.012396700846937e-07
8000 4.012396700846937e-07
20000 2.487685954525101e-05
2150
60 4.012396700846937e-07
600 4.012396700846937e-07
5000 4.012396700846937e-07
20000 1.203719010254081e-06
34
1 1.6049586803387748e-06
30 8.024793401693874e-07
40 8.024793401693874e-07
60 1.203719010254081e-06
70 1.203719010254081e-06
100 8.024793401693874e-07
170 4.012396700846937e-07
200 2.407438020508162e-06
300 8.024793401693874e-07
400 3.2099173606775495e-06
500 1.6049586803387748e-06
600 4.012396700846937e-07
700 4.012396700846937e-07
800 1.203719010254081e-06
900 1.6049586803387748e-06
1000 7.222314061524486e-06
2000 1.1635950432456117e-05
3000 1.5247107463218359e-05
4000 1.6049586803387746e-05
5000 1.845702482389591e-05
6000 1.2839669442710198e-05
7000 1.4444628123048971e-05
8000 1.4845867793133665e-05
9000 1.3240909112794892e-05
10000 7.222314061524486e-06
20000 0.0061650475308513185
40000 2.407438020508162e-06
60000 8.024793401693874e-07
80000 8.024793401693874e-07
100000 4.012396700846937e-07
480
1 8.024793401693874e-07
130 4.012396700846937e-07
140 4.012396700846937e-07
170 4.012396700846937e-07
190 4.012396700846937e-07
300 4.012396700846937e-07
400 4.012396700846937e-07
800 4.012396700846937e-07
2000 8.024793401693874e-07
3000 2.808677690592856e-06
4000 2.0061983504234683e-06
5000 2.808677690592856e-06
6000 1.6049586803387748e-06
7000 2.407438020508162e-06
9000 1.203719010254081e-06
10000 8.024793401693874e-07
20000 0.0003093557856352988
40
1 1.0030991752117342e-05
20 8.024793401693874e-07
30 1.6049586803387748e-06
40 2.808677690592856e-06
60 1.6049586803387748e-06
70 1.203719010254081e-06
80 2.0061983504234683e-06
90 4.012396700846937e-07
100 4.012396700846937e-07
110 8.024793401693874e-07
120 2.407438020508162e-06
130 4.012396700846937e-07
140 8.024793401693874e-07
150 4.012396700846937e-07
160 4.012396700846937e-07
170 1.203719010254081e-06
180 1.203719010254081e-06
190 4.012396700846937e-07
200 2.808677690592856e-06
300 3.611157030762243e-06
400 6.821074391439792e-06
500 5.617355381185712e-06
600 4.012396700846937e-06
700 4.814876041016324e-06
800 6.821074391439792e-06
900 6.821074391439792e-06
1000 2.3271900864912234e-05
2000 5.577231414177242e-05
3000 5.898223150244997e-05
4000 4.774752074007855e-05
5000 5.416735546143365e-05
6000 5.69760331520265e-05
7000 4.253140502897753e-05
8000 4.172892568880814e-05
9000 5.015495876058671e-05
10000 2.6883057895674478e-05
20000 0.019060489287703288
40000 4.41363637093163e-06
60000 2.0061983504234683e-06
80000 3.611157030762243e-06
100000 6.419834721355099e-06
1250
1 4.012396700846937e-07
70 4.012396700846937e-07
110 4.012396700846937e-07
200 4.012396700846937e-07
1000 4.012396700846937e-07
2000 4.012396700846937e-07
4000 8.024793401693874e-07
7000 4.012396700846937e-07
9000 4.012396700846937e-07
10000 8.024793401693874e-07
20000 2.2068181854658153e-05
14
1 6.821074391439792e-06
10 4.012396700846937e-07
20 2.808677690592856e-06
30 8.024793401693874e-07
40 8.024793401693874e-07
50 8.024793401693874e-07
60 3.2099173606775495e-06
70 1.203719010254081e-06
80 8.024793401693874e-07
100 4.012396700846937e-07
110 4.012396700846937e-07
120 8.024793401693874e-07
130 4.012396700846937e-07
140 8.024793401693874e-07
150 4.012396700846937e-07
160 4.012396700846937e-07
190 8.024793401693874e-07
200 2.808677690592856e-06
300 4.814876041016324e-06
400 5.617355381185712e-06
500 2.808677690592856e-06
600 2.808677690592856e-06
700 3.611157030762243e-06
800 4.41363637093163e-06
900 5.216115711101018e-06
1000 1.9259504164065296e-05
2000 4.654380172982447e-05
3000 4.2130165358892836e-05
4000 4.253140502897753e-05
5000 4.6142562059739774e-05
6000 3.9722727338384674e-05
7000 4.0926446348638755e-05
8000 4.333388436914692e-05
9000 5.216115711101018e-05
10000 2.166694218457346e-05
20000 0.023230974418563595
40000 3.2099173606775495e-06
60000 1.6049586803387748e-06
80000 1.203719010254081e-06
100000 2.0061983504234683e-06
1
1 1.5247107463218359e-05
10 1.203719010254081e-06
20 4.012396700846937e-06
30 2.808677690592856e-06
40 4.012396700846937e-06
50 4.012396700846937e-07
60 6.419834721355099e-06
70 4.41363637093163e-06
80 2.0061983504234683e-06
90 4.012396700846937e-07
110 8.024793401693874e-07
120 2.808677690592856e-06
130 2.407438020508162e-06
140 8.024793401693874e-07
150 2.407438020508162e-06
160 2.0061983504234683e-06
170 4.012396700846937e-07
180 1.203719010254081e-06
190 8.024793401693874e-07
200 1.6049586803387748e-06
300 1.6049586803387748e-06
400 4.012396700846937e-07
600 4.012396700846937e-07
800 4.012396700846937e-07
900 8.024793401693874e-07
1000 2.808677690592856e-06
2000 1.203719010254081e-05
3000 3.611157030762243e-06
4000 2.8086776905928555e-05
5000 5.216115711101018e-06
6000 1.0030991752117342e-05
7000 1.4845867793133665e-05
8000 8.426033071778567e-06
9000 6.821074391439792e-06
10000 2.0061983504234683e-06
20000 0.2362322632003839
40000 4.012396700846937e-07
16
1 5.216115711101018e-06
10 4.012396700846937e-07
20 4.012396700846937e-07
30 8.024793401693874e-07
40 8.024793401693874e-07
50 8.024793401693874e-07
60 1.6049586803387748e-06
70 8.024793401693874e-07
80 8.024793401693874e-07
90 8.024793401693874e-07
100 4.012396700846937e-07
110 4.012396700846937e-07
120 4.012396700846937e-07
130 4.012396700846937e-07
140 1.203719010254081e-06
150 8.024793401693874e-07
170 8.024793401693874e-07
180 4.012396700846937e-07
190 4.012396700846937e-07
200 2.407438020508162e-06
300 1.6049586803387748e-06
400 2.808677690592856e-06
500 2.0061983504234683e-06
600 2.0061983504234683e-06
700 1.203719010254081e-06
800 3.611157030762243e-06
900 2.808677690592856e-06
1000 1.765454548372652e-05
2000 3.2500413276860187e-05
3000 3.5710330637537737e-05
4000 2.8889256246097943e-05
5000 4.012396700846937e-05
6000 3.410537195719896e-05
7000 2.969173558626733e-05
8000 3.6512809977707124e-05
9000 3.5710330637537737e-05
10000 1.4845867793133665e-05
20000 0.020572761604252497
40000 1.203719010254081e-06
60000 1.6049586803387748e-06
80000 1.203719010254081e-06
100000 1.203719010254081e-06
1300
600 4.012396700846937e-07
1000 4.012396700846937e-07
2000 8.024793401693874e-07
4000 1.203719010254081e-06
5000 8.024793401693874e-07
6000 8.024793401693874e-07
8000 8.024793401693874e-07
9000 1.203719010254081e-06
20000 4.6142562059739774e-05
1900
1 4.012396700846937e-07
140 4.012396700846937e-07
20000 7.222314061524486e-06
750
1 8.024793401693874e-07
10 4.012396700846937e-07
30 4.012396700846937e-07
70 4.012396700846937e-07
400 4.012396700846937e-07
600 4.012396700846937e-07
900 4.012396700846937e-07
1000 4.012396700846937e-07
2000 1.6049586803387748e-06
3000 1.203719010254081e-06
4000 2.407438020508162e-06
5000 1.6049586803387748e-06
6000 4.012396700846937e-07
8000 4.012396700846937e-07
9000 1.203719010254081e-06
10000 4.012396700846937e-07
20000 6.580330589388976e-05
10
1 1.083347109228673e-05
10 1.6049586803387748e-06
20 1.203719010254081e-06
30 2.0061983504234683e-06
40 2.808677690592856e-06
50 8.024793401693874e-07
60 4.012396700846937e-06
70 8.024793401693874e-07
80 4.012396700846937e-07
100 1.203719010254081e-06
110 8.024793401693874e-07
120 4.012396700846937e-07
130 8.024793401693874e-07
140 1.203719010254081e-06
150 8.024793401693874e-07
160 4.012396700846937e-07
170 1.203719010254081e-06
180 8.024793401693874e-07
190 4.012396700846937e-07
200 2.808677690592856e-06
300 6.018595051270405e-06
400 4.814876041016324e-06
500 8.024793401693873e-06
600 5.216115711101018e-06
700 3.611157030762243e-06
800 4.814876041016324e-06
900 5.617355381185712e-06
1000 2.407438020508162e-05
2000 5.2562396781094874e-05
3000 4.895123975033263e-05
4000 5.336487612126426e-05
5000 5.537107447168772e-05
6000 4.774752074007855e-05
7000 4.9352479420417324e-05
8000 4.975371909050202e-05
9000 6.419834721355099e-05
10000 2.1265702514488765e-05
20000 0.03517788559533535
40000 3.2099173606775495e-06
60000 1.203719010254081e-06
80000 4.41363637093163e-06
12
1 7.6235537316091795e-06
10 8.024793401693874e-07
20 8.024793401693874e-07
30 4.012396700846937e-07
40 1.203719010254081e-06
60 1.6049586803387748e-06
70 3.2099173606775495e-06
80 8.024793401693874e-07
90 4.012396700846937e-07
100 8.024793401693874e-07
110 1.203719010254081e-06
120 4.012396700846937e-07
140 8.024793401693874e-07
160 1.6049586803387748e-06
170 4.012396700846937e-07
180 4.012396700846937e-07
190 8.024793401693874e-07
200 2.808677690592856e-06
300 7.6235537316091795e-06
400 6.018595051270405e-06
500 6.419834721355099e-06
600 8.024793401693873e-06
700 3.2099173606775495e-06
800 5.216115711101018e-06
900 3.611157030762243e-06
1000 2.9290495916182637e-05
2000 5.496983480160303e-05
3000 4.9352479420417324e-05
4000 4.7346281069993855e-05
5000 6.29946282032969e-05
6000 6.179090919304282e-05
7000 6.379710754346629e-05
8000 5.7778512492195886e-05
9000 6.620454556397445e-05
10000 2.7284297565759168e-05
20000 0.02759886946710557
40000 2.0061983504234683e-06
60000 1.6049586803387748e-06
80000 2.407438020508162e-06
100000 8.024793401693874e-07
42
1 2.0061983504234683e-06
40 1.6049586803387748e-06
50 4.012396700846937e-07
60 1.6049586803387748e-06
80 4.012396700846937e-07
130 4.012396700846937e-07
140 8.024793401693874e-07
150 4.012396700846937e-07
190 4.012396700846937e-07
200 1.203719010254081e-06
300 2.407438020508162e-06
400 2.0061983504234683e-06
500 8.024793401693874e-07
600 1.203719010254081e-06
700 1.6049586803387748e-06
800 8.024793401693874e-07
900 1.203719010254081e-06
1000 6.821074391439792e-06
2000 1.2839669442710198e-05
3000 1.2438429772625504e-05
4000 1.2839669442710198e-05
5000 1.4444628123048971e-05
6000 8.426033071778567e-06
7000 1.3240909112794892e-05
8000 1.4043388452964278e-05
9000 1.4444628123048971e-05
10000 6.018595051270405e-06
20000 0.005119015710940522
40000 1.203719010254081e-06
60000 1.6049586803387748e-06
80000 1.203719010254081e-06
100000 4.012396700846937e-07
1050
1 4.012396700846937e-07
70 4.012396700846937e-07
80 4.012396700846937e-07
300 4.012396700846937e-07
1000 1.203719010254081e-06
2000 4.012396700846937e-07
3000 8.024793401693874e-07
4000 8.024793401693874e-07
5000 1.203719010254081e-06
7000 1.203719010254081e-06
8000 4.012396700846937e-07
9000 8.024793401693874e-07
10000 4.012396700846937e-07
20000 6.419834721355099e-05
80000 4.012396700846937e-07
1450
160 4.012396700846937e-07
200 4.012396700846937e-07
3000 4.012396700846937e-07
6000 4.012396700846937e-07
8000 4.012396700846937e-07
20000 2.2469421524742846e-05
1350
1 4.012396700846937e-07
20 4.012396700846937e-07
130 4.012396700846937e-07
160 4.012396700846937e-07
300 4.012396700846937e-07
800 8.024793401693874e-07
1000 4.012396700846937e-07
2000 8.024793401693874e-07
3000 1.203719010254081e-06
4000 8.024793401693874e-07
6000 8.024793401693874e-07
9000 4.012396700846937e-07
20000 0.00010713099191261322
240
1 2.808677690592856e-06
30 4.012396700846937e-07
40 1.6049586803387748e-06
50 4.012396700846937e-07
120 4.012396700846937e-07
160 4.012396700846937e-07
180 4.012396700846937e-07
190 4.012396700846937e-07
200 4.012396700846937e-07
300 8.024793401693874e-07
400 1.203719010254081e-06
600 1.6049586803387748e-06
700 8.024793401693874e-07
800 8.024793401693874e-07
1000 4.012396700846937e-06
2000 1.0432231422202036e-05
3000 7.6235537316091795e-06
4000 6.419834721355099e-06
5000 9.228512411947954e-06
6000 8.024793401693873e-06
7000 6.821074391439792e-06
8000 6.018595051270405e-06
9000 6.018595051270405e-06
10000 1.203719010254081e-06
20000 0.0019002710775211091
60000 4.012396700846937e-07
7
1 1.1234710762371423e-05
10 4.012396700846937e-07
20 4.012396700846937e-07
30 4.012396700846937e-07
40 1.203719010254081e-06
60 8.024793401693874e-07
80 4.012396700846937e-07
90 4.012396700846937e-07
130 4.012396700846937e-07
190 4.012396700846937e-07
200 4.012396700846937e-07
300 1.203719010254081e-06
400 1.203719010254081e-06
500 1.203719010254081e-06
600 4.012396700846937e-07
700 4.012396700846937e-07
800 8.024793401693874e-07
900 1.6049586803387748e-06
1000 7.222314061524486e-06
2000 1.2438429772625504e-05
3000 1.2438429772625504e-05
4000 1.3642148782879584e-05
5000 1.1234710762371423e-05
6000 1.765454548372652e-05
7000 1.6852066143557134e-05
8000 1.765454548372652e-05
9000 1.8858264493980603e-05
10000 1.0030991752117342e-05
20000 0.029983035586748818
40000 4.012396700846937e-07
80000 8.024793401693874e-07
100000 1.203719010254081e-06
360
1 4.012396700846937e-07
20 4.012396700846937e-07
30 4.012396700846937e-07
40 4.012396700846937e-07
50 4.012396700846937e-07
60 8.024793401693874e-07
70 4.012396700846937e-07
80 4.012396700846937e-07
300 4.012396700846937e-07
400 8.024793401693874e-07
500 1.203719010254081e-06
600 4.012396700846937e-07
1000 4.012396700846937e-07
2000 2.407438020508162e-06
3000 3.611157030762243e-06
4000 3.2099173606775495e-06
5000 4.814876041016324e-06
6000 3.2099173606775495e-06
7000 1.6049586803387748e-06
8000 2.808677690592856e-06
9000 3.611157030762243e-06
10000 2.0061983504234683e-06
20000 0.001029580993437324
900
1 8.024793401693874e-07
70 4.012396700846937e-07
80 4.012396700846937e-07
150 4.012396700846937e-07
1000 4.012396700846937e-07
2000 1.6049586803387748e-06
3000 2.0061983504234683e-06
4000 8.024793401693874e-07
5000 8.024793401693874e-07
6000 4.012396700846937e-07
7000 4.012396700846937e-07
8000 1.6049586803387748e-06
9000 4.012396700846937e-07
10000 8.024793401693874e-07
20000 0.00018336652922870501
5
1 1.8055785153811215e-05
10 4.012396700846937e-07
20 2.407438020508162e-06
30 1.6049586803387748e-06
40 2.808677690592856e-06
50 8.024793401693874e-07
60 3.2099173606775495e-06
70 4.41363637093163e-06
80 1.203719010254081e-06
90 4.012396700846937e-07
100 8.024793401693874e-07
120 4.012396700846937e-07
140 1.6049586803387748e-06
150 1.203719010254081e-06
160 8.024793401693874e-07
200 2.407438020508162e-06
300 1.6049586803387748e-06
400 8.024793401693874e-07
500 8.024793401693874e-07
600 2.808677690592856e-06
700 8.024793401693874e-07
800 1.6049586803387748e-06
900 1.203719010254081e-06
1000 8.426033071778567e-06
2000 1.5648347133303053e-05
3000 1.6049586803387746e-05
4000 1.3642148782879584e-05
5000 1.2438429772625504e-05
6000 1.5247107463218359e-05
7000 1.3642148782879584e-05
8000 1.0432231422202036e-05
9000 1.4043388452964278e-05
10000 6.821074391439792e-06
20000 0.04264535709528158
40000 2.808677690592856e-06
60000 1.203719010254081e-06
100000 8.024793401693874e-07
48
1 3.2099173606775495e-06
30 1.203719010254081e-06
70 8.024793401693874e-07
80 4.012396700846937e-07
90 4.012396700846937e-07
130 8.024793401693874e-07
140 4.012396700846937e-07
200 4.012396700846937e-07
300 1.6049586803387748e-06
400 4.012396700846937e-07
500 2.0061983504234683e-06
600 4.012396700846937e-07
700 1.203719010254081e-06
800 2.0061983504234683e-06
900 1.203719010254081e-06
1000 5.216115711101018e-06
2000 1.0030991752117342e-05
3000 8.82727274186326e-06
4000 1.2839669442710198e-05
5000 9.629752082032648e-06
6000 1.083347109228673e-05
7000 7.6235537316091795e-06
8000 1.0432231422202036e-05
9000 8.82727274186326e-06
10000 3.2099173606775495e-06
20000 0.004677250834177274
40000 4.012396700846937e-07
60000 1.203719010254081e-06
80000 8.024793401693874e-07
100000 8.024793401693874e-07
440
1 1.203719010254081e-06
70 4.012396700846937e-07
80 4.012396700846937e-07
160 4.012396700846937e-07
400 4.012396700846937e-07
500 4.012396700846937e-07
700 4.012396700846937e-07
1000 1.203719010254081e-06
2000 2.0061983504234683e-06
3000 3.2099173606775495e-06
4000 8.024793401693874e-07
5000 1.203719010254081e-06
6000 2.808677690592856e-06
7000 2.0061983504234683e-06
8000 3.611157030762243e-06
9000 2.0061983504234683e-06
10000 4.012396700846937e-07
20000 0.0007210276871421946
420
1 4.012396700846937e-07
30 4.012396700846937e-07
200 4.012396700846937e-07
400 4.012396700846937e-07
700 8.024793401693874e-07
1000 1.203719010254081e-06
2000 1.203719010254081e-06
3000 2.0061983504234683e-06
4000 1.6049586803387748e-06
5000 4.814876041016324e-06
6000 8.024793401693874e-07
7000 1.203719010254081e-06
8000 1.203719010254081e-06
9000 2.407438020508162e-06
10000 4.012396700846937e-06
20000 0.000361516942746309
300
1 2.407438020508162e-06
30 4.012396700846937e-07
40 8.024793401693874e-07
60 8.024793401693874e-07
70 8.024793401693874e-07
100 4.012396700846937e-07
130 4.012396700846937e-07
170 8.024793401693874e-07
190 4.012396700846937e-07
300 8.024793401693874e-07
400 1.203719010254081e-06
500 1.203719010254081e-06
600 4.012396700846937e-07
800 1.203719010254081e-06
1000 8.024793401693874e-07
2000 5.216115711101018e-06
3000 3.2099173606775495e-06
4000 4.41363637093163e-06
5000 4.814876041016324e-06
6000 4.012396700846937e-06
7000 3.2099173606775495e-06
8000 4.814876041016324e-06
9000 4.41363637093163e-06
10000 3.2099173606775495e-06
20000 0.0009553516544716556
40000 1.203719010254081e-06
60000 4.012396700846937e-07
100000 8.024793401693874e-07
850
20 4.012396700846937e-07
70 4.012396700846937e-07
1000 4.012396700846937e-07
2000 4.012396700846937e-07
3000 1.203719010254081e-06
4000 8.024793401693874e-07
5000 1.6049586803387748e-06
6000 2.808677690592856e-06
7000 1.6049586803387748e-06
8000 1.203719010254081e-06
9000 2.0061983504234683e-06
10000 8.024793401693874e-07
20000 0.00010311859521176628
40000 4.012396700846937e-07
80000 4.012396700846937e-07
38
1 2.0061983504234683e-06
20 8.024793401693874e-07
40 4.012396700846937e-07
60 4.012396700846937e-07
70 4.012396700846937e-07
80 4.012396700846937e-07
100 4.012396700846937e-07
120 8.024793401693874e-07
140 4.012396700846937e-07
150 4.012396700846937e-07
200 8.024793401693874e-07
300 1.203719010254081e-06
400 2.0061983504234683e-06
500 1.203719010254081e-06
600 1.203719010254081e-06
700 8.024793401693874e-07
800 1.6049586803387748e-06
900 2.808677690592856e-06
1000 5.216115711101018e-06
2000 1.0030991752117342e-05
3000 1.0030991752117342e-05
4000 1.2839669442710198e-05
5000 1.6049586803387746e-05
6000 8.426033071778567e-06
7000 1.1234710762371423e-05
8000 1.083347109228673e-05
9000 1.6049586803387746e-05
10000 4.814876041016324e-06
20000 0.005583651248898597
40000 4.012396700846937e-07
80000 1.203719010254081e-06
4
1 6.419834721355099e-06
10 1.6049586803387748e-06
20 1.203719010254081e-06
30 1.203719010254081e-06
40 1.203719010254081e-06
50 8.024793401693874e-07
60 1.6049586803387748e-06
70 4.012396700846937e-07
80 2.407438020508162e-06
90 1.203719010254081e-06
100 4.012396700846937e-07
110 4.012396700846937e-07
120 1.203719010254081e-06
130 2.0061983504234683e-06
140 1.203719010254081e-06
150 1.203719010254081e-06
160 8.024793401693874e-07
170 2.0061983504234683e-06
180 1.203719010254081e-06
190 1.6049586803387748e-06
200 3.611157030762243e-06
300 1.4845867793133665e-05
400 9.629752082032648e-06
500 1.1234710762371423e-05
600 1.1234710762371423e-05
700 1.0432231422202036e-05
800 1.0030991752117342e-05
900 8.426033071778567e-06
1000 5.858099183236527e-05
2000 0.00010071115719125812
3000 9.068016543914077e-05
4000 0.00010392107455193567
5000 8.787148774854792e-05
6000 0.0001019148762015122
7000 9.308760345964894e-05
8000 0.00010311859521176628
9000 0.00011475454564422238
10000 5.015495876058671e-05
20000 0.05073033644748816
40000 9.629752082032648e-06
60000 4.012396700846937e-06
80000 3.2099173606775495e-06
100000 2.0061983504234683e-06
200
1 3.611157030762243e-06
20 4.012396700846937e-07
30 4.012396700846937e-07
40 4.012396700846937e-07
60 8.024793401693874e-07
140 4.012396700846937e-07
160 4.012396700846937e-07
180 4.012396700846937e-07
200 4.012396700846937e-07
300 8.024793401693874e-07
500 8.024793401693874e-07
700 8.024793401693874e-07
800 8.024793401693874e-07
900 8.024793401693874e-07
1000 5.617355381185712e-06
2000 8.024793401693873e-06
3000 8.426033071778567e-06
4000 1.203719010254081e-05
5000 1.1635950432456117e-05
6000 9.228512411947954e-06
7000 1.083347109228673e-05
8000 9.629752082032648e-06
9000 1.203719010254081e-05
10000 3.611157030762243e-06
20000 0.002384968598983419
40000 1.203719010254081e-06
60000 8.024793401693874e-07
36
1 4.41363637093163e-06
10 4.012396700846937e-07
20 8.024793401693874e-07
40 8.024793401693874e-07
100 4.012396700846937e-07
130 4.012396700846937e-07
140 4.012396700846937e-07
150 4.012396700846937e-07
160 4.012396700846937e-07
180 4.012396700846937e-07
200 1.6049586803387748e-06
300 1.6049586803387748e-06
400 1.6049586803387748e-06
500 2.0061983504234683e-06
600 1.203719010254081e-06
700 1.203719010254081e-06
800 1.203719010254081e-06
900 8.024793401693874e-07
1000 7.222314061524486e-06
2000 1.2438429772625504e-05
3000 1.4043388452964278e-05
4000 1.2839669442710198e-05
5000 1.4043388452964278e-05
6000 1.203719010254081e-05
7000 1.083347109228673e-05
8000 1.5247107463218359e-05
9000 1.845702482389591e-05
10000 6.419834721355099e-06
20000 0.005811956621176788
40000 8.024793401693874e-07
60000 2.0061983504234683e-06
80000 4.012396700846937e-07
100000 4.012396700846937e-07
46
1 3.2099173606775495e-06
20 4.012396700846937e-07
40 4.012396700846937e-07
50 4.012396700846937e-07
70 4.012396700846937e-07
80 1.203719010254081e-06
110 4.012396700846937e-07
150 4.012396700846937e-07
190 8.024793401693874e-07
300 4.012396700846937e-07
400 8.024793401693874e-07
500 1.203719010254081e-06
600 4.012396700846937e-07
700 1.203719010254081e-06
800 1.203719010254081e-06
900 1.203719010254081e-06
1000 4.41363637093163e-06
2000 1.1234710762371423e-05
3000 1.1234710762371423e-05
4000 1.3642148782879584e-05
5000 1.1234710762371423e-05
6000 9.228512411947954e-06
7000 1.0432231422202036e-05
8000 1.3240909112794892e-05
9000 1.2839669442710198e-05
10000 4.41363637093163e-06
20000 0.0047723446359873465
60000 4.012396700846937e-07
80000 1.203719010254081e-06
100000 8.024793401693874e-07
1800
4000 4.012396700846937e-07
5000 4.012396700846937e-07
7000 4.012396700846937e-07
8000 4.012396700846937e-07
9000 8.024793401693874e-07
20000 0.0001079334712527826
460
1 4.012396700846937e-07
30 4.012396700846937e-07
70 4.012396700846937e-07
80 4.012396700846937e-07
170 4.012396700846937e-07
200 4.012396700846937e-07
500 4.012396700846937e-07
700 4.012396700846937e-07
900 4.012396700846937e-07
1000 4.012396700846937e-07
2000 1.203719010254081e-06
3000 1.6049586803387748e-06
4000 1.203719010254081e-06
5000 3.611157030762243e-06
6000 1.6049586803387748e-06
7000 2.0061983504234683e-06
8000 1.203719010254081e-06
9000 8.024793401693874e-07
10000 8.024793401693874e-07
20000 0.00018818140526972134
40000 4.012396700846937e-07
50
1 1.6049586803387748e-06
20 4.012396700846937e-07
60 4.012396700846937e-07
400 8.024793401693874e-07
600 8.024793401693874e-07
1000 2.0061983504234683e-06
2000 3.2099173606775495e-06
3000 6.018595051270405e-06
4000 2.808677690592856e-06
5000 5.216115711101018e-06
6000 4.012396700846937e-06
7000 5.216115711101018e-06
8000 6.018595051270405e-06
9000 4.814876041016324e-06
10000 2.407438020508162e-06
20000 0.0019251479370663602
80000 4.012396700846937e-07
380
1 1.6049586803387748e-06
80 4.012396700846937e-07
150 4.012396700846937e-07
180 4.012396700846937e-07
400 4.012396700846937e-07
600 8.024793401693874e-07
900 4.012396700846937e-07
1000 8.024793401693874e-07
2000 2.808677690592856e-06
3000 2.407438020508162e-06
4000 3.2099173606775495e-06
5000 4.012396700846937e-06
6000 2.0061983504234683e-06
7000 2.407438020508162e-06
8000 2.407438020508162e-06
9000 1.6049586803387748e-06
10000 2.0061983504234683e-06
20000 0.0007880347120463384
40000 4.012396700846937e-07
1150
10 4.012396700846937e-07
80 4.012396700846937e-07
1000 4.012396700846937e-07
2000 4.012396700846937e-07
3000 4.012396700846937e-07
4000 4.012396700846937e-07
5000 8.024793401693874e-07
6000 4.012396700846937e-07
7000 8.024793401693874e-07
8000 4.012396700846937e-07
9000 1.203719010254081e-06
10000 8.024793401693874e-07
20000 2.808677690592856e-06
100000 4.012396700846937e-07
1200
1 4.012396700846937e-07
1000 8.024793401693874e-07
2000 4.012396700846937e-07
6000 4.012396700846937e-07
8000 4.012396700846937e-07
9000 8.024793401693874e-07
20000 1.203719010254081e-06
1100
900 4.012396700846937e-07
1000 4.012396700846937e-07
2000 1.6049586803387748e-06
3000 4.012396700846937e-07
4000 8.024793401693874e-07
5000 4.012396700846937e-07
6000 8.024793401693874e-07
7000 4.012396700846937e-07
9000 4.012396700846937e-07
20000 2.4475619875166315e-05
80000 4.012396700846937e-07
1600
40 4.012396700846937e-07
2000 4.012396700846937e-07
4000 1.203719010254081e-06
5000 4.012396700846937e-07
7000 4.012396700846937e-07
8000 4.012396700846937e-07
9000 4.012396700846937e-07
20000 3.16979339366908e-05
1550
1000 4.012396700846937e-07
4000 4.012396700846937e-07
7000 8.024793401693874e-07
9000 4.012396700846937e-07
20000 3.290165294694488e-05
80000 4.012396700846937e-07
1500
1 4.012396700846937e-07
70 8.024793401693874e-07
3000 4.012396700846937e-07
4000 8.024793401693874e-07
6000 4.012396700846937e-07
7000 4.012396700846937e-07
10000 4.012396700846937e-07
20000 0.0001460512399108285
3750
20000 8.024793401693874e-07
5400
6000 4.012396700846937e-07
7000 4.012396700846937e-07
1650
5000 1.203719010254081e-06
7000 4.012396700846937e-07
8000 4.012396700846937e-07
9000 4.012396700846937e-07
10000 4.012396700846937e-07
20000 0.0001019148762015122
2350
8000 4.012396700846937e-07
1400
800 4.012396700846937e-07
3000 4.012396700846937e-07
9000 1.203719010254081e-06
20000 4.012396700846937e-06
1700
2000 4.012396700846937e-07
4000 4.012396700846937e-07
7000 4.012396700846937e-07
9000 1.203719010254081e-06
20000 0.00011274834729379892
4400
20000 4.012396700846937e-07
6400
80 4.012396700846937e-07
3950
20000 4.012396700846937e-07
5800
80 4.012396700846937e-07
90 4.012396700846937e-07
2000
4000 4.012396700846937e-07
6000 4.012396700846937e-07
9000 4.012396700846937e-07
20000 3.4506611627283655e-05
4050
1 4.012396700846937e-07
7000 4.012396700846937e-07
3700
5000 4.012396700846937e-07
9000 4.012396700846937e-07
4000
6000 4.012396700846937e-07
2250
5000 4.012396700846937e-07
6000 4.012396700846937e-07
20000 6.821074391439792e-06
3450
1 4.012396700846937e-07
3000 4.012396700846937e-07
7000 4.012396700846937e-07
9000 4.012396700846937e-07
20000 8.024793401693874e-07
2100
70 4.012396700846937e-07
3000 4.012396700846937e-07
4000 4.012396700846937e-07
6000 4.012396700846937e-07
7000 4.012396700846937e-07
40000 4.012396700846937e-07
80000 4.012396700846937e-07
2800
7000 4.012396700846937e-07
20000 4.012396700846937e-07
2950
70 4.012396700846937e-07
5000 4.012396700846937e-07
8000 4.012396700846937e-07
20000 2.0061983504234683e-06
4250
7000 4.012396700846937e-07
9000 4.012396700846937e-07
20000 4.012396700846937e-07
4100
7000 4.012396700846937e-07
9600
9000 4.012396700846937e-07
1950
4000 4.012396700846937e-07
20000 8.82727274186326e-06
3300
4000 4.012396700846937e-07
9000 4.012396700846937e-07
20000 4.012396700846937e-07
4850
20000 4.012396700846937e-07
2700
100 4.012396700846937e-07
120 4.012396700846937e-07
900 4.012396700846937e-07
2000 4.012396700846937e-07
7000 4.012396700846937e-07
20000 4.012396700846937e-07
3400
9000 4.012396700846937e-07
20000 4.012396700846937e-07
2750
9000 4.012396700846937e-07
20000 4.012396700846937e-07
2650
2000 4.012396700846937e-07
2900
4000 4.012396700846937e-07
20000 3.2500413276860187e-05
2300
4000 4.012396700846937e-07
20000 1.3642148782879584e-05
2600
9000 8.024793401693874e-07
6600
20000 4.012396700846937e-07
9800
90 4.012396700846937e-07
3150
1000 4.012396700846937e-07
20000 5.858099183236527e-05
3200
1 4.012396700846937e-07
90 4.012396700846937e-07
7000 4.012396700846937e-07
20000 8.024793401693874e-07
6200
3000 4.012396700846937e-07
10000 4.012396700846937e-07
20000 4.012396700846937e-07
3100
20000 5.0556198430671405e-05
7400
1 4.012396700846937e-07
7000 4.012396700846937e-07
10800
90 4.012396700846937e-07
3550
6000 4.012396700846937e-07
20000 8.82727274186326e-06
3600
4000 8.024793401693874e-07
20000 4.012396700846937e-07
7000
1000 4.012396700846937e-07
8000 4.012396700846937e-07
10000 4.012396700846937e-07
3500
20000 1.966074383414999e-05
5000
8000 4.012396700846937e-07
10000 4.012396700846937e-07
20000 4.012396700846937e-07
4700
60 4.012396700846937e-07
9000 4.012396700846937e-07
2500
20000 3.2099173606775495e-06
2450
20000 2.5278099215335703e-05
4950
7000 4.012396700846937e-07
4900
5000 4.012396700846937e-07
3000
1000 8.024793401693874e-07
2000 4.012396700846937e-07
5000 8.024793401693874e-07
6000 4.012396700846937e-07
9000 4.012396700846937e-07
10000 4.012396700846937e-07
3350
300 4.012396700846937e-07
600 4.012396700846937e-07
20000 4.012396700846937e-07
2550
3000 4.012396700846937e-07
5000 4.012396700846937e-07
2850
80 4.012396700846937e-07
20000 4.012396700846937e-07
4800
20000 4.012396700846937e-07
4600
3000 4.012396700846937e-07
4550
2000 4.012396700846937e-07
20000 4.012396700846937e-07
4300
9000 4.012396700846937e-07
3050
3000 4.012396700846937e-07
8200
20000 4.012396700846937e-07
10200
9000 4.012396700846937e-07
3650
7000 4.012396700846937e-07
6000
60 4.012396700846937e-07
3900
3000 4.012396700846937e-07
3850
2000 4.012396700846937e-07
5000 1.203719010254081e-06
