1
1 0.021039848976824437
10 0.000608060770590269
20 0.1465838856637132
30 0.0895988218385706
40 0.0006943044239660574
50 0.0006433862570415738
60 0.001995271654066168
70 0.004573171879192213
80 0.005458728594341362
90 0.004302934596232916
100 0.003193811103816604
110 0.0015184044709054025
120 0.0017981586657397086
130 0.0023136311750375166
140 0.004059957620169831
150 0.003099556038749424
160 0.0033932898781458905
170 0.0021247446698572517
180 0.0023944442741795427
190 0.0022291080933001476
200 0.021309441045419326
300 0.0321878089971917
400 0.004938632048765302
500 0.006731897838908254
600 0.00577789463326822
700 0.005428134679895712
800 0.005395820193811641
900 0.0022019553221313366
1000 0.027947137587124103
2000 0.0031849394063060026
3000 0.004946912299775196
4000 0.0036100281367230746
5000 0.0003643310444353756
6000 0.001259834814369139
7000 0.00031680025292403084
8000 3.6024468679412877e-06
1500000 5.3767863700616236e-08
2
1 0.0022193223421066357
10 0.0014522162306899438
20 0.04623858844302784
30 0.028859148091213954
40 0.0015915825334019411
50 0.0011857964660533904
60 0.0014700133935748479
70 0.0019321481820816443
80 0.0016569642556618904
90 0.0013799522218763155
100 0.0015567409577239419
110 0.0012480058843550035
120 0.0016077666603758266
130 0.0020237686218274945
140 0.001829236490958665
150 0.0015347499014703898
160 0.001944676094323888
170 0.0017197651204642103
180 0.0020914085943628696
190 0.0017825122174028294
200 0.012446507696600849
300 0.018241070367616262
400 0.0007174246053573224
500 0.0012613940824164568
600 0.0018514426186670193
700 0.001125630226572401
800 0.000885341643694347
900 0.00043643374965790196
1000 0.009865972846153474
2000 0.0007112950688954522
3000 0.0007959794542239227
4000 0.0011978404675223285
5000 0.00014608728567457431
6000 0.0004834268625322406
7000 0.00012463390805802843
8000 8.065179555092435e-07
4
1 0.0011136399929671634
10 0.0012266600424658588
20 0.013596817372611833
30 0.01318307366143559
40 0.0013879636335677075
50 0.0011574608018831657
60 0.0015262545790056925
70 0.0030515413364647736
80 0.0016636314707607668
90 0.0012564474389560002
100 0.0012414462049835282
110 0.0007918930965826759
120 0.0009273343452445282
130 0.0007289846960529549
140 0.0008468976211484062
150 0.0006601618305161661
160 0.000810227938104586
170 0.0007218873380444735
180 0.000784311827800889
190 0.0006500534721404503
200 0.004362509389213199
300 0.013262273724666599
400 0.0004437999469848864
500 0.0010020716757883847
600 0.0018797245149735436
700 0.0011507935867842893
800 0.0007108649259858472
900 0.00031282143101018524
1000 0.003262633969353393
2000 0.0001666266096082097
3000 0.0002459342085666186
4000 0.00021942665176221486
5000 1.397964456216022e-05
6000 0.0001623251805121604
7000 4.156255864057635e-05
8000 2.6883931850308117e-07
3
1 0.0019185449125653884
10 0.0014799604483594618
20 0.025936004413266253
30 0.02300667743099298
40 0.0020694175381093176
50 0.0016744925792282913
60 0.0021515748338438593
70 0.0047422718105306514
80 0.0024395017439606593
90 0.0018764984431515065
100 0.0018099875957538444
110 0.0011857426981896897
120 0.0013992011170811363
130 0.0012714486729284722
140 0.0013784467216926984
150 0.0011314909237157681
160 0.0013950072237124882
170 0.0012155300946798313
180 0.0014217298519716944
190 0.0012261761316925532
200 0.008287886046540387
300 0.015337498192055583
400 0.0013749518105521583
500 0.0017925668079148446
600 0.001833000241417708
700 0.0011993459677059456
800 0.0009023322886237416
900 0.0003912687441493843
1000 0.005195481133663146
2000 0.00028448576683996047
3000 0.0005911238935245749
4000 0.00038395631468610055
5000 2.0485556069934786e-05
6000 0.00020480179283564724
7000 5.124077410668727e-05
8000 6.452143644073948e-07
6
1 0.000826895975851777
10 0.0009541645092311356
20 0.004220831068362075
30 0.005488946133741109
40 0.0010973483302658767
50 0.0008633505874407948
60 0.0010806265246549852
70 0.0012446722768055653
80 0.0010722387379176889
90 0.0008509302109259526
100 0.0008906646622007079
110 0.000619405789831099
120 0.0007842580599371884
130 0.0006310196483904321
140 0.0007616755571829295
150 0.0006151581285987503
160 0.0007464592517556552
170 0.0007923232394922808
180 0.0007052730681609831
190 0.0005608525862611279
200 0.003173809458519975
300 0.009176830137102675
400 0.00017781032525793789
500 0.0003047562514550928
600 0.0005278928858126502
700 0.00029163689271214245
800 0.0003937420658796127
900 0.00022501850958707895
1000 0.003741490563471081
2000 4.607905919142811e-05
3000 5.6187417567143964e-05
4000 5.0756863333381726e-05
5000 4.301429096049299e-06
6000 3.387375413138823e-05
7000 7.957643827691203e-06
8000 5.3767863700616236e-08
5
1 0.0007230702310458871
10 0.0008061415804633392
20 0.0071407486744877405
30 0.008254765042500807
40 0.0010541189678505813
50 0.0008678670879916467
60 0.0011227805297962681
70 0.0013525306113890013
80 0.0012170355948634484
90 0.0010101906232071777
100 0.0010131478557107118
110 0.0006890889411870977
120 0.0008487794963779278
130 0.0007130694083975725
140 0.0008907184300644085
150 0.0007339313395134116
160 0.0009304528813391639
170 0.0010196537672184861
180 0.0009191616299620345
190 0.0007574278959505808
200 0.004616024866561604
300 0.016221656942748516
400 0.00019135982691049317
500 0.0004968688284573946
600 0.0012868262819468483
700 0.0007192527127231434
800 0.0006650009382492216
900 0.0003716434738986594
1000 0.0029924504542577965
2000 8.043672409612189e-05
3000 9.420129720347964e-05
4000 9.721229757071415e-05
5000 6.344607916672716e-06
6000 6.532795439624872e-05
7000 1.5915287655382406e-05
8000 1.0753572740123247e-07
2450
1 1.613035911018487e-07
8400
1 5.3767863700616236e-08
7
1 0.00058284364251468
10 0.0006225243259257347
20 0.0028538906695013085
30 0.0041312000395731475
40 0.0007412975368403961
50 0.0006130611819144263
60 0.0007524812524901242
70 0.0012476295093090991
80 0.0007789350414308273
90 0.000600909644718087
100 0.0005826285710598775
110 0.0003889567260102578
120 0.0004597690025039694
130 0.0003542226860596597
140 0.00041213067526522343
150 0.0003230373251133023
160 0.0003786332961797395
170 0.0003666968304382027
180 0.0003560507934254807
190 0.00027566783719305945
200 0.00160980983919645
300 0.0042742763248804876
400 0.00010441719130659673
500 0.00018168161144438227
600 0.0003246503610243208
700 0.00018560666549452724
800 0.00019135982691049317
900 0.00011565467482002552
1000 0.003669925536885561
2000 7.839354527549847e-05
3000 2.1883520526150808e-05
4000 3.8766629728144306e-05
5000 3.0647682309351252e-06
6000 1.4302251744363919e-05
7000 3.817518322743752e-06
8
1 0.00030115380458715154
10 0.0001950698095058357
20 0.001909243072145182
30 0.00272140665334299
40 0.00026109674613019246
50 0.0002218999734924432
60 0.00027470001564644834
70 0.0004519188944036794
80 0.00030378842990848174
90 0.00023136311750375166
100 0.00021706086575938772
110 0.00012893533715407774
120 0.00015608810832288893
130 0.00012194551487299762
140 0.00014022658853120714
150 0.00011775162150434955
160 0.00013571008798035538
170 0.0001712506458864627
180 0.00013501110575224736
190 0.0001122672994068867
200 0.0007098433365755355
300 0.0021427031363332573
400 6.55967937147518e-05
500 0.0001752294678003083
600 0.0004405738751628494
700 0.00021421116898325508
800 0.00013259155188571962
900 6.505911507774565e-05
1000 0.0024411685477353784
2000 0.00010183633384896714
3000 1.1936465741536804e-05
4000 2.640002107700257e-05
5000 3.441143276839439e-06
6000 1.1721394286734339e-05
7000 3.27983968573759e-06
8000 5.3767863700616236e-08
4050
1 1.0753572740123247e-07
12800
1 5.3767863700616236e-08
7600
1 5.3767863700616236e-08
9
1 0.0002259325632699894
10 0.00016791703833702448
20 0.0013557566832110384
30 0.002056029340047864
40 0.00018270320085469395
50 0.0001547439117303735
60 0.00018372479026500566
70 0.0002305028316845418
80 0.00018200421862658595
90 0.00014194716016962684
100 0.0001473239465396885
110 9.457767224938395e-05
120 0.00011452554968231257
130 9.038377888073589e-05
140 0.00011043919204106574
150 8.575974260248289e-05
160 0.00010511617353470474
170 0.00013839848116538618
180 0.0001116220850424793
190 8.898581442451986e-05
200 0.0005981674836693556
300 0.001725410746152775
400 5.070309546968111e-05
500 0.00011232106727058732
600 0.00017141194947756455
700 0.00010974020981295773
800 9.699722611591169e-05
900 5.699393552265321e-05
1000 0.0012387578117984974
2000 5.7746685614461837e-05
3000 6.936054417379494e-06
4000 1.9894109569228005e-05
5000 1.2366608651141734e-06
6000 8.2802510098949e-06
7000 2.0431788206234167e-06
8000 5.3767863700616236e-08
10
1 0.0002318470282770572
10 0.00026276354990491154
20 0.0023413216248433337
30 0.002331804712968325
40 0.00039702190556535025
50 0.0003398666664515952
60 0.0004404663394354482
70 0.0006884974946863909
80 0.00048568511280766644
90 0.00039229033355969603
100 0.00038642963641632885
110 0.00025593503121493325
120 0.00030722957318532116
130 0.0002504507091174704
140 0.00030169148322415766
150 0.00024389102974599523
160 0.00030986419850665136
170 0.00042046469413881897
180 0.00028894849952711165
190 0.00022759936704470852
200 0.0012974723189595704
300 0.004631079868397777
400 8.199599214343975e-05
500 0.00016641153815340724
600 0.00027206539032511814
700 0.00015678709055099693
800 0.00019351054145851782
900 0.00014463555335465767
1000 0.0020283926581057474
2000 5.96285608439834e-05
3000 1.6237894837586103e-05
4000 2.769044980581736e-05
5000 2.312018139126498e-06
6000 2.166844907134834e-05
7000 4.624036278252996e-06
8000 5.3767863700616236e-08
460
1 1.613035911018487e-07
1950
1 1.0753572740123247e-07
1500
1 1.0753572740123247e-07
18
1 4.167009436797758e-05
10 5.1025702651884803e-05
20 0.00023475049291689048
30 0.00024502015488370816
40 6.269332907491852e-05
50 5.215482778959775e-05
60 5.968232870768402e-05
70 5.5864810384940264e-05
80 5.452061379242486e-05
90 4.607905919142811e-05
100 4.57026841455238e-05
110 3.0916521627854335e-05
120 3.500287926910117e-05
130 3.08089859004531e-05
140 3.3228539766980835e-05
150 2.957232503533893e-05
160 3.441143276839439e-05
170 6.349984703042777e-05
180 2.855073562502722e-05
190 2.3657860028271144e-05
200 0.00013350560556863012
300 0.0004074528711232698
400 1.811977006710767e-05
500 3.328230763068145e-05
600 8.90933501519211e-05
700 5.984363229878587e-05
800 5.6187417567143964e-05
900 4.839107733055461e-05
1000 0.001338981109736446
2000 3.51104149965024e-05
3000 4.785339869354844e-06
4000 9.248072556505992e-06
5000 1.613035911018487e-07
120
1 4.301429096049299e-07
30 0.00014689380363008356
500 1.0753572740123247e-07
600 2.1507145480246495e-07
700 1.0753572740123247e-07
800 7.527500918086272e-07
900 2.096946684324033e-06
1000 0.00012065508614418283
2000 4.6778041419536126e-06
3250
1 1.0753572740123247e-07
1250
1 1.0753572740123247e-07
1150
1 3.226071822036974e-07
12
1 0.00018867143372546238
10 0.00025582749548753206
20 0.001474045983352394
30 0.0015118985593976278
40 0.000305293930092099
50 0.00023604092164570525
60 0.0002955081788985868
70 0.000355728186243277
80 0.0002766894266033711
90 0.0002222225806746469
100 0.0002172759372141902
110 0.00014780785731299402
120 0.00017431541411739782
130 0.00013662414166326585
140 0.00016173373401145362
150 0.0001212465326448896
160 0.0001523781257275464
170 0.00021517899052986617
180 0.00014210846376072871
190 0.0001109768706780719
200 0.0006257503977477717
300 0.0018162246679431157
400 7.075850863001097e-05
500 0.00011146078145137745
600 0.00013162373033910854
700 9.947054784614003e-05
800 0.00010581515576281275
900 7.172633017662206e-05
1000 0.002804209163441939
2000 5.780045347816245e-05
3000 3.5217950723903634e-05
4000 2.8174360579122907e-05
5000 3.3336075494382065e-06
6000 5.968232870768402e-06
7000 9.14053682910476e-07
4100
1 5.3767863700616236e-08
420
1 2.1507145480246495e-07
220
1 2.6883931850308117e-07
1000 1.8334841521910136e-05
2000 1.0753572740123247e-06
40
1 6.398375780373332e-06
10 8.387786737296132e-06
20 6.489781148664379e-05
30 0.00017775655739423726
40 1.1613858559333107e-05
50 9.731983329811539e-06
60 1.1452554968231258e-05
70 8.764161783200446e-06
80 1.0538501285320782e-05
90 9.355608283907225e-06
100 9.893286920913388e-06
110 8.118947418793052e-06
120 8.71039391949983e-06
130 6.720982962577029e-06
140 8.495322464697366e-06
150 7.366197326984424e-06
160 1.1076179922326944e-05
170 8.24799029167453e-05
180 1.0377197694218933e-05
190 7.204893735882575e-06
200 3.763750459043136e-05
300 0.0001523243578638458
400 2.580857457629579e-06
500 2.6883931850308117e-07
600 4.301429096049299e-07
700 1.0753572740123247e-06
800 2.957232503533893e-06
900 7.796340236589355e-06
1000 0.0007145749085811897
2000 4.892875596756077e-05
14
1 6.215565043791237e-05
10 7.91462953673071e-05
20 0.0009124406469994575
30 0.0010631519689522848
40 9.183551120065253e-05
50 7.941513468581018e-05
60 9.774997620772031e-05
70 0.00010818094176563986
80 9.683592252480984e-05
90 7.371574113354486e-05
100 8.000658118651696e-05
110 5.323018506361007e-05
120 6.651084739766228e-05
130 5.070309546968111e-05
140 6.500534721404502e-05
150 5.4359310201323015e-05
160 6.0865221709097574e-05
170 0.00012070885400788345
180 6.005870375358833e-05
190 4.597152346402688e-05
200 0.00027609798010266433
300 0.0008066254912366447
400 4.597152346402688e-05
500 8.097440273312804e-05
600 0.00010581515576281275
700 8.108193846052928e-05
800 8.871697510601679e-05
900 7.468356268015594e-05
1000 0.0017839101818590455
2000 0.00010457849489769857
3000 1.4248483880663302e-05
4000 1.4571091062867e-05
5000 1.4517323199166383e-06
16
1 4.607905919142811e-05
10 5.6563792613048275e-05
20 0.00029593832180819173
30 0.0006145666820980435
40 8.608234978468659e-05
50 7.414588404314979e-05
60 8.828683219641185e-05
70 0.00010850354894784356
80 8.903958228822049e-05
90 7.500616986235964e-05
100 7.575891995416828e-05
110 4.925136314976447e-05
120 6.45752043044401e-05
130 5.253120283550206e-05
140 6.468274003184132e-05
150 5.607988183974273e-05
160 6.893040126419001e-05
170 0.00021082379357011626
180 6.543549012364996e-05
190 5.462814951982609e-05
200 0.000307390876776423
300 0.0010145995880306282
400 2.3335252846067447e-05
500 4.7584559375045365e-05
600 8.748031424090261e-05
700 6.339231130302653e-05
800 6.344607916672716e-05
900 4.763832723874598e-05
1000 0.001617928786615243
2000 5.021918469637556e-05
3000 3.871286186444369e-06
4000 1.043096555791955e-05
5000 6.452143644073948e-07
3500
1 5.3767863700616236e-08
39200
1 5.3767863700616236e-08
3550
1 5.3767863700616236e-08
6200
1 1.0753572740123247e-07
4150
1 5.3767863700616236e-08
1200
1 1.613035911018487e-07
1000
1 5.3767863700616236e-08
2050
1 1.0753572740123247e-07
360
1 1.613035911018487e-07
260
1 3.763750459043136e-07
1000 5.3767863700616236e-08
1900
1 1.613035911018487e-07
2950
1 5.3767863700616236e-08
8000
1 1.613035911018487e-07
180
1 3.226071822036974e-07
800 2.6883931850308117e-07
900 6.452143644073948e-07
1000 4.8874988103860154e-05
2000 1.129125137712941e-06
550
1 4.301429096049299e-07
950
1 3.226071822036974e-07
3300
1 5.3767863700616236e-08
52800
1 5.3767863700616236e-08
3850
1 1.0753572740123247e-07
2700
1 1.0753572740123247e-07
850
1 2.1507145480246495e-07
11200
1 5.3767863700616236e-08
7000
1 5.3767863700616236e-08
8600
1 5.3767863700616236e-08
6800
1 5.3767863700616236e-08
700
1 2.1507145480246495e-07
440
1 1.613035911018487e-07
2750
1 1.0753572740123247e-07
650
1 3.763750459043136e-07
80
1 8.602858192098598e-07
10 1.0753572740123247e-07
20 2.1507145480246494e-05
30 0.00018571420122192846
40 2.6883931850308117e-07
50 1.613035911018487e-07
70 5.3767863700616236e-08
90 5.3767863700616236e-08
130 5.3767863700616236e-08
200 1.0753572740123247e-07
300 2.6883931850308117e-07
400 1.0753572740123247e-07
500 2.1507145480246495e-07
600 1.613035911018487e-07
700 5.376786370061623e-07
800 2.527089593928963e-06
900 4.6778041419536126e-06
1000 0.0002749150871012508
2000 5.376786370061624e-06
2800
1 5.3767863700616236e-08
3200
1 5.3767863700616236e-08
380
1 3.226071822036974e-07
8200
1 5.3767863700616236e-08
4500
1 1.0753572740123247e-07
5800
1 5.3767863700616236e-08
5400
1 1.0753572740123247e-07
240
1 6.452143644073948e-07
1000 7.473733054385657e-06
2000 6.98982228108011e-07
10000
1 5.3767863700616236e-08
750
1 1.613035911018487e-07
9200
1 5.3767863700616236e-08
500
1 4.301429096049299e-07
3750
1 5.3767863700616236e-08
200
1 4.301429096049299e-07
1000 9.102899324514329e-05
2000 1.344196592515406e-06
2350
1 1.0753572740123247e-07
53400
1 5.3767863700616236e-08
50
1 1.129125137712941e-06
10 9.14053682910476e-07
20 2.473321730228347e-06
30 1.4678626790268231e-05
40 1.344196592515406e-06
50 1.2366608651141734e-06
60 1.0753572740123247e-06
70 1.6668037747191032e-06
80 6.98982228108011e-07
90 9.678215466110922e-07
100 8.065179555092435e-07
110 7.527500918086272e-07
120 8.602858192098598e-07
130 3.763750459043136e-07
140 7.527500918086272e-07
150 8.602858192098598e-07
160 1.1828930014135571e-06
170 4.624036278252996e-06
180 9.678215466110922e-07
190 6.98982228108011e-07
200 3.011000367234509e-06
300 1.6022823382783636e-05
400 3.226071822036974e-07
700 5.3767863700616236e-08
800 3.763750459043136e-07
900 5.376786370061623e-07
1000 8.672756414909399e-05
2000 1.1721394286734339e-05
3000 5.3767863700616236e-08
60
1 3.817518322743752e-06
10 3.925054050144985e-06
20 0.00015818505500721295
30 0.00015522782250367907
40 4.462732687151147e-06
50 3.6024468679412877e-06
60 3.817518322743752e-06
70 2.957232503533893e-06
80 3.0647682309351252e-06
90 2.688393185030812e-06
100 2.8496967761326604e-06
110 2.1507145480246493e-06
120 2.473321730228347e-06
130 1.7743395021203357e-06
140 2.0431788206234167e-06
150 1.7743395021203357e-06
160 1.828107365820952e-06
170 2.527089593928963e-06
180 2.0431788206234167e-06
190 1.613035911018487e-06
200 7.312429463283808e-06
300 1.5485144745777476e-05
400 1.613035911018487e-06
500 2.6883931850308117e-07
600 7.527500918086272e-07
700 1.0753572740123247e-06
800 2.0431788206234167e-06
900 5.591857824864088e-06
1000 0.00041121662158231297
2000 1.811977006710767e-05
4600
1 5.3767863700616236e-08
2000
1 1.0753572740123247e-07
47000
1 5.3767863700616236e-08
100
1 3.763750459043136e-07
30 2.7797985533218593e-05
300 1.613035911018487e-07
400 5.3767863700616236e-08
600 2.1507145480246495e-07
700 3.763750459043136e-07
800 1.0753572740123247e-06
900 3.226071822036974e-06
1000 0.00020114557810400533
2000 7.5275009180862725e-06
1050
1 1.613035911018487e-07
26
1 1.3441965925154058e-05
10 1.5377609018376242e-05
20 6.742490108057276e-05
30 0.00017329382470708613
40 2.096946684324033e-05
50 1.6076591246484253e-05
60 1.9571502387024308e-05
70 2.6615092531805035e-05
80 2.113077043434218e-05
90 1.8926288022616914e-05
100 1.8227305794508903e-05
110 1.3495733788854674e-05
120 1.5323841154675625e-05
130 1.1775162150434955e-05
140 1.5485144745777476e-05
150 1.3818340971058372e-05
160 1.725948424789781e-05
170 8.640495696689029e-05
180 1.397964456216022e-05
190 1.215153719633927e-05
200 6.204811471051114e-05
300 0.00028125969501792354
400 2.4195538665277306e-06
500 2.4195538665277306e-06
600 1.0108358375715851e-05
700 1.3657037379956523e-05
800 2.4464377983780385e-05
900 2.3227717118666213e-05
1000 0.000646451025272509
2000 4.14012550494745e-05
3000 9.14053682910476e-06
4000 3.011000367234509e-06
5000
1 1.0753572740123247e-07
22
1 1.6022823382783636e-05
10 1.8496145113011983e-05
20 6.753243680797399e-05
30 0.0001711968780227621
40 2.5593503121493327e-05
50 2.08619311158391e-05
60 2.7475378351014896e-05
70 2.9464789307937696e-05
80 2.7905521260619823e-05
90 2.2958877800163133e-05
100 2.2474967026857586e-05
110 1.5753984064280556e-05
120 1.984034170552739e-05
130 1.4194716016962685e-05
140 1.7474555702700275e-05
150 1.527007329097501e-05
160 1.6506734156089184e-05
170 6.774750826277646e-05
180 1.6237894837586103e-05
190 1.5323841154675625e-05
200 7.91462953673071e-05
300 0.0003438992562291414
400 2.8496967761326604e-06
500 7.312429463283808e-06
600 2.0324252478832936e-05
700 2.6830163986607502e-05
800 3.5594325769807945e-05
900 2.7367842623613663e-05
1000 0.0011734836252659494
2000 3.387375413138823e-05
3000 2.957232503533893e-06
4000 5.753161415965937e-06
30
1 1.0108358375715851e-05
10 1.3441965925154058e-05
20 5.935972152548032e-05
30 5.8015524932964914e-05
40 1.6506734156089184e-05
50 1.3173126606650977e-05
60 1.4947466108771313e-05
70 2.1023234706940947e-05
80 1.6775573474592264e-05
90 1.285051942444728e-05
100 1.3549501652555291e-05
110 7.312429463283808e-06
120 9.893286920913388e-06
130 1.0108358375715851e-05
140 1.043096555791955e-05
150 8.54909032839798e-06
160 9.248072556505992e-06
170 6.468274003184132e-05
180 1.0162126239416468e-05
190 7.1511258721819595e-06
200 3.7906343908934445e-05
300 0.00019195127341119995
400 2.8496967761326604e-06
500 4.839107733055461e-07
600 3.817518322743752e-06
700 5.107947051558542e-06
800 1.5915287655382406e-05
900 2.4034235074175458e-05
1000 0.0003779880818153321
2000 1.0753572740123247e-05
3000 5.3767863700616236e-08
4000 8.065179555092435e-07
24
1 2.000164529662924e-05
10 2.527089593928963e-05
20 5.484322097462856e-05
30 0.00016452966292388566
40 2.8013056988021057e-05
50 2.2313663435755735e-05
60 2.7206539032511812e-05
70 2.338902070976806e-05
80 2.4034235074175458e-05
90 1.7904698612305206e-05
100 1.9786573841826775e-05
110 1.4463555335465768e-05
120 1.6506734156089184e-05
130 1.3764573107357757e-05
140 1.5915287655382406e-05
150 1.285051942444728e-05
160 1.3925876698459605e-05
170 4.693934501063797e-05
180 1.2581680105944198e-05
190 1.0323429830518317e-05
200 5.785422134186307e-05
300 0.00023991220783214963
400 5.107947051558542e-06
500 5.107947051558542e-06
600 1.3549501652555291e-05
700 2.156091334394711e-05
800 2.6830163986607502e-05
900 2.1345841889144644e-05
1000 0.0005970383585316427
2000 2.6023646031098257e-05
3000 2.9034646398332767e-06
4000 3.925054050144985e-06
32
1 5.4305542337622395e-06
10 7.043590144780727e-06
20 6.85540262182857e-05
30 6.887663340048939e-05
40 1.069980487642263e-05
50 8.871697510601678e-06
60 1.0968644194925712e-05
70 8.2802510098949e-06
80 8.979233238002911e-06
90 7.258661599583191e-06
100 7.903875963990586e-06
110 5.4305542337622395e-06
120 6.075768598169635e-06
130 5.4305542337622395e-06
140 6.075768598169635e-06
150 5.968232870768402e-06
160 6.882286553678878e-06
170 2.795928912432044e-05
180 7.312429463283808e-06
190 5.860697143367169e-06
200 2.6077413894798874e-05
300 0.00011113817426917375
400 1.0753572740123247e-06
500 4.301429096049299e-07
600 2.4195538665277306e-06
700 2.580857457629579e-06
800 7.903875963990586e-06
900 1.0753572740123247e-05
1000 0.0005865536251100225
2000 2.8712039216129068e-05
4000 1.0215894103117083e-06
28
1 5.645625688564705e-06
10 7.796340236589355e-06
20 6.075768598169634e-05
30 0.00010984774554035896
40 1.0323429830518317e-05
50 7.204893735882575e-06
60 1.2097769332638652e-05
70 1.4140948153262069e-05
80 1.0162126239416468e-05
90 8.441554600996749e-06
100 7.796340236589355e-06
110 4.892875596756077e-06
120 6.667215098876413e-06
130 5.376786370061624e-06
140 6.55967937147518e-06
150 6.237072189271483e-06
160 7.312429463283808e-06
170 2.5163360211888396e-05
180 6.667215098876413e-06
190 4.892875596756077e-06
200 2.623871748590072e-05
300 0.00014399033899025027
400 5.914465007067786e-07
500 1.2904287288147896e-06
600 7.796340236589355e-06
700 8.817929646901063e-06
800 1.440978747176515e-05
900 1.6721805610891647e-05
1000 0.0004946643460456694
2000 1.725948424789781e-05
3000 9.678215466110922e-07
4000 1.8818752295215681e-06
5000 5.3767863700616236e-08
20
1 2.3765395755672374e-05
10 3.1991878901866656e-05
20 0.00013194633752131225
30 0.00021082379357011626
40 4.586398773662565e-05
50 3.457273635949624e-05
60 4.618659491882934e-05
70 4.6347898509931193e-05
80 4.53800769633201e-05
90 3.602446867941288e-05
100 3.8766629728144306e-05
110 2.4034235074175458e-05
120 2.9518557171638313e-05
130 2.5163360211888396e-05
140 3.070145017305187e-05
150 2.6023646031098257e-05
160 3.258332540257344e-05
170 0.00011307381736239594
180 3.0325075127147557e-05
190 2.4786985165984082e-05
200 0.00013898992766609296
300 0.0005826285710598775
400 7.635036645487504e-06
500 1.8657448704113834e-05
600 6.962938349229802e-05
700 4.602529132772749e-05
800 4.032589777546218e-05
900 2.1345841889144644e-05
1000 0.0010423438057001464
2000 5.7424078432258136e-05
3000 1.3818340971058372e-05
4000 8.54909032839798e-06
5000 5.3767863700616236e-08
34
1 3.817518322743752e-06
10 4.516500550851764e-06
20 4.581021987292503e-05
30 5.392916729171808e-05
40 5.376786370061624e-06
50 4.7315720056542285e-06
60 5.269250642660391e-06
70 6.55967937147518e-06
80 6.022000734469018e-06
90 5.860697143367169e-06
100 5.054179187857926e-06
110 3.387375413138823e-06
120 4.247661232348683e-06
130 3.3336075494382065e-06
140 3.172303958336358e-06
150 3.0647682309351252e-06
160 3.494911140540055e-06
170 1.2796751560746663e-05
180 3.70998259534252e-06
190 2.742161048731428e-06
200 1.440978747176515e-05
300 6.763997253537522e-05
400 6.452143644073948e-07
500 3.763750459043136e-07
600 1.9356430932221845e-06
700 1.9894109569228008e-06
800 8.925465374302295e-06
900 1.3388198061453443e-05
1000 0.00039003208328427017
2000 1.3173126606650977e-05
4000 1.613035911018487e-07
38
1 3.0647682309351252e-06
10 4.516500550851764e-06
20 3.317477190328022e-05
30 3.4303897040993156e-05
40 4.839107733055461e-06
50 3.656214731641904e-06
60 3.7637504590431363e-06
70 3.1185360946357416e-06
80 4.0325897775462175e-06
90 3.441143276839439e-06
100 3.494911140540055e-06
110 2.688393185030812e-06
120 2.688393185030812e-06
130 2.527089593928963e-06
140 3.0647682309351252e-06
150 2.258250275425882e-06
160 3.1185360946357416e-06
170 1.4893698245070696e-05
180 2.3657860028271142e-06
190 1.9356430932221845e-06
200 1.129125137712941e-05
300 5.0434256151178026e-05
400 8.602858192098598e-07
500 5.3767863700616236e-08
600 2.1507145480246495e-07
700 2.6883931850308117e-07
800 3.494911140540055e-06
900 6.55967937147518e-06
1000 0.0004770284867518672
2000 2.742161048731428e-05
36
1 5.538089961163472e-06
10 6.882286553678878e-06
20 3.295970044847775e-05
30 3.0432610854548787e-05
40 8.334018873595517e-06
50 5.161714915259158e-06
60 6.344607916672716e-06
70 6.183304325570867e-06
80 6.183304325570867e-06
90 6.505911507774564e-06
100 5.269250642660391e-06
110 4.14012550494745e-06
120 5.806929279666553e-06
130 3.387375413138823e-06
140 4.624036278252996e-06
150 3.9788219138456016e-06
160 4.946643460456694e-06
170 2.8066824851721674e-05
180 4.6778041419536126e-06
190 3.172303958336358e-06
200 1.7958466476005823e-05
300 7.828600954809723e-05
400 1.6668037747191032e-06
600 7.527500918086272e-07
700 9.14053682910476e-07
800 4.57026841455238e-06
900 7.258661599583191e-06
1000 0.0004101412643083006
2000 1.3603269516255906e-05
42
1 2.527089593928963e-06
10 2.688393185030812e-06
20 3.634707586161657e-05
30 2.5862342439996407e-05
40 3.70998259534252e-06
50 3.172303958336358e-06
60 3.27983968573759e-06
70 3.0647682309351252e-06
80 4.355196959749915e-06
90 3.494911140540055e-06
100 3.70998259534252e-06
110 3.441143276839439e-06
120 2.795928912432044e-06
130 2.6346253213301955e-06
140 4.086357641246833e-06
150 3.7637504590431363e-06
160 3.656214731641904e-06
170 2.7099003305110582e-05
180 3.1185360946357416e-06
190 2.957232503533893e-06
200 1.3872108834758988e-05
300 5.3875399428017464e-05
400 2.6883931850308117e-07
500 5.3767863700616236e-08
600 2.6883931850308117e-07
700 2.1507145480246495e-07
800 1.4517323199166383e-06
900 3.7637504590431363e-06
1000 0.0003262633969353393
2000 1.4140948153262069e-05
44
1 1.397964456216022e-06
10 1.7205716384197196e-06
20 1.9947877432928622e-05
30 3.994952272955786e-05
40 2.096946684324033e-06
50 1.828107365820952e-06
60 2.312018139126498e-06
70 1.344196592515406e-06
80 2.0431788206234167e-06
90 1.9894109569228008e-06
100 2.3657860028271142e-06
110 1.613035911018487e-06
120 1.6668037747191032e-06
130 1.6668037747191032e-06
140 2.473321730228347e-06
150 1.397964456216022e-06
160 1.6668037747191032e-06
170 1.559268047317871e-05
180 2.312018139126498e-06
190 1.8818752295215681e-06
200 7.204893735882575e-06
300 3.5056647132801784e-05
400 4.301429096049299e-07
500 5.3767863700616236e-08
600 1.0753572740123247e-07
700 3.763750459043136e-07
800 1.2366608651141734e-06
900 1.8818752295215681e-06
1000 0.00025136476280038087
2000 3.4303897040993156e-05
46
1 1.129125137712941e-06
10 1.397964456216022e-06
20 2.9518557171638313e-05
30 2.7529146214715513e-05
40 2.795928912432044e-06
50 2.312018139126498e-06
60 1.9356430932221845e-06
70 1.613035911018487e-06
80 2.580857457629579e-06
90 1.828107365820952e-06
100 2.312018139126498e-06
110 1.5592680473178708e-06
120 1.4517323199166383e-06
130 1.5592680473178708e-06
140 3.172303958336358e-06
150 2.096946684324033e-06
160 3.172303958336358e-06
170 3.295970044847775e-05
180 2.527089593928963e-06
190 1.7743395021203357e-06
200 1.0215894103117085e-05
300 4.0218362048060945e-05
400 4.301429096049299e-07
500 5.3767863700616236e-08
600 5.3767863700616236e-08
700 2.1507145480246495e-07
800 5.914465007067786e-07
900 2.2044824117252657e-06
1000 0.0002123292937537335
2000 1.2044001468938036e-05
48
1 3.0647682309351252e-06
10 2.580857457629579e-06
20 1.3549501652555291e-05
30 2.4625681574882235e-05
40 3.9788219138456016e-06
50 3.3336075494382065e-06
60 3.7637504590431363e-06
70 3.3336075494382065e-06
80 3.0647682309351252e-06
90 3.1185360946357416e-06
100 2.580857457629579e-06
110 2.0431788206234167e-06
120 2.258250275425882e-06
130 2.527089593928963e-06
140 3.011000367234509e-06
150 2.688393185030812e-06
160 2.258250275425882e-06
170 1.3065590879249745e-05
180 2.096946684324033e-06
190 1.9894109569228008e-06
200 9.83951905721277e-06
300 3.640084372531719e-05
400 1.0215894103117083e-06
500 5.3767863700616236e-08
600 5.3767863700616236e-08
700 5.3767863700616236e-08
800 7.527500918086272e-07
900 2.096946684324033e-06
1000 0.0001613035911018487
2000 1.3280662334052209e-05
140
1 3.763750459043136e-07
30 2.430307439267854e-05
600 1.0753572740123247e-07
700 3.226071822036974e-07
800 3.763750459043136e-07
900 1.129125137712941e-06
1000 9.50615830226895e-05
2000 1.9894109569228008e-06
480
1 1.613035911018487e-07
1550
1 5.3767863700616236e-08
2100
1 5.3767863700616236e-08
10600
1 5.3767863700616236e-08
2150
1 1.0753572740123247e-07
300
1 5.3767863700616236e-08
280
1 1.0753572740123247e-07
1350
1 1.0753572740123247e-07
13800
1 5.3767863700616236e-08
13000
1 5.3767863700616236e-08
9400
1 1.0753572740123247e-07
900
1 2.6883931850308117e-07
4450
1 5.3767863700616236e-08
340
1 2.1507145480246495e-07
45600
1 5.3767863700616236e-08
12400
1 1.0753572740123247e-07
2650
1 5.3767863700616236e-08
3400
1 5.3767863700616236e-08
800
1 2.6883931850308117e-07
2900
1 5.3767863700616236e-08
28800
1 5.3767863700616236e-08
9000
1 5.3767863700616236e-08
320
1 2.1507145480246495e-07
600
1 5.3767863700616236e-08
1800
1 5.3767863700616236e-08
1100
1 1.613035911018487e-07
1650
1 1.0753572740123247e-07
1450
1 1.0753572740123247e-07
400
1 1.0753572740123247e-07
4250
1 5.3767863700616236e-08
7400
1 5.3767863700616236e-08
160
1 2.6883931850308117e-07
800 2.1507145480246495e-07
900 1.0215894103117083e-06
1000 5.5273363884233486e-05
2000 1.5055001836172545e-06
2250
1 5.3767863700616236e-08
3600
1 5.3767863700616236e-08
