1
1 0.023525139136119123
10 0.0008240031599752921
20 0.206103268033692
30 0.014349947205165407
40 0.0010923490435468665
50 0.001513254769407695
60 0.00408677794127404
70 0.00777971618854725
80 0.004828232918569432
90 0.0016674218582444548
100 0.001536977728448881
110 0.0014600227637543016
120 0.0028740782762499365
130 0.003421185001020923
140 0.005498647598465066
150 0.005562358851608198
160 0.005087128192441673
170 0.0028830145670540688
180 0.002653371180346435
190 0.0018384328908990757
200 0.010705419223903074
300 0.03334747281696059
400 0.021862153278345786
500 0.03274160515841279
600 0.015141741144328683
700 0.023093625583044758
800 0.03114085188695888
900 0.018878332207832152
1000 0.12953789990222797
2000 0.01756109722735827
3000 0.019448583282887223
4000 0.023965653269859524
5000 0.0025066617154901024
6000 1.6393914784559528e-05
7000 3.3430728188121395e-06
2
1 0.005210757596875821
10 0.00015455282800816122
20 0.05933555656247766
30 0.003193148860860795
40 0.00020328454332853817
50 0.00018078309166345645
60 0.00039737563640534297
70 0.0006669430273530218
80 0.000433185089483773
90 0.00017981874373495296
100 0.0002031559636047377
110 0.00020514894932364494
120 0.00036831661882643746
130 0.00044681454020662246
140 0.0007616419939320656
150 0.0007851077935256508
160 0.0008075449553288323
170 0.0004959962845603011
180 0.00044925755495883133
190 0.0002752891886567996
200 0.0014277492530803844
300 0.0045627800787833685
400 0.0034395719015243896
500 0.005268747052309832
600 0.002246030615346556
700 0.0034276782770728464
800 0.004943697510542251
900 0.003445486568819211
1000 0.035933789671345084
2000 0.0038015881138846043
3000 0.003688052217768792
4000 0.0061490681313097284
5000 0.00042270584199403493
6000 1.8001161332065366e-06
7000 6.428986190023345e-08
4
1 0.001217778564114222
10 3.70952503164347e-05
20 0.01661982935927695
30 0.0003546871681035879
40 4.281704802555548e-05
50 3.542371390702863e-05
60 5.528928123420077e-05
70 6.840441306184839e-05
80 7.45762398042708e-05
90 5.246052731059049e-05
100 5.43892231675975e-05
110 4.230272913035361e-05
120 5.927525267201524e-05
130 6.229687618132621e-05
140 9.334887947913897e-05
150 9.585618409324808e-05
160 0.00011057856246840154
170 6.846870292374862e-05
180 6.763293471904559e-05
190 3.503797473562723e-05
200 0.0001505025667084465
300 0.0005039039375740298
400 0.00048095245687564646
500 0.0006009816290433823
600 0.000279789478989816
700 0.0003242137735628773
800 0.000552442783308706
900 0.0006089535719190112
1000 0.008045490477642815
2000 0.000663985693705611
3000 0.0005145117647875683
4000 0.0011154933938309507
5000 6.075391949572061e-05
6
1 0.00041505534842790713
10 1.2665102794345989e-05
20 0.005322429086996527
30 3.658093142123283e-05
40 7.26475439472638e-06
50 4.436000471116108e-06
60 7.007594947125446e-06
70 9.643479285035017e-06
80 1.324371155144809e-05
90 5.850377432921244e-06
100 8.807711080331982e-06
110 5.59321798532031e-06
120 1.2665102794345989e-05
130 1.4015189894250891e-05
140 2.121565442707704e-05
150 1.9415538293870503e-05
160 2.5780234621993614e-05
170 1.9286958570070035e-05
180 1.677965395596093e-05
190 9.000580666032683e-06
200 3.9795424516244505e-05
300 0.00012485091181025336
400 0.00016098181419818455
500 0.00012530094084355498
600 5.8375194605411974e-05
700 6.872586237134956e-05
800 0.00013758030446649959
900 0.00020071294885252883
1000 0.002973084663576296
2000 0.0002027702244333363
3000 0.0001577673211031729
4000 0.00041274091339949876
5000 2.1729973322278906e-05
18
1 1.118643597064062e-05
10 1.2215073761044355e-06
20 0.0014855458389286943
30 9.000580666032683e-07
40 6.428986190023345e-08
50 1.285797238004669e-07
60 4.5002903330163415e-07
70 3.857391714014007e-07
80 1.3500870999049023e-06
90 5.143188952018676e-07
100 6.428986190023345e-07
110 5.786087571021011e-07
120 5.143188952018676e-07
130 7.071884809025679e-07
140 3.857391714014007e-07
150 5.786087571021011e-07
160 1.0286377904037351e-06
170 5.143188952018676e-07
180 6.428986190023345e-07
190 3.857391714014007e-07
200 8.357682047030349e-07
300 1.8644059951067701e-06
400 1.5429566856056027e-06
500 1.285797238004669e-06
600 1.285797238004669e-06
700 3.53594240451284e-06
800 6.300406466222878e-06
900 1.2793682518146456e-05
1000 0.00031997064267746185
2000 1.935124843197027e-05
3000 9.000580666032683e-07
4000 9.12916038983315e-06
5000 4.5002903330163415e-07
9
1 5.5482150819901464e-05
10 5.336058537719376e-06
20 0.0022150429019106434
30 5.528928123420077e-06
40 2.1858553046079373e-06
50 1.735826271306303e-06
60 1.6072465475058362e-06
70 3.2787829569119058e-06
80 3.921681575914241e-06
90 1.6072465475058362e-06
100 2.6358843379095714e-06
110 1.735826271306303e-06
120 2.443014752208871e-06
130 2.2501451665081706e-06
140 3.2787829569119058e-06
150 4.050261299714707e-06
160 4.050261299714707e-06
170 3.407362680712373e-06
180 3.407362680712373e-06
190 2.2501451665081706e-06
200 1.3629450722849491e-05
300 2.6230263655295246e-05
400 2.4301567798288245e-05
500 3.1244872883513457e-05
600 1.973698760337167e-05
700 2.9187597302705987e-05
800 5.001751255838162e-05
900 7.740499372788108e-05
1000 0.0014495435162645636
2000 9.032725596982799e-05
3000 2.513733600299128e-05
4000 0.00017666854050184152
5000 6.364696328123112e-06
14
1 8.569838591301119e-05
10 2.6358843379095714e-06
20 0.0021206010947792003
30 1.0350667765937585e-05
40 9.643479285035018e-07
50 3.857391714014007e-07
60 6.428986190023345e-07
70 7.714783428028014e-07
80 1.8644059951067701e-06
90 7.714783428028014e-07
100 1.0286377904037351e-06
110 3.857391714014007e-07
120 9.000580666032683e-07
130 5.786087571021011e-07
140 8.357682047030349e-07
150 9.000580666032683e-07
160 8.357682047030349e-07
170 5.786087571021011e-07
180 1.0929276523039687e-06
190 1.9286958570070034e-07
200 1.285797238004669e-06
300 4.1145511616149406e-06
400 3.150203233111439e-06
500 4.178841023515174e-06
600 5.078899090118443e-06
700 1.2150783899144123e-05
800 2.2115712493680307e-05
900 4.8345976148975554e-05
1000 0.0011522671948378841
2000 6.017531073861851e-05
3000 7.136174670925913e-06
4000 2.8673278407504117e-05
5000 1.4143769618051359e-06
12
1 9.932783663586068e-05
10 5.78608757102101e-06
20 0.002276632589611067
30 0.0001105142726065013
40 5.2074788139189094e-06
50 4.500290333016341e-06
60 6.043247018621944e-06
70 6.750435499524512e-06
80 1.1057856246840154e-05
90 7.07188480902568e-06
100 8.421971908930582e-06
110 5.143188952018676e-06
120 6.750435499524512e-06
130 3.7931018521137736e-06
140 4.500290333016341e-06
150 4.371710609215875e-06
160 3.3430728188121395e-06
170 2.3787248903086377e-06
180 1.9286958570070037e-06
190 1.4143769618051359e-06
200 5.400348399619609e-06
300 2.6937452136197815e-05
400 7.65049356612778e-06
500 9.964928594536185e-06
600 1.0350667765937585e-05
700 2.256574152698194e-05
800 4.943890380127952e-05
900 9.476325644094411e-05
1000 0.0017128105007460195
2000 8.93629080413245e-05
3000 1.9865567327172135e-05
4000 6.943305085225212e-05
5000 3.7931018521137736e-06
3
1 0.002107485962951553
10 6.223258631942598e-05
20 0.02820280519811821
30 0.0008929861817942427
40 5.68965277817066e-05
50 4.9503193663179755e-05
60 0.00010144940207856838
70 0.0001580244805507738
80 0.0001228579260913461
90 6.126823839092248e-05
100 7.393334118526847e-05
110 6.634713748104092e-05
120 0.00011507885280141787
130 0.00012060778092483796
140 0.0001975627456194174
150 0.0002046989202903433
160 0.00021054929772326456
170 0.00012613670904825801
180 0.00011906482423923235
190 7.579774718037524e-05
200 0.0004093335507187864
300 0.0013613378257374433
400 0.0012811683679478522
500 0.0015760016746223227
600 0.0007037811182218556
700 0.000980934712873762
800 0.0015590934409425614
900 0.0013190993864689898
1000 0.016086159215643114
2000 0.0013968258295063722
3000 0.0011556102676566963
4000 0.0025133478611277264
5000 0.00013848036253310284
6000 5.143188952018676e-07
7000 6.428986190023345e-08
10
1 8.531264674160978e-05
10 6.621855775724045e-06
20 0.0031646041621770913
30 7.39976310471687e-05
40 3.471652542612606e-06
50 1.992985718907237e-06
60 2.7644640617100384e-06
70 4.500290333016341e-06
80 5.078899090118443e-06
90 2.7001741998098047e-06
100 4.564580194916575e-06
110 2.5073046141091043e-06
120 4.050261299714707e-06
130 3.3430728188121395e-06
140 3.53594240451284e-06
150 3.985971437814474e-06
160 3.7931018521137736e-06
170 3.3430728188121395e-06
180 3.407362680712373e-06
190 1.992985718907237e-06
200 1.0029218456436417e-05
300 3.1244872883513457e-05
400 2.0958494979476106e-05
500 2.8994727717005285e-05
600 2.0829915255675638e-05
700 3.2659249845318595e-05
800 6.666858679054209e-05
900 0.0001128287076349097
1000 0.0022111855101966294
2000 0.00013102273855267578
3000 3.169490191681509e-05
4000 0.0001989128327193223
5000 9.772059008835484e-06
28
1 2.3787248903086377e-06
10 3.857391714014007e-07
20 0.00024520153328749035
30 6.428986190023345e-08
40 3.857391714014007e-07
50 1.9286958570070034e-07
60 1.9286958570070034e-07
70 6.428986190023345e-07
80 4.5002903330163415e-07
90 3.857391714014007e-07
100 6.428986190023345e-07
110 3.2144930950116726e-07
120 3.2144930950116726e-07
130 1.9286958570070034e-07
140 3.2144930950116726e-07
150 1.285797238004669e-07
160 3.2144930950116726e-07
170 2.571594476009338e-07
180 6.428986190023345e-08
190 2.571594476009338e-07
200 3.2144930950116726e-07
300 1.2086494037243888e-05
400 1.285797238004669e-07
500 6.428986190023345e-08
600 6.428986190023345e-08
700 9.000580666032683e-07
800 9.193450251733383e-06
900 1.9158378846269566e-05
1000 0.00011700754865842487
2000 1.0222088042137118e-05
3000 6.428986190023345e-08
4000 5.786087571021011e-07
5000 6.428986190023345e-08
7
1 0.0001708824529308205
10 9.51489956123455e-06
20 0.0038578417430473085
30 1.8772639674868168e-05
40 3.53594240451284e-06
50 2.571594476009338e-06
60 3.7288119902135403e-06
70 4.821739642517509e-06
80 7.200464532826146e-06
90 3.857391714014007e-06
100 5.143188952018676e-06
110 3.021623509310972e-06
120 6.300406466222878e-06
130 5.914667294821478e-06
140 9.707769146935252e-06
150 1.118643597064062e-05
160 1.4272349341851826e-05
170 9.836348870735718e-06
180 8.486261770830816e-06
190 4.050261299714707e-06
200 1.9865567327172135e-05
300 9.122731403643126e-05
400 7.14903264330596e-05
500 7.168319601876029e-05
600 3.625948211173167e-05
700 4.6931599187170416e-05
800 8.460545826070722e-05
900 0.00012851543393856666
1000 0.0022522667319508785
2000 0.00015236697270355328
3000 8.814140066522006e-05
4000 0.00030601974264511124
5000 1.3115131827647623e-05
8
1 7.984800848008995e-05
10 8.421971908930582e-06
20 0.0029160595560707887
30 6.943305085225212e-06
40 6.1075368805221775e-06
50 4.950319366317975e-06
60 5.78608757102101e-06
70 5.914667294821478e-06
80 8.100522599429414e-06
90 5.336058537719376e-06
100 5.6575078472205435e-06
110 2.957333647410739e-06
120 4.886029504417742e-06
130 3.7931018521137736e-06
140 5.4646382615198435e-06
150 4.243130885415408e-06
160 5.2074788139189094e-06
170 3.0859133712112054e-06
180 2.6358843379095714e-06
190 2.7001741998098047e-06
200 1.2343653484844822e-05
300 4.995322269648139e-05
400 5.8375194605411974e-05
500 5.310342592959283e-05
600 2.513733600299128e-05
700 3.2530670121518126e-05
800 6.628284761914069e-05
900 0.00010273519931657305
1000 0.001793365697707012
2000 0.00011617178045372184
3000 4.603154112056715e-05
4000 0.000257223737462834
5000 9.12916038983315e-06
5
1 0.0008101165498048417
10 2.0829915255675638e-05
20 0.008979365011605607
30 0.00011887195465353165
40 1.4272349341851826e-05
50 9.90063873263595e-06
60 1.6843943817861164e-05
70 1.9094088984369336e-05
80 2.2822900974582873e-05
90 1.4400929065652293e-05
100 1.472237837515346e-05
110 1.3629450722849491e-05
120 1.9415538293870503e-05
130 2.121565442707704e-05
140 3.298069915481976e-05
150 3.240209039771766e-05
160 3.812388810683844e-05
170 2.7516060893299916e-05
180 2.4301567798288245e-05
190 1.3693740584749725e-05
200 6.396841259073229e-05
300 0.00023787248903086377
400 0.00026307411489575526
500 0.0002516305194775137
600 0.0001118643597064062
700 0.00013275856482398206
800 0.0002414084314353766
900 0.00032318513577247354
1000 0.004495790042683325
2000 0.0003342429920193137
3000 0.00030621261223081193
4000 0.0006001458608386793
5000 3.0794843850211824e-05
16
1 3.285211943101929e-05
10 1.6715364094060698e-06
20 0.0020579184794264726
30 1.285797238004669e-06
40 5.143188952018676e-07
50 2.571594476009338e-07
60 5.143188952018676e-07
70 6.428986190023345e-07
80 1.285797238004669e-06
90 1.9286958570070034e-07
100 3.857391714014007e-07
110 2.571594476009338e-07
120 1.4143769618051359e-06
130 1.0286377904037351e-06
140 6.428986190023345e-07
150 5.786087571021011e-07
160 1.3500870999049023e-06
170 6.428986190023345e-07
180 3.2144930950116726e-07
190 1.9286958570070034e-07
200 6.428986190023345e-07
300 2.957333647410739e-06
400 2.0572755808074703e-06
500 1.8001161332065366e-06
600 3.150203233111439e-06
700 7.007594947125446e-06
800 1.3693740584749725e-05
900 2.8480408821803418e-05
1000 0.000643027198726135
2000 3.6388061835532135e-05
3000 2.2501451665081706e-06
4000 1.227936362294459e-05
5000 9.000580666032683e-07
24
1 3.53594240451284e-06
10 4.5002903330163415e-07
20 0.0003705667639929456
30 7.714783428028014e-07
40 2.571594476009338e-07
50 6.428986190023345e-08
60 3.2144930950116726e-07
70 4.5002903330163415e-07
80 1.9286958570070034e-07
90 3.2144930950116726e-07
100 4.5002903330163415e-07
110 1.9286958570070034e-07
120 6.428986190023345e-07
130 1.9286958570070034e-07
140 2.571594476009338e-07
150 3.2144930950116726e-07
160 3.2144930950116726e-07
170 2.571594476009338e-07
180 6.428986190023345e-08
190 6.428986190023345e-08
200 7.071884809025679e-07
300 1.0414957627837819e-05
400 1.285797238004669e-07
500 1.285797238004669e-07
600 5.143188952018676e-07
700 9.643479285035018e-07
800 5.6575078472205435e-06
900 1.2922262241946924e-05
1000 0.00013597305791899375
2000 9.12916038983315e-06
3000 1.285797238004669e-07
4000 5.336058537719376e-06
5000 5.786087571021011e-07
26
1 3.021623509310972e-06
10 5.786087571021011e-07
20 0.00031360594634933874
30 3.857391714014007e-07
40 1.9286958570070034e-07
50 2.571594476009338e-07
60 3.857391714014007e-07
70 3.2144930950116726e-07
80 7.714783428028014e-07
90 3.857391714014007e-07
100 7.071884809025679e-07
110 1.9286958570070034e-07
120 3.857391714014007e-07
130 4.5002903330163415e-07
140 4.5002903330163415e-07
150 5.143188952018676e-07
160 3.857391714014007e-07
170 2.571594476009338e-07
180 3.2144930950116726e-07
190 2.571594476009338e-07
200 1.1572175142042022e-06
300 1.735826271306303e-05
400 6.428986190023345e-08
500 6.428986190023345e-08
600 1.285797238004669e-07
700 1.2215073761044355e-06
800 8.03623273752918e-06
900 1.9158378846269566e-05
1000 0.0001281939846290655
2000 9.193450251733383e-06
3000 1.285797238004669e-07
4000 2.5073046141091043e-06
5000 6.428986190023345e-08
22
1 3.985971437814474e-06
10 4.5002903330163415e-07
20 0.0004797952393614422
30 7.714783428028014e-07
50 6.428986190023345e-08
60 2.571594476009338e-07
70 1.285797238004669e-07
80 1.285797238004669e-07
90 6.428986190023345e-08
100 4.5002903330163415e-07
110 1.9286958570070034e-07
120 3.857391714014007e-07
130 1.9286958570070034e-07
140 2.571594476009338e-07
150 1.9286958570070034e-07
160 1.9286958570070034e-07
170 2.571594476009338e-07
180 3.2144930950116726e-07
190 1.285797238004669e-07
200 7.071884809025679e-07
300 5.528928123420077e-06
400 3.857391714014007e-07
500 5.786087571021011e-07
600 6.428986190023345e-07
700 1.5429566856056027e-06
800 4.436000471116108e-06
900 8.872000942232216e-06
1000 0.00016657503218350485
2000 1.0800696799239219e-05
3000 6.428986190023345e-08
4000 8.100522599429414e-06
5000 8.357682047030349e-07
20
1 6.236116604322645e-06
10 8.357682047030349e-07
20 0.0008252246673513965
30 7.714783428028014e-07
40 1.9286958570070034e-07
50 4.5002903330163415e-07
60 8.357682047030349e-07
70 5.786087571021011e-07
80 5.786087571021011e-07
90 4.5002903330163415e-07
100 7.071884809025679e-07
110 2.571594476009338e-07
120 3.857391714014007e-07
130 6.428986190023345e-08
140 1.285797238004669e-07
150 3.2144930950116726e-07
160 3.2144930950116726e-07
170 1.285797238004669e-07
180 1.285797238004669e-07
190 1.285797238004669e-07
200 1.0286377904037351e-06
300 2.7644640617100384e-06
400 8.357682047030349e-07
500 9.643479285035018e-07
600 7.071884809025679e-07
700 2.3144350284084044e-06
800 3.921681575914241e-06
900 8.550551632731049e-06
1000 0.00019923428202882346
2000 1.2536523070545522e-05
3000 5.143188952018676e-07
4000 7.843363151828481e-06
5000 5.786087571021011e-07
30
1 2.571594476009338e-06
10 5.143188952018676e-07
20 0.00022012848714639933
30 1.9286958570070034e-07
40 1.285797238004669e-07
50 1.9286958570070034e-07
60 3.857391714014007e-07
70 3.2144930950116726e-07
80 3.857391714014007e-07
90 3.857391714014007e-07
100 3.857391714014007e-07
110 6.428986190023345e-08
120 2.571594476009338e-07
130 3.857391714014007e-07
140 2.571594476009338e-07
150 1.285797238004669e-07
160 6.428986190023345e-08
170 6.428986190023345e-08
180 1.9286958570070034e-07
200 1.285797238004669e-07
300 1.060782721353852e-05
400 6.428986190023345e-08
500 6.428986190023345e-08
600 4.5002903330163415e-07
700 7.714783428028014e-07
800 6.364696328123112e-06
900 1.5943885751257896e-05
1000 0.00010903560578279593
2000 7.200464532826146e-06
3000 6.428986190023345e-08
80
1 4.5002903330163415e-07
20 0.0001771828593970434
40 6.428986190023345e-08
110 6.428986190023345e-08
190 6.428986190023345e-08
300 1.9286958570070034e-07
700 6.428986190023345e-08
1000 6.428986190023345e-08
60
1 7.714783428028014e-07
10 4.5002903330163415e-07
20 7.984800848008995e-05
40 6.428986190023345e-08
50 6.428986190023345e-08
60 2.571594476009338e-07
70 6.428986190023345e-08
80 6.428986190023345e-08
110 6.428986190023345e-08
120 1.285797238004669e-07
140 1.285797238004669e-07
150 2.571594476009338e-07
160 4.5002903330163415e-07
170 2.571594476009338e-07
180 1.285797238004669e-07
190 6.428986190023345e-08
200 5.786087571021011e-07
300 5.143188952018676e-07
400 3.2144930950116726e-07
500 1.9286958570070034e-07
600 6.428986190023345e-07
700 1.735826271306303e-06
800 7.714783428028015e-06
900 1.4272349341851826e-05
1000 0.0001560957846937668
2000 1.677965395596093e-05
3000 2.571594476009338e-07
4000 6.428986190023345e-08
32
1 1.9286958570070037e-06
10 2.571594476009338e-07
20 0.0001532027409082563
30 3.2144930950116726e-07
40 3.2144930950116726e-07
50 3.857391714014007e-07
60 2.571594476009338e-07
70 3.857391714014007e-07
80 4.5002903330163415e-07
90 3.857391714014007e-07
100 5.786087571021011e-07
120 2.571594476009338e-07
130 1.285797238004669e-07
140 1.285797238004669e-07
150 6.428986190023345e-08
160 1.285797238004669e-07
170 6.428986190023345e-08
180 1.9286958570070034e-07
190 6.428986190023345e-08
200 2.571594476009338e-07
300 1.0093508318336651e-05
500 1.285797238004669e-07
600 5.143188952018676e-07
700 7.071884809025679e-07
800 6.364696328123112e-06
900 1.4079479756151125e-05
1000 0.00010980708412559873
2000 7.843363151828481e-06
3000 1.9286958570070034e-07
34
1 1.5429566856056027e-06
10 1.285797238004669e-07
20 9.887780760255904e-05
40 3.2144930950116726e-07
50 2.571594476009338e-07
60 6.428986190023345e-08
70 6.428986190023345e-08
80 1.9286958570070034e-07
90 4.5002903330163415e-07
100 1.285797238004669e-07
110 1.9286958570070034e-07
160 1.285797238004669e-07
170 1.285797238004669e-07
180 1.285797238004669e-07
200 1.285797238004669e-07
300 5.271768675819143e-06
400 6.428986190023345e-08
500 6.428986190023345e-08
600 2.571594476009338e-07
700 3.2144930950116726e-07
800 1.9286958570070037e-06
900 5.78608757102101e-06
1000 0.00010067792373576558
2000 7.779073289928247e-06
3000 1.285797238004669e-07
36
1 1.285797238004669e-06
10 1.9286958570070034e-07
20 8.904145873182332e-05
30 1.285797238004669e-07
40 1.9286958570070034e-07
80 1.285797238004669e-07
90 6.428986190023345e-08
100 2.571594476009338e-07
110 6.428986190023345e-08
120 6.428986190023345e-08
130 6.428986190023345e-08
150 6.428986190023345e-08
190 6.428986190023345e-08
300 1.0286377904037351e-06
400 1.285797238004669e-07
500 2.571594476009338e-07
600 1.9286958570070034e-07
700 4.5002903330163415e-07
800 2.0572755808074703e-06
900 5.914667294821478e-06
1000 9.424893754574224e-05
2000 5.721797709120777e-06
3000 6.428986190023345e-08
38
1 5.143188952018676e-07
10 1.285797238004669e-07
20 8.563409605111095e-05
30 6.428986190023345e-08
100 6.428986190023345e-08
130 6.428986190023345e-08
140 6.428986190023345e-08
160 1.285797238004669e-07
170 1.285797238004669e-07
300 5.143188952018676e-07
400 6.428986190023345e-08
600 1.9286958570070034e-07
700 4.5002903330163415e-07
800 1.285797238004669e-06
900 4.950319366317975e-06
1000 8.865571956042193e-05
2000 5.528928123420077e-06
40
1 2.5073046141091043e-06
10 5.143188952018676e-07
20 0.00030923423574012287
30 6.428986190023345e-08
40 6.428986190023345e-08
60 6.428986190023345e-08
70 1.285797238004669e-07
90 2.571594476009338e-07
100 1.9286958570070034e-07
110 6.428986190023345e-08
120 6.428986190023345e-08
140 3.2144930950116726e-07
150 6.428986190023345e-08
160 1.285797238004669e-07
180 6.428986190023345e-08
200 2.571594476009338e-07
300 3.857391714014007e-07
400 7.071884809025679e-07
500 5.786087571021011e-07
600 4.5002903330163415e-07
700 5.786087571021011e-07
800 1.735826271306303e-06
900 4.757449780617275e-06
1000 7.843363151828481e-05
2000 6.943305085225212e-06
3000 6.428986190023345e-08
42
1 7.071884809025679e-07
10 6.428986190023345e-08
20 4.2367018992253844e-05
70 6.428986190023345e-08
90 6.428986190023345e-08
110 6.428986190023345e-08
120 6.428986190023345e-08
180 6.428986190023345e-08
200 1.9286958570070034e-07
300 1.285797238004669e-07
400 1.285797238004669e-07
500 6.428986190023345e-08
600 2.571594476009338e-07
700 2.571594476009338e-07
800 9.643479285035018e-07
900 2.893043785510505e-06
1000 5.683223791980637e-05
2000 4.243130885415408e-06
3000 6.428986190023345e-08
44
1 7.071884809025679e-07
10 6.428986190023345e-08
20 5.3617744824794694e-05
30 6.428986190023345e-08
40 1.285797238004669e-07
50 6.428986190023345e-08
120 1.285797238004669e-07
300 3.2144930950116726e-07
400 1.9286958570070034e-07
500 1.285797238004669e-07
600 3.2144930950116726e-07
700 6.428986190023345e-07
800 8.357682047030349e-07
900 2.3144350284084044e-06
1000 3.940968534484311e-05
2000 4.050261299714707e-06
100
1 1.285797238004669e-07
20 2.6616002826696648e-05
300 6.428986190023345e-08
400 6.428986190023345e-08
46
1 9.000580666032683e-07
10 6.428986190023345e-08
20 8.826998038902053e-05
30 6.428986190023345e-08
100 6.428986190023345e-08
110 1.285797238004669e-07
150 6.428986190023345e-08
160 1.285797238004669e-07
200 6.428986190023345e-08
300 6.428986190023345e-08
400 1.9286958570070034e-07
500 6.428986190023345e-08
600 6.428986190023345e-08
700 1.9286958570070034e-07
800 7.714783428028014e-07
900 1.9286958570070037e-06
1000 2.4494437383988944e-05
2000 2.8287539236102717e-06
50
1 2.571594476009338e-07
20 4.114551161614941e-05
170 6.428986190023345e-08
200 6.428986190023345e-08
400 1.9286958570070034e-07
600 6.428986190023345e-08
700 6.428986190023345e-08
800 1.285797238004669e-07
900 3.2144930950116726e-07
1000 3.0859133712112054e-06
2000 2.571594476009338e-07
140
1 1.285797238004669e-07
20 5.786087571021011e-07
48
1 5.786087571021011e-07
10 6.428986190023345e-08
20 9.964928594536185e-05
80 6.428986190023345e-08
140 1.285797238004669e-07
150 1.9286958570070034e-07
160 1.9286958570070034e-07
170 6.428986190023345e-08
200 1.285797238004669e-07
300 3.2144930950116726e-07
400 3.2144930950116726e-07
600 1.285797238004669e-07
700 1.285797238004669e-07
800 2.571594476009338e-07
900 9.643479285035018e-07
1000 1.3500870999049025e-05
2000 1.0286377904037351e-06
3000 6.428986190023345e-08
160
20 6.428986190023345e-08
300 6.428986190023345e-08
200
20 1.285797238004669e-07
120
1 6.428986190023345e-08
20 3.857391714014007e-07
240
1 6.428986190023345e-08
220
300 6.428986190023345e-08
300
20 6.428986190023345e-08
