1
1 0.0017318249391650034
10 0.0006181084814643585
20 0.20116846103376584
30 0.0017867079338801794
40 0.0006963842280253472
50 0.0007914778405583255
60 0.002009631169665276
70 0.00364698538022219
80 0.0022009257439310342
90 0.0008476066031232784
100 0.000799229284956938
110 0.0007204690731210361
120 0.0013450140218092424
130 0.0023441198373304025
140 0.003358313285698862
150 0.0033028074070587973
160 0.002748855969857955
170 0.0015068946329552658
180 0.001363285283605972
190 0.0008806194511423691
200 0.00584687298427841
300 0.01956658352319758
400 0.015532371969669705
500 0.028155737591460124
600 0.012851756394249536
700 0.01832559111684472
800 0.022599543772129683
900 0.015521298477671688
1000 0.14289220232377228
2000 0.05291364337265346
3000 0.03156007507827575
4000 0.035769317014697294
5000 0.0024989410973276895
6000 7.68223507362488e-06
7000 6.920932498761153e-08
7
1 0.00013710367280045843
10 1.0450608073129341e-05
20 0.005380886599136821
30 6.090420598909815e-06
40 5.952001948934591e-06
50 2.629954349529238e-06
60 3.668094224343411e-06
70 2.4223263745664036e-06
80 2.629954349529238e-06
90 1.5918144747150651e-06
100 1.314977174764619e-06
110 1.314977174764619e-06
120 4.2909781492319146e-06
130 5.467536674021311e-06
140 4.08335017426908e-06
150 3.5296755743681883e-06
160 1.7302331246902883e-06
170 2.2839077245911806e-06
180 1.3841864997522305e-06
190 1.1073491998017845e-06
200 9.966142798216061e-06
300 3.654252359345889e-05
400 6.450309088845395e-05
500 0.00011917845762866706
600 6.0834996664110536e-05
700 6.84480224127478e-05
800 0.00010492133668121908
900 0.0001872112240914892
1000 0.003523654363094266
2000 0.001351519698358078
3000 0.0005131871447831395
4000 0.0013775424045534199
5000 8.921081990903126e-05
6000 1.3841864997522306e-07
4
1 0.000327636944491353
10 2.7199264720131332e-05
20 0.013937304656680222
30 2.1939356021072857e-05
40 1.9101773696580783e-05
50 9.620096173278003e-06
60 1.5710516772187817e-05
70 1.1973213222856794e-05
80 1.7440749896878107e-05
90 6.920932498761153e-06
100 7.959072373575326e-06
110 5.744373973971757e-06
120 1.8271261796729445e-05
130 2.4569310370602094e-05
140 2.304670522087464e-05
150 2.4154054420676424e-05
160 1.550288879722498e-05
170 8.651165623451442e-06
180 9.066421573377111e-06
190 6.851723173773542e-06
200 4.464001461700944e-05
300 0.00017184675394423942
400 0.0002672864131021557
500 0.0005057125376844774
600 0.00023074388950869684
700 0.0002904715369730056
800 0.0004292362335731667
900 0.0005967228000431866
1000 0.009778308690199683
2000 0.004349736866146397
3000 0.002294219914014335
4000 0.004226682686318424
5000 0.0003104038225694377
6000 7.613025748637268e-07
6
1 0.0001861038748916874
10 1.3218981072633802e-05
20 0.007134789312972872
30 9.066421573377111e-06
40 8.789584273426665e-06
50 5.259908699058476e-06
60 5.744373973971757e-06
70 4.9830713991080305e-06
80 6.298048573872649e-06
90 3.391256924392965e-06
100 3.252838274417742e-06
110 1.4533958247398422e-06
120 8.581956298463829e-06
130 9.274049548339945e-06
140 8.097491023550549e-06
150 5.190699374070865e-06
160 4.014140849281469e-06
170 2.2839077245911806e-06
180 2.69916367451685e-06
190 3.0452102994549074e-06
200 1.4949214197324091e-05
300 5.695927446480429e-05
400 0.00011274199040481919
500 0.00020174518233888761
600 0.00010035352123203672
700 0.00010540580195613236
800 0.00016471819347051544
900 0.0002899870716980923
1000 0.005045152163621918
2000 0.0018532873045182616
3000 0.0008701688430692398
4000 0.0019463046373016115
5000 0.00013530423035078054
6000 1.3841864997522306e-07
14
1 6.72022545629708e-05
10 3.4604662493805766e-06
20 0.0017945977969287669
30 1.8686517746655114e-06
40 1.4533958247398422e-06
50 8.997212248389499e-07
60 1.176558524789396e-06
70 6.228839248885038e-07
80 1.176558524789396e-06
90 5.536745999008922e-07
100 4.844652749132807e-07
110 7.613025748637268e-07
120 2.214698399603569e-06
130 1.7302331246902883e-06
140 1.5918144747150651e-06
150 4.152559499256692e-07
160 8.997212248389499e-07
170 4.152559499256692e-07
180 1.3841864997522306e-07
190 2.768372999504461e-07
200 1.8686517746655114e-06
300 8.928002923401887e-06
400 2.533061294546582e-05
500 3.7719082118248287e-05
600 1.8271261796729445e-05
700 2.027833222137018e-05
800 3.052131231953668e-05
900 5.751294906470518e-05
1000 0.001063608906409614
2000 0.00045159084554416526
3000 0.00016001195937135785
4000 0.0006250294139631198
5000 4.5885782466786445e-05
5
1 0.00024209421880666513
10 1.6956284621964826e-05
20 0.009455239561157512
30 1.4741586222361256e-05
40 1.2526887822757687e-05
50 6.920932498761153e-06
60 8.235909673525773e-06
70 5.952001948934591e-06
80 7.474607098662046e-06
90 4.014140849281469e-06
100 4.844652749132807e-06
110 2.076279749628346e-06
120 1.0519817398116953e-05
130 1.3980283647497529e-05
140 1.225005052280724e-05
150 9.066421573377111e-06
160 7.474607098662046e-06
170 4.567815449182361e-06
180 5.467536674021311e-06
190 3.5988848993557995e-06
200 2.5192194295490597e-05
300 8.713454015940292e-05
400 0.00014091018567477707
500 0.00028417348839913296
600 0.00012997511232673445
700 0.00015101474712296835
800 0.00025517478122932374
900 0.0004078505521519948
1000 0.006796494132433427
2000 0.002934683007449692
3000 0.0014801798335100477
4000 0.0027729408149536434
5000 0.0001986999720394327
6000 3.4604662493805764e-07
16
1 5.4952204040163554e-05
10 3.4604662493805766e-06
20 0.0011938608560362989
30 1.4533958247398422e-06
40 5.536745999008922e-07
50 6.228839248885038e-07
60 7.613025748637268e-07
70 4.152559499256692e-07
80 9.689305498265613e-07
90 3.4604662493805764e-07
100 6.920932498761153e-07
110 2.768372999504461e-07
120 1.5226051497274537e-06
130 8.997212248389499e-07
140 1.1073491998017845e-06
150 4.844652749132807e-07
160 3.4604662493805764e-07
170 2.768372999504461e-07
180 6.920932498761153e-08
190 3.4604662493805764e-07
200 2.0070704246407344e-06
300 7.889863048587715e-06
400 2.6022706195341936e-05
500 4.5401317191873164e-05
600 1.896335504660556e-05
700 1.6956284621964826e-05
800 2.353117049578792e-05
900 4.6716294366637787e-05
1000 0.0008017900299814796
2000 0.00032161573321743076
3000 0.00015059949117304268
4000 0.0004796898314891355
5000 3.6404104943483664e-05
8
1 0.00010748208170576071
10 9.343258873327556e-06
20 0.00401324112805663
30 3.9449315242938575e-06
40 3.391256924392965e-06
50 1.7994424496778998e-06
60 2.9760009744672957e-06
70 1.5226051497274537e-06
80 2.1454890746159573e-06
90 9.689305498265613e-07
100 1.1073491998017845e-06
110 7.613025748637268e-07
120 3.668094224343411e-06
130 3.875722199306245e-06
140 2.4223263745664036e-06
150 1.9378610996531227e-06
160 1.3841864997522305e-06
170 1.038139874814173e-06
180 1.3841864997522305e-06
190 1.038139874814173e-06
200 4.775443424145196e-06
300 2.0070704246407344e-05
400 3.6334895618496055e-05
500 5.82050423145813e-05
600 3.259759206916503e-05
700 4.20100602674802e-05
800 6.706383591299558e-05
900 0.0001338508345260407
1000 0.0025475952527939803
2000 0.0011371092095464575
3000 0.00037137723788352347
4000 0.001017100240017939
5000 6.789434781284691e-05
6000 2.768372999504461e-07
28
1 1.4741586222361256e-05
10 1.038139874814173e-06
20 0.00021890909493581527
30 1.3841864997522306e-07
40 2.076279749628346e-07
50 6.920932498761153e-08
60 3.4604662493805764e-07
70 6.920932498761153e-08
80 2.076279749628346e-07
90 1.3841864997522306e-07
100 2.768372999504461e-07
110 1.3841864997522306e-07
120 6.920932498761153e-08
130 1.3841864997522306e-07
140 6.920932498761153e-08
150 1.3841864997522306e-07
160 1.3841864997522306e-07
180 2.076279749628346e-07
190 6.920932498761153e-08
200 2.768372999504461e-07
300 1.176558524789396e-06
400 2.629954349529238e-06
500 3.391256924392965e-06
600 1.8686517746655114e-06
700 1.8686517746655114e-06
800 3.114419624442519e-06
900 5.744373973971757e-06
1000 0.00012263892387804763
2000 8.872635463411799e-05
3000 3.854959401809962e-05
4000 0.00011661771260412543
5000 8.512746973476218e-06
36
1 9.827724148240837e-06
10 2.768372999504461e-07
20 9.398626333317646e-05
30 6.920932498761153e-08
40 6.920932498761153e-08
60 6.920932498761153e-08
70 6.920932498761153e-08
90 6.920932498761153e-08
110 6.920932498761153e-08
120 1.3841864997522306e-07
130 2.768372999504461e-07
140 1.3841864997522306e-07
190 6.920932498761153e-08
300 6.228839248885038e-07
400 2.076279749628346e-07
500 1.176558524789396e-06
600 6.920932498761153e-07
700 1.1073491998017845e-06
800 2.4223263745664036e-06
900 2.629954349529238e-06
1000 6.865565038771063e-05
2000 4.913862074120419e-05
3000 1.6125772722113488e-05
4000 6.450309088845395e-05
5000 3.5296755743681883e-06
2
1 0.0009017975045885782
10 0.00010651315115593415
20 0.05229470437928925
30 0.00015322944552257194
40 9.938459068221016e-05
50 6.699462658800796e-05
60 0.0001470698155986745
70 0.00020160676368891238
80 0.00014658535032376123
90 6.11810432890486e-05
100 6.657937063808229e-05
110 5.6267181214928177e-05
120 0.00012942143772683357
130 0.00024873831400547584
140 0.00028735711734856307
150 0.00026624827322734154
160 0.00018984117844101842
170 0.00010180691705677657
180 9.391705400818885e-05
190 6.574885873823095e-05
200 0.00047090024721570885
300 0.0016993657657458135
400 0.0019033256464843047
500 0.0037341199203815927
600 0.0016495350517547332
700 0.0023152595488105687
800 0.003164111919783624
900 0.002976000974467296
1000 0.035916525248945945
2000 0.018148968919476333
3000 0.008491638129354996
4000 0.01289508143169178
5000 0.0009092721116872403
6000 3.875722199306245e-06
12
1 9.42631006331269e-05
10 5.88279262394698e-06
20 0.0024601146660096396
30 2.214698399603569e-06
40 1.4533958247398422e-06
50 8.997212248389499e-07
60 1.038139874814173e-06
70 9.689305498265613e-07
80 1.2457678497770076e-06
90 5.536745999008922e-07
100 8.997212248389499e-07
110 9.689305498265613e-07
120 3.391256924392965e-06
130 2.69916367451685e-06
140 2.768372999504461e-06
150 1.176558524789396e-06
160 9.689305498265613e-07
170 6.228839248885038e-07
180 4.152559499256692e-07
190 1.038139874814173e-06
200 2.9760009744672957e-06
300 1.5572098122212594e-05
400 4.1456385667579304e-05
500 6.221918316386276e-05
600 2.9967637719635792e-05
700 2.629954349529238e-05
800 4.166401364254214e-05
900 8.076728226054265e-05
1000 0.001606832898237377
2000 0.00067022310318003
3000 0.00021925514156075334
4000 0.0008326573889259544
5000 6.256522978880083e-05
80
1 1.3288190397621415e-05
10 1.038139874814173e-06
20 1.5433679472237372e-05
40 6.920932498761153e-08
60 1.3841864997522306e-07
80 2.076279749628346e-07
130 6.920932498761153e-08
140 1.3841864997522306e-07
300 3.4604662493805764e-07
700 8.305118998513384e-07
800 7.613025748637268e-07
900 6.920932498761153e-08
1000 8.305118998513384e-07
2000 5.10072725158697e-05
3000 2.3461961170800308e-05
4000 4.609341044174928e-05
5000 4.498606124194749e-06
34
1 1.176558524789396e-05
10 5.536745999008922e-07
20 9.267128615841183e-05
30 3.4604662493805764e-07
40 6.920932498761153e-08
50 6.920932498761153e-08
60 6.920932498761153e-08
80 6.920932498761153e-08
90 1.3841864997522306e-07
110 1.3841864997522306e-07
120 6.920932498761153e-08
130 2.076279749628346e-07
200 1.3841864997522306e-07
300 1.3841864997522306e-07
400 2.768372999504461e-07
500 4.152559499256692e-07
600 5.536745999008922e-07
700 1.3841864997522305e-06
800 2.214698399603569e-06
900 3.0452102994549074e-06
1000 9.197919290853572e-05
2000 5.564429729003967e-05
3000 1.8340471121717055e-05
4000 6.90709063376363e-05
5000 2.8375823244920728e-06
32
1 1.225005052280724e-05
10 6.920932498761153e-07
20 0.00012997511232673445
30 6.920932498761153e-08
40 6.920932498761153e-08
50 2.076279749628346e-07
60 2.076279749628346e-07
80 2.076279749628346e-07
90 1.3841864997522306e-07
100 6.920932498761153e-08
110 6.920932498761153e-08
120 1.3841864997522306e-07
130 2.768372999504461e-07
140 2.076279749628346e-07
150 6.920932498761153e-08
180 6.920932498761153e-08
300 8.305118998513384e-07
400 4.844652749132807e-07
500 5.536745999008922e-07
600 2.768372999504461e-07
700 1.314977174764619e-06
800 2.5607450245416265e-06
900 3.9449315242938575e-06
1000 0.00012070106277839451
2000 7.294662853694255e-05
3000 2.353117049578792e-05
4000 7.827574656098864e-05
5000 4.221768824244303e-06
9
1 8.727295880937814e-05
10 6.990141823748764e-06
20 0.002958144968620492
30 2.2839077245911806e-06
40 1.9378610996531227e-06
50 6.920932498761153e-07
60 1.2457678497770076e-06
70 1.4533958247398422e-06
80 1.4533958247398422e-06
90 7.613025748637268e-07
100 9.689305498265613e-07
110 5.536745999008922e-07
120 2.8375823244920728e-06
130 2.629954349529238e-06
140 2.4223263745664036e-06
150 1.176558524789396e-06
160 1.3841864997522305e-06
170 4.844652749132807e-07
180 5.536745999008922e-07
190 5.536745999008922e-07
200 2.353117049578792e-06
300 1.5156842172286925e-05
400 2.6437962145267603e-05
500 4.2771362842343927e-05
600 2.4430891720626872e-05
700 3.031368434457385e-05
800 4.9484667366142243e-05
900 9.869249743233405e-05
1000 0.0017852545380554394
2000 0.0009065729480127235
3000 0.00028784158262347637
4000 0.0008027589605313062
5000 5.46061574152255e-05
22
1 2.9275544469759676e-05
10 1.4533958247398422e-06
20 0.0005123566328832881
30 8.997212248389499e-07
40 7.613025748637268e-07
50 5.536745999008922e-07
60 3.4604662493805764e-07
70 5.536745999008922e-07
80 4.152559499256692e-07
90 2.076279749628346e-07
100 3.4604662493805764e-07
110 6.920932498761153e-08
120 4.844652749132807e-07
130 6.228839248885038e-07
140 6.228839248885038e-07
150 3.4604662493805764e-07
160 4.152559499256692e-07
170 1.3841864997522306e-07
180 6.920932498761153e-08
190 1.3841864997522306e-07
200 1.314977174764619e-06
300 3.737303549331023e-06
400 6.574885873823095e-06
500 1.086586402305501e-05
600 6.920932498761153e-06
700 6.298048573872649e-06
800 1.0242980098166506e-05
900 1.8132843146754223e-05
1000 0.0002874263266735507
2000 0.000128452507177007
3000 6.256522978880083e-05
4000 0.00023690351943259427
5000 1.5918144747150652e-05
38
1 9.827724148240837e-06
10 3.4604662493805764e-07
20 0.00010007668393208627
30 1.3841864997522306e-07
40 1.3841864997522306e-07
60 6.920932498761153e-08
90 6.920932498761153e-08
100 6.920932498761153e-08
120 6.920932498761153e-08
130 2.076279749628346e-07
140 6.920932498761153e-08
150 1.3841864997522306e-07
160 6.920932498761153e-08
200 6.920932498761153e-08
300 6.228839248885038e-07
400 2.0070704246407344e-06
500 4.498606124194749e-06
600 1.4533958247398422e-06
700 1.3841864997522305e-06
800 2.1454890746159573e-06
900 3.4604662493805766e-06
1000 5.723611176475474e-05
2000 3.6404104943483664e-05
3000 1.176558524789396e-05
4000 5.169936576574581e-05
5000 3.0452102994549074e-06
10
1 0.00012644543675236627
10 9.550886848290392e-06
20 0.003716609961159727
30 3.737303549331023e-06
40 1.9378610996531227e-06
50 1.4533958247398422e-06
60 2.9067916494796844e-06
70 1.1073491998017845e-06
80 1.5226051497274537e-06
90 1.1073491998017845e-06
100 1.5226051497274537e-06
110 6.920932498761153e-07
120 4.152559499256692e-06
130 3.875722199306245e-06
140 3.114419624442519e-06
150 1.9378610996531227e-06
160 1.3841864997522305e-06
170 7.613025748637268e-07
180 1.176558524789396e-06
190 1.038139874814173e-06
200 3.5296755743681883e-06
300 1.9932285596432122e-05
400 4.720075964155107e-05
500 7.73760253361497e-05
600 3.8826431318050067e-05
700 4.214847891745542e-05
800 6.360336966361499e-05
900 0.00012762199527715566
1000 0.0024781090905064184
2000 0.0011374552561713954
3000 0.00037227695910836244
4000 0.0011893622499121043
5000 8.000597968567893e-05
100
1 5.88279262394698e-06
10 5.536745999008922e-07
20 1.038139874814173e-06
30 6.920932498761153e-08
40 6.920932498761153e-08
60 6.920932498761153e-08
70 6.920932498761153e-08
120 2.076279749628346e-07
130 6.920932498761153e-08
140 2.076279749628346e-07
150 2.076279749628346e-07
170 6.920932498761153e-08
200 1.3841864997522306e-07
300 4.844652749132807e-07
400 2.076279749628346e-07
600 2.076279749628346e-07
700 9.689305498265613e-07
800 3.5296755743681883e-06
900 6.159629923897426e-06
1000 5.225304036564671e-05
2000 8.028281698562937e-06
3000 2.768372999504461e-06
4000 4.913862074120418e-06
5000 3.4604662493805764e-07
30
1 1.6125772722113488e-05
10 6.228839248885038e-07
20 0.00014499353584904615
30 4.844652749132807e-07
40 2.076279749628346e-07
60 2.768372999504461e-07
70 6.920932498761153e-08
80 1.3841864997522306e-07
90 6.920932498761153e-08
120 4.152559499256692e-07
130 6.920932498761153e-07
140 2.076279749628346e-07
200 6.920932498761153e-08
300 8.305118998513384e-07
400 3.4604662493805764e-07
500 7.613025748637268e-07
600 7.613025748637268e-07
700 2.353117049578792e-06
800 2.4915356995540152e-06
900 4.706234099157584e-06
1000 0.0001338508345260407
2000 0.00010270663828161551
3000 3.259759206916503e-05
4000 9.744672958255704e-05
5000 6.090420598909815e-06
26
1 1.6956284621964826e-05
10 9.689305498265613e-07
20 0.0003607190018354313
30 4.844652749132807e-07
40 6.920932498761153e-08
50 2.076279749628346e-07
60 6.228839248885038e-07
70 2.076279749628346e-07
80 3.4604662493805764e-07
90 2.076279749628346e-07
100 2.076279749628346e-07
120 2.076279749628346e-07
130 3.4604662493805764e-07
140 3.4604662493805764e-07
150 2.076279749628346e-07
160 6.920932498761153e-08
190 1.3841864997522306e-07
200 3.4604662493805764e-07
300 3.114419624442519e-06
400 1.1488747947943514e-05
500 1.5226051497274536e-05
600 8.374328323500995e-06
700 5.813583298959369e-06
800 4.2909781492319146e-06
900 6.990141823748764e-06
1000 0.00013308953195117698
2000 6.526439346331768e-05
3000 4.415554934209616e-05
4000 0.0001404257203998638
5000 9.135630898364723e-06
18
1 4.519368921691033e-05
10 2.1454890746159573e-06
20 0.0009627017105776764
30 8.305118998513384e-07
40 9.689305498265613e-07
50 2.768372999504461e-07
60 3.4604662493805764e-07
70 4.844652749132807e-07
80 1.3841864997522306e-07
90 4.152559499256692e-07
100 3.4604662493805764e-07
110 4.152559499256692e-07
120 1.4533958247398422e-06
130 1.1073491998017845e-06
140 5.536745999008922e-07
150 2.768372999504461e-07
160 2.076279749628346e-07
170 1.3841864997522306e-07
180 5.536745999008922e-07
190 3.4604662493805764e-07
200 1.9378610996531227e-06
300 6.0212112739222035e-06
400 2.1178053446209128e-05
500 3.30128480190907e-05
600 1.584893542216304e-05
700 1.2319259847794852e-05
800 2.1939356021072857e-05
900 3.792671009321112e-05
1000 0.0006429546291349111
2000 0.00027801385847523553
3000 0.00014630851302381077
4000 0.00034175564678882574
5000 2.664559012023044e-05
60
1 2.180093737109763e-05
10 1.176558524789396e-06
20 0.0003582966754608649
30 4.152559499256692e-07
40 1.3841864997522306e-07
50 6.920932498761153e-08
60 2.768372999504461e-07
80 4.152559499256692e-07
100 6.920932498761153e-08
120 6.920932498761153e-08
130 4.152559499256692e-07
150 6.920932498761153e-08
160 6.920932498761153e-08
190 6.920932498761153e-08
300 2.768372999504461e-07
400 3.4604662493805764e-07
500 2.768372999504461e-07
600 5.536745999008922e-07
700 1.5918144747150651e-06
800 1.7302331246902883e-06
900 3.114419624442519e-06
1000 6.152708991398665e-05
2000 8.325881796009668e-05
3000 1.986307627144451e-05
4000 9.087184370873394e-05
5000 3.4604662493805766e-06
3
1 0.0004945006270364844
10 4.2286897567430646e-05
20 0.021119571566594598
30 4.657787571666256e-05
40 3.564280236861994e-05
50 2.0970425471246292e-05
60 3.965694321790141e-05
70 4.80312715414024e-05
80 3.848038469311201e-05
90 2.2423821295986137e-05
100 2.0555169521320625e-05
110 1.8409680446704668e-05
120 4.069508309271558e-05
130 6.588727738820618e-05
140 7.350030313684345e-05
150 6.561044008825573e-05
160 4.512447989192272e-05
170 2.5122984970502984e-05
180 2.609191552032955e-05
190 2.1039634796233905e-05
200 0.00012755278595216805
300 0.00042335344094921975
400 0.0004933932778366827
500 0.0008966068052145074
600 0.00043601874742195266
700 0.0006315350905119553
800 0.0008946689441148543
900 0.0010867940302804638
1000 0.016570096588533954
2000 0.008415092615918699
3000 0.0038276217184398556
4000 0.0063994402349795
5000 0.00045463605584362016
6000 1.1073491998017845e-06
44
1 6.920932498761153e-06
10 4.152559499256692e-07
20 8.734216813436576e-05
80 6.920932498761153e-08
100 6.920932498761153e-08
120 2.076279749628346e-07
130 6.920932498761153e-08
140 6.920932498761153e-08
160 1.3841864997522306e-07
190 1.3841864997522306e-07
200 1.3841864997522306e-07
300 7.613025748637268e-07
400 5.121490049083253e-06
500 1.0173770773178895e-05
600 4.221768824244303e-06
700 1.6610237997026768e-06
800 1.6610237997026768e-06
900 1.5918144747150651e-06
1000 3.938010591795096e-05
2000 2.3185123870849863e-05
3000 1.9655448296481674e-05
4000 2.754531134506939e-05
5000 1.314977174764619e-06
46
1 6.990141823748764e-06
10 4.152559499256692e-07
20 7.329267516188062e-05
50 2.076279749628346e-07
60 1.3841864997522306e-07
70 6.920932498761153e-08
80 6.920932498761153e-08
90 1.3841864997522306e-07
120 1.3841864997522306e-07
130 6.920932498761153e-08
140 3.4604662493805764e-07
200 6.920932498761153e-08
300 6.920932498761153e-07
400 3.4604662493805766e-06
500 5.3983273490337e-06
600 2.629954349529238e-06
700 1.038139874814173e-06
800 9.689305498265613e-07
900 2.214698399603569e-06
1000 4.007219916782708e-05
2000 2.131647209618435e-05
3000 1.404949297248514e-05
4000 2.623033417030477e-05
5000 1.7994424496778998e-06
42
1 7.336188448686822e-06
10 2.076279749628346e-07
20 8.374328323500995e-05
30 1.3841864997522306e-07
50 1.3841864997522306e-07
70 1.3841864997522306e-07
120 6.920932498761153e-08
130 1.3841864997522306e-07
140 6.920932498761153e-08
150 6.920932498761153e-08
170 1.3841864997522306e-07
200 3.4604662493805764e-07
300 1.4533958247398422e-06
400 6.644095198810707e-06
500 1.1834794572881572e-05
600 5.3983273490337e-06
700 1.7302331246902883e-06
800 1.314977174764619e-06
900 2.69916367451685e-06
1000 4.4847642591972274e-05
2000 2.5053775645515375e-05
3000 1.5226051497274536e-05
4000 3.6750151568421726e-05
5000 1.7302331246902883e-06
20
1 3.398177856891726e-05
10 1.3841864997522305e-06
20 0.0007082882319232164
30 1.038139874814173e-06
40 4.152559499256692e-07
50 4.152559499256692e-07
60 1.038139874814173e-06
70 2.768372999504461e-07
80 7.613025748637268e-07
90 2.768372999504461e-07
100 6.920932498761153e-08
110 1.3841864997522306e-07
120 1.038139874814173e-06
130 1.176558524789396e-06
140 6.228839248885038e-07
150 2.076279749628346e-07
160 6.228839248885038e-07
170 1.3841864997522306e-07
180 2.076279749628346e-07
190 1.3841864997522306e-07
200 7.613025748637268e-07
300 5.190699374070865e-06
400 1.0104561448191283e-05
500 1.4672376897373645e-05
600 8.512746973476218e-06
700 9.758514823253225e-06
800 1.2803725122708132e-05
900 2.2769867920924195e-05
1000 0.00042702153517356316
2000 0.00020022257718916016
3000 0.00010229138233168984
4000 0.00027884437037508687
5000 2.1385681421171963e-05
40
1 2.8721869869858786e-05
10 1.6610237997026768e-06
20 0.0003967078508289893
30 2.768372999504461e-07
40 6.920932498761153e-08
50 6.920932498761153e-08
60 2.076279749628346e-07
70 1.3841864997522306e-07
80 6.920932498761153e-08
120 2.768372999504461e-07
130 5.536745999008922e-07
140 2.076279749628346e-07
180 6.920932498761153e-08
200 1.3841864997522306e-07
300 6.920932498761153e-07
400 4.913862074120418e-06
500 1.038139874814173e-05
600 4.08335017426908e-06
700 4.221768824244303e-06
800 7.405397773674434e-06
900 1.5641307447200207e-05
1000 0.00041020366920157354
2000 0.0001596659127464198
3000 4.027982714278991e-05
4000 0.00012741436730219282
5000 7.543816423649657e-06
24
1 2.3808007795738366e-05
10 8.997212248389499e-07
20 0.00042992832682304285
30 2.076279749628346e-07
40 1.3841864997522306e-07
50 4.152559499256692e-07
70 1.3841864997522306e-07
80 2.768372999504461e-07
90 2.076279749628346e-07
100 1.3841864997522306e-07
110 2.076279749628346e-07
120 6.228839248885038e-07
130 8.305118998513384e-07
140 4.844652749132807e-07
150 2.768372999504461e-07
160 6.920932498761153e-08
170 6.920932498761153e-08
180 2.076279749628346e-07
190 1.3841864997522306e-07
200 8.305118998513384e-07
300 3.114419624442519e-06
400 1.3980283647497529e-05
500 2.2354611970998524e-05
600 1.0935073348042622e-05
700 6.298048573872649e-06
800 8.443537648488607e-06
900 1.3288190397621415e-05
1000 0.00020970425471246294
2000 9.232523953347378e-05
3000 4.6716294366637787e-05
4000 0.00017316173111900406
5000 1.2319259847794852e-05
260
1 6.920932498761153e-07
20 6.920932498761153e-08
30 6.920932498761153e-08
2000 3.4604662493805764e-07
3000 2.076279749628346e-07
48
1 4.9830713991080305e-06
10 2.076279749628346e-07
20 4.816969019137763e-05
40 1.3841864997522306e-07
70 6.920932498761153e-08
80 2.076279749628346e-07
100 6.920932498761153e-08
120 2.768372999504461e-07
130 1.3841864997522306e-07
300 5.536745999008922e-07
400 8.997212248389499e-07
500 1.5226051497274537e-06
600 7.613025748637268e-07
700 1.038139874814173e-06
800 1.038139874814173e-06
900 1.9378610996531227e-06
1000 6.277285776376366e-05
2000 2.4915356995540152e-05
3000 9.48167752330278e-06
4000 2.0209122896382567e-05
5000 1.038139874814173e-06
50
1 2.076279749628346e-06
10 6.920932498761153e-08
20 1.757916854685333e-05
110 6.920932498761153e-08
120 6.920932498761153e-08
130 6.920932498761153e-08
300 6.920932498761153e-08
400 3.4604662493805764e-07
500 5.536745999008922e-07
600 4.152559499256692e-07
700 2.076279749628346e-07
800 1.038139874814173e-06
900 2.076279749628346e-06
1000 3.951852456792618e-05
2000 1.4326330272435587e-05
3000 5.3983273490337e-06
4000 9.412468198315168e-06
5000 4.844652749132807e-07
320
1 2.768372999504461e-07
20 6.920932498761153e-08
300 6.920932498761153e-08
700 6.920932498761153e-08
2000 1.3841864997522306e-07
3000 6.920932498761153e-08
180
1 1.7302331246902883e-06
20 3.4604662493805766e-06
80 6.920932498761153e-08
700 2.076279749628346e-07
800 6.920932498761153e-08
1000 6.920932498761153e-08
2000 3.4604662493805764e-07
120
1 3.875722199306245e-06
10 1.3841864997522306e-07
20 6.394941628855306e-05
30 6.920932498761153e-08
50 6.920932498761153e-08
60 1.3841864997522306e-07
130 6.920932498761153e-08
400 2.768372999504461e-07
500 2.768372999504461e-07
600 4.844652749132807e-07
700 1.5226051497274537e-06
800 5.190699374070865e-06
900 9.274049548339945e-06
1000 0.00011371092095464575
2000 1.2111631872832018e-05
3000 8.305118998513384e-07
4000 2.353117049578792e-06
140
1 3.5988848993557995e-06
10 6.920932498761153e-08
20 0.00011329566500472008
30 6.920932498761153e-08
60 2.076279749628346e-07
110 1.3841864997522306e-07
130 6.920932498761153e-08
300 1.3841864997522306e-07
400 6.920932498761153e-08
600 6.920932498761153e-08
700 1.3841864997522306e-07
800 2.076279749628346e-07
900 1.3841864997522306e-07
1000 3.5296755743681883e-06
2000 8.305118998513384e-07
3000 1.1073491998017845e-06
4000 4.152559499256692e-07
280
1 6.228839248885038e-07
180 6.920932498761153e-08
2000 3.4604662493805764e-07
3000 6.920932498761153e-08
200
1 1.176558524789396e-06
20 8.305118998513384e-07
60 6.920932498761153e-08
2000 4.844652749132807e-07
160
1 2.4915356995540152e-06
10 1.3841864997522306e-07
20 3.7234616843335006e-05
30 6.920932498761153e-08
40 6.920932498761153e-08
140 6.920932498761153e-08
300 6.920932498761153e-08
800 2.076279749628346e-07
1000 1.038139874814173e-06
2000 5.536745999008922e-07
3000 2.076279749628346e-07
240
1 4.844652749132807e-07
60 1.3841864997522306e-07
800 6.920932498761153e-08
2000 8.997212248389499e-07
3000 1.3841864997522306e-07
220
1 8.997212248389499e-07
20 4.844652749132807e-07
300 6.920932498761153e-08
800 6.920932498761153e-08
2000 4.844652749132807e-07
3000 6.920932498761153e-08
300
1 2.768372999504461e-07
2000 2.768372999504461e-07
3000 6.920932498761153e-08
400
1 2.768372999504461e-07
2000 2.076279749628346e-07
650
1 2.076279749628346e-07
2000 1.3841864997522306e-07
700
1 6.920932498761153e-08
2000 6.920932498761153e-08
460
1 1.3841864997522306e-07
2000 1.3841864997522306e-07
3000 6.920932498761153e-08
1000
1 6.920932498761153e-08
2000 1.3841864997522306e-07
1300
2000 2.076279749628346e-07
1250
2000 2.768372999504461e-07
750
1 2.076279749628346e-07
500 6.920932498761153e-08
2000 3.4604662493805764e-07
800
1 6.920932498761153e-08
2000 3.4604662493805764e-07
360
1 3.4604662493805764e-07
2000 2.076279749628346e-07
3000 6.920932498761153e-08
340
1 2.076279749628346e-07
300 6.920932498761153e-08
2000 2.076279749628346e-07
3000 1.3841864997522306e-07
420
1 2.768372999504461e-07
2000 6.920932498761153e-08
3000 1.3841864997522306e-07
1050
2000 1.3841864997522306e-07
1200
2000 1.3841864997522306e-07
1100
1000 6.920932498761153e-08
2000 1.3841864997522306e-07
950
2000 6.920932498761153e-08
850
2000 6.920932498761153e-08
1400
2000 6.920932498761153e-08
550
1 6.920932498761153e-08
2000 2.768372999504461e-07
600
1 6.920932498761153e-08
1000 6.920932498761153e-08
2000 2.076279749628346e-07
500
1 2.768372999504461e-07
2000 3.4604662493805764e-07
1150
2000 6.920932498761153e-08
900
2000 6.920932498761153e-08
380
1 6.920932498761153e-08
2000 1.3841864997522306e-07
3000 6.920932498761153e-08
440
1 1.3841864997522306e-07
20 6.920932498761153e-08
2000 1.3841864997522306e-07
480
2000 6.920932498761153e-08
3000 6.920932498761153e-08
