2
1 0.0012374727077937048
10 0.00025258004583734523
20 5.255021087891075e-05
30 4.4074370414570305e-05
40 2.3732353300153245e-05
50 8.475840464340443e-06
60 1.52565128358128e-05
70 1.6951680928680889e-06
80 6.7806723714723555e-06
90 8.475840464340443e-06
100 6.7806723714723555e-06
110 6.7806723714723555e-06
120 1.3561344742944711e-05
130 1.6951680928680889e-06
140 1.6951680928680889e-06
160 1.6951680928680889e-06
190 6.7806723714723555e-06
200 6.7806723714723555e-06
300 3.220819376449369e-05
400 2.3732353300153245e-05
500 4.068403422883413e-05
600 2.0342017114417064e-05
700 2.2037185207285153e-05
800 1.0171008557208532e-05
900 1.8646849021548975e-05
1000 0.18773308561276936
2000 0.012688333175117644
3000 1.0171008557208532e-05
4000 6.7806723714723555e-06
5000 5.085504278604266e-06
7000 5.085504278604266e-06
9000 1.6951680928680889e-06
10000 1.6951680928680889e-06
20000 1.1866176650076622e-05
1
1 0.0020714954094848046
10 9.323424510774489e-05
20 2.5427521393021333e-05
30 2.3732353300153245e-05
40 6.7806723714723555e-06
50 1.6951680928680889e-06
60 6.7806723714723555e-06
70 8.475840464340443e-06
80 5.085504278604266e-06
90 8.475840464340443e-06
100 1.6951680928680889e-06
110 1.6951680928680889e-06
120 6.7806723714723555e-06
130 1.6951680928680889e-06
150 3.3903361857361778e-06
200 6.7806723714723555e-06
300 2.2037185207285153e-05
400 1.8646849021548975e-05
500 1.52565128358128e-05
600 1.0171008557208532e-05
700 1.0171008557208532e-05
800 6.7806723714723555e-06
900 1.52565128358128e-05
1000 0.18584975386159291
2000 0.01012015351442249
3000 3.3903361857361778e-06
4000 1.6951680928680889e-06
5000 3.3903361857361778e-06
6000 6.7806723714723555e-06
7000 6.7806723714723555e-06
9000 5.085504278604266e-06
20000 1.6951680928680889e-06
240
1 1.6951680928680889e-06
10 1.0171008557208532e-05
20 1.6951680928680889e-06
1000 0.00030682542480912407
2000 6.441638752898738e-05
3
1 0.0007390932884904867
10 6.441638752898738e-05
20 1.52565128358128e-05
30 1.52565128358128e-05
40 5.085504278604266e-06
50 1.6951680928680889e-06
70 3.3903361857361778e-06
90 6.7806723714723555e-06
100 1.6951680928680889e-06
130 5.085504278604266e-06
140 1.6951680928680889e-06
180 1.6951680928680889e-06
200 1.6951680928680889e-06
300 5.085504278604266e-06
400 1.3561344742944711e-05
500 6.7806723714723555e-06
600 6.7806723714723555e-06
800 6.7806723714723555e-06
900 6.7806723714723555e-06
1000 0.10959431237201481
2000 0.006192449043247128
3000 5.085504278604266e-06
4000 5.085504278604266e-06
5000 3.3903361857361778e-06
6000 3.3903361857361778e-06
8000 1.6951680928680889e-06
9000 1.6951680928680889e-06
20000 1.6951680928680889e-06
28
1 8.475840464340443e-06
10 8.475840464340443e-06
20 8.475840464340443e-06
30 3.3903361857361778e-06
80 1.6951680928680889e-06
130 1.6951680928680889e-06
300 1.6951680928680889e-06
1000 0.0053024857944913815
2000 0.00027800756723036656
4000 1.6951680928680889e-06
6000 1.6951680928680889e-06
42
10 3.3903361857361778e-06
1000 0.0018850269192693147
2000 0.00012883277505797475
3000 1.6951680928680889e-06
9
1 2.2037185207285153e-05
10 1.52565128358128e-05
20 1.6951680928680887e-05
30 1.0171008557208532e-05
40 3.3903361857361778e-06
50 3.3903361857361778e-06
90 1.6951680928680889e-06
110 1.6951680928680889e-06
120 1.6951680928680889e-06
300 3.3903361857361778e-06
600 3.3903361857361778e-06
1000 0.023167862325228168
2000 0.0010001491747921724
7000 1.6951680928680889e-06
7
1 3.3903361857361773e-05
10 2.0342017114417064e-05
20 6.7806723714723555e-06
30 3.3903361857361778e-06
40 1.6951680928680889e-06
70 1.6951680928680889e-06
140 1.6951680928680889e-06
170 1.6951680928680889e-06
300 3.3903361857361778e-06
400 1.6951680928680889e-06
500 3.3903361857361778e-06
700 3.3903361857361778e-06
1000 0.03356093790260242
2000 0.001507004434559731
4000 1.6951680928680889e-06
8000 1.6951680928680889e-06
10000 1.6951680928680889e-06
20000 1.6951680928680889e-06
14
1 1.52565128358128e-05
10 1.0171008557208532e-05
20 5.085504278604266e-06
30 3.3903361857361778e-06
40 6.7806723714723555e-06
50 1.6951680928680889e-06
60 1.6951680928680889e-06
70 1.6951680928680889e-06
90 1.6951680928680889e-06
600 1.6951680928680889e-06
1000 0.02114383162234367
2000 0.0007662159779763761
3000 1.6951680928680889e-06
4000 1.6951680928680889e-06
6000 5.085504278604266e-06
9000 1.6951680928680889e-06
16
1 1.1866176650076622e-05
10 1.1866176650076622e-05
20 3.3903361857361778e-06
40 5.085504278604266e-06
50 1.6951680928680889e-06
200 1.6951680928680889e-06
500 3.3903361857361778e-06
700 1.6951680928680889e-06
800 1.6951680928680889e-06
900 1.6951680928680889e-06
1000 0.016712662227586488
2000 0.000706885094725993
4000 1.6951680928680889e-06
5000 3.3903361857361778e-06
6000 3.3903361857361778e-06
8
1 1.8646849021548975e-05
10 1.6951680928680887e-05
20 6.7806723714723555e-06
30 1.1866176650076622e-05
40 1.6951680928680889e-06
50 3.3903361857361778e-06
60 1.6951680928680889e-06
80 1.6951680928680889e-06
120 1.6951680928680889e-06
130 1.6951680928680889e-06
500 1.6951680928680889e-06
800 1.6951680928680889e-06
1000 0.02776854852927216
2000 0.0012001790097506068
3000 1.6951680928680889e-06
5000 5.085504278604266e-06
6000 3.3903361857361778e-06
60
1 1.0171008557208532e-05
10 3.729369804309795e-05
20 8.475840464340443e-06
30 3.3903361857361778e-06
40 5.085504278604266e-06
50 1.6951680928680889e-06
110 1.6951680928680889e-06
190 1.6951680928680889e-06
200 3.3903361857361778e-06
300 5.085504278604266e-06
500 1.6951680928680889e-06
700 1.6951680928680889e-06
1000 0.006587423208885393
2000 0.00044243887223857116
5000 1.6951680928680889e-06
7000 1.6951680928680889e-06
10000 1.6951680928680889e-06
280
10 3.3903361857361778e-06
20 1.6951680928680889e-06
1000 0.00017629748165828122
2000 3.220819376449369e-05
18
1 5.085504278604266e-06
10 1.52565128358128e-05
20 3.3903361857361778e-06
40 1.6951680928680889e-06
80 1.6951680928680889e-06
110 1.6951680928680889e-06
180 1.6951680928680889e-06
500 3.3903361857361778e-06
600 1.6951680928680889e-06
1000 0.013507099363972931
2000 0.0005831378239466226
3000 3.3903361857361778e-06
4000 1.6951680928680889e-06
5000 3.3903361857361778e-06
786800
10 1.6951680928680889e-06
367200
10 1.6951680928680889e-06
63000
10 1.6951680928680889e-06
1058400
10 1.6951680928680889e-06
4
1 0.000457695385074384
10 7.119705990045973e-05
20 2.2037185207285153e-05
30 2.2037185207285153e-05
40 5.085504278604266e-06
60 5.085504278604266e-06
70 3.3903361857361778e-06
90 3.3903361857361778e-06
100 3.3903361857361778e-06
110 1.6951680928680889e-06
120 5.085504278604266e-06
130 1.6951680928680889e-06
180 1.6951680928680889e-06
190 1.6951680928680889e-06
200 5.085504278604266e-06
300 8.475840464340443e-06
400 5.085504278604266e-06
500 6.7806723714723555e-06
600 6.7806723714723555e-06
700 6.7806723714723555e-06
800 3.3903361857361778e-06
900 3.3903361857361778e-06
1000 0.07189546915472138
2000 0.0038073475365817274
4000 3.3903361857361778e-06
5000 6.7806723714723555e-06
7000 1.6951680928680889e-06
8000 3.3903361857361778e-06
9000 1.6951680928680889e-06
20000 1.6951680928680889e-06
140
1 1.6951680928680889e-06
10 5.085504278604266e-06
20 6.7806723714723555e-06
30 6.7806723714723555e-06
1000 0.0014035991808947776
2000 0.00017799264975114931
5000 1.6951680928680889e-06
6000 1.6951680928680889e-06
12
1 8.475840464340443e-06
10 1.52565128358128e-05
20 3.3903361857361778e-06
30 5.085504278604266e-06
40 3.3903361857361778e-06
90 3.3903361857361778e-06
120 1.6951680928680889e-06
180 1.6951680928680889e-06
300 1.6951680928680889e-06
400 1.6951680928680889e-06
500 1.6951680928680889e-06
600 1.6951680928680889e-06
700 1.6951680928680889e-06
900 1.6951680928680889e-06
1000 0.027724474158857593
2000 0.0009204762744273723
8000 1.6951680928680889e-06
9000 1.6951680928680889e-06
10000 1.6951680928680889e-06
20
1 1.6951680928680889e-06
10 1.3561344742944711e-05
20 1.6951680928680889e-06
30 1.6951680928680889e-06
40 1.6951680928680889e-06
110 1.6951680928680889e-06
130 1.6951680928680889e-06
170 3.3903361857361778e-06
200 1.6951680928680889e-06
300 5.085504278604266e-06
400 1.6951680928680889e-06
1000 0.010991469914156688
2000 0.00043226786368136266
5000 1.6951680928680889e-06
34
10 1.52565128358128e-05
20 5.085504278604266e-06
40 1.6951680928680889e-06
60 1.6951680928680889e-06
700 1.6951680928680889e-06
1000 0.003261503410678203
2000 0.0001983346668655664
4000 1.6951680928680889e-06
5000 1.6951680928680889e-06
6000 1.6951680928680889e-06
8000 1.6951680928680889e-06
6
1 0.00012713760696510666
10 1.8646849021548975e-05
20 6.7806723714723555e-06
30 1.6951680928680887e-05
40 1.6951680928680889e-06
50 1.6951680928680889e-06
60 3.3903361857361778e-06
70 1.6951680928680889e-06
90 1.6951680928680889e-06
120 1.6951680928680889e-06
300 3.3903361857361778e-06
500 3.3903361857361778e-06
600 1.6951680928680889e-06
700 1.6951680928680889e-06
800 1.6951680928680889e-06
1000 0.04142143234923175
2000 0.0018562090616905573
3000 1.6951680928680889e-06
4000 1.6951680928680889e-06
8000 1.6951680928680889e-06
48
10 3.3903361857361778e-06
50 1.6951680928680889e-06
1000 0.0013086697676941645
2000 9.492941320061298e-05
5000 1.6951680928680889e-06
9000 1.6951680928680889e-06
40
1 8.475840464340443e-06
10 1.1866176650076622e-05
20 1.3561344742944711e-05
30 1.6951680928680889e-06
40 3.3903361857361778e-06
110 1.6951680928680889e-06
130 1.6951680928680889e-06
170 1.6951680928680889e-06
300 5.085504278604266e-06
400 3.3903361857361778e-06
500 3.3903361857361778e-06
700 1.6951680928680889e-06
900 1.6951680928680889e-06
1000 0.006924761659366143
2000 0.00047464706600306485
3000 1.6951680928680889e-06
7000 1.6951680928680889e-06
9000 3.3903361857361778e-06
5
1 0.00023393319681579624
10 3.220819376449369e-05
20 1.0171008557208532e-05
30 1.3561344742944711e-05
40 1.6951680928680889e-06
50 5.085504278604266e-06
60 1.6951680928680889e-06
90 1.6951680928680889e-06
200 5.085504278604266e-06
300 3.3903361857361778e-06
400 5.085504278604266e-06
500 1.6951680928680889e-06
600 3.3903361857361778e-06
700 1.6951680928680889e-06
800 1.6951680928680889e-06
900 1.6951680928680889e-06
1000 0.05288415899320577
2000 0.0024325662132657073
4000 3.3903361857361778e-06
5000 1.6951680928680889e-06
7000 3.3903361857361778e-06
20000 1.6951680928680889e-06
950
1000 6.7806723714723555e-06
2000 2.5427521393021333e-05
30
1 6.7806723714723555e-06
10 6.7806723714723555e-06
20 3.3903361857361778e-06
30 1.6951680928680889e-06
60 1.6951680928680889e-06
130 1.6951680928680889e-06
200 1.6951680928680889e-06
400 1.6951680928680889e-06
1000 0.004556611833629423
2000 0.0002118960116085111
4000 1.6951680928680889e-06
5000 1.6951680928680889e-06
10000 1.6951680928680889e-06
14600
2000 1.6951680928680889e-06
5400
2000 3.3903361857361778e-06
2750
2000 3.3903361857361778e-06
12600
2000 1.6951680928680889e-06
80
1 1.6951680928680889e-06
10 2.3732353300153245e-05
20 1.6951680928680889e-06
30 3.3903361857361778e-06
40 1.6951680928680889e-06
500 1.6951680928680889e-06
1000 0.004105697120926511
2000 0.0003017399205305198
6000 1.6951680928680889e-06
20000 1.6951680928680889e-06
22
1 5.085504278604266e-06
10 1.1866176650076622e-05
30 3.3903361857361778e-06
40 3.3903361857361778e-06
90 1.6951680928680889e-06
110 1.6951680928680889e-06
120 1.6951680928680889e-06
140 1.6951680928680889e-06
600 1.6951680928680889e-06
700 1.6951680928680889e-06
1000 0.009101357490608768
2000 0.000420401687031286
3000 1.6951680928680889e-06
5000 1.6951680928680889e-06
10
1 2.3732353300153245e-05
10 1.3561344742944711e-05
20 1.0171008557208532e-05
30 6.7806723714723555e-06
40 3.3903361857361778e-06
90 1.6951680928680889e-06
100 1.6951680928680889e-06
120 1.6951680928680889e-06
140 1.6951680928680889e-06
150 1.6951680928680889e-06
300 3.3903361857361778e-06
500 1.6951680928680889e-06
600 3.3903361857361778e-06
700 3.3903361857361778e-06
1000 0.03689872387745969
2000 0.001434112206566403
3000 3.3903361857361778e-06
4000 1.6951680928680889e-06
6000 1.6951680928680889e-06
7000 1.6951680928680889e-06
24
1 1.6951680928680889e-06
10 1.6951680928680887e-05
20 5.085504278604266e-06
30 5.085504278604266e-06
40 5.085504278604266e-06
70 3.3903361857361778e-06
130 1.6951680928680889e-06
500 1.6951680928680889e-06
1000 0.0074282265829479655
2000 0.0003593756356880348
20000 1.6951680928680889e-06
32
1 3.3903361857361778e-06
10 8.475840464340443e-06
40 1.6951680928680889e-06
50 1.6951680928680889e-06
100 1.6951680928680889e-06
190 1.6951680928680889e-06
300 1.6951680928680889e-06
600 1.6951680928680889e-06
1000 0.003719198795752587
2000 0.00023562836490866434
38
10 1.6951680928680889e-06
20 3.3903361857361778e-06
1000 0.002535971466930661
2000 0.0001627361369153365
4000 1.6951680928680889e-06
8000 1.6951680928680889e-06
100
1 3.3903361857361778e-06
10 2.3732353300153245e-05
20 3.3903361857361778e-06
30 5.085504278604266e-06
40 1.6951680928680889e-06
50 1.6951680928680889e-06
170 1.6951680928680889e-06
300 1.6951680928680889e-06
600 1.6951680928680889e-06
1000 0.0027190496209604145
2000 0.00020681050732990682
10000 1.6951680928680889e-06
220
10 5.085504278604266e-06
200 1.6951680928680889e-06
1000 0.0004237920232170222
2000 6.272121943611928e-05
46
20 1.6951680928680889e-06
170 1.6951680928680889e-06
900 3.3903361857361778e-06
1000 0.0015324319559527522
2000 8.306323655053635e-05
5000 1.6951680928680889e-06
26
1 3.3903361857361778e-06
10 1.6951680928680889e-06
20 6.7806723714723555e-06
30 1.6951680928680889e-06
70 1.6951680928680889e-06
500 1.6951680928680889e-06
1000 0.006324672154490839
2000 0.00028139790341610274
8000 1.6951680928680889e-06
129800
10 1.6951680928680889e-06
9800
20 1.6951680928680889e-06
6800
10 1.6951680928680889e-06
2000 3.3903361857361778e-06
36
1 3.3903361857361778e-06
10 1.6951680928680889e-06
20 1.6951680928680889e-06
160 1.6951680928680889e-06
1000 0.0025868265097167037
2000 0.00018477332212262168
380
10 1.6951680928680889e-06
300 1.6951680928680889e-06
1000 6.611155562185547e-05
2000 4.237920232170222e-05
460
10 3.3903361857361778e-06
1000 2.881785757875751e-05
2000 2.7122689485889422e-05
900
1000 3.3903361857361778e-06
2000 1.6951680928680887e-05
750
10 1.1866176650076622e-05
40 1.6951680928680889e-06
300 1.6951680928680889e-06
400 1.6951680928680889e-06
1000 3.3903361857361778e-06
2000 2.5427521393021333e-05
700
10 5.085504278604266e-06
1000 1.0171008557208532e-05
2000 4.068403422883413e-05
440
10 5.085504278604266e-06
40 1.6951680928680889e-06
1000 4.746470660030649e-05
2000 3.3903361857361773e-05
180
10 3.3903361857361778e-06
20 1.6951680928680889e-06
30 3.3903361857361778e-06
500 1.6951680928680889e-06
1000 0.0006797624052401036
2000 0.00010001491747921724
3000 1.6951680928680889e-06
4000 1.6951680928680889e-06
8000 1.6951680928680889e-06
400
60 1.6951680928680889e-06
700 1.6951680928680889e-06
1000 5.085504278604267e-05
2000 1.8646849021548975e-05
1200
10 5.085504278604266e-06
2000 5.085504278604266e-06
64200
10 1.6951680928680889e-06
14800
10 1.6951680928680889e-06
14200
10 1.6951680928680889e-06
4850
10 1.6951680928680889e-06
2700
1000 1.6951680928680889e-06
2000 8.475840464340443e-06
18400
10 1.6951680928680889e-06
3800
20 1.6951680928680889e-06
3000
10 1.6951680928680889e-06
2000 1.6951680928680889e-06
1800
1 1.6951680928680889e-06
1000 1.6951680928680889e-06
2000 3.3903361857361778e-06
3900
20 1.6951680928680889e-06
120
1 5.085504278604266e-06
10 6.7806723714723555e-06
20 6.7806723714723555e-06
30 1.6951680928680889e-06
100 3.3903361857361778e-06
110 1.6951680928680889e-06
130 1.6951680928680889e-06
1000 0.001830781540297536
2000 0.00017629748165828122
160
10 1.0171008557208532e-05
20 1.6951680928680889e-06
30 1.6951680928680889e-06
300 1.6951680928680889e-06
600 1.6951680928680889e-06
800 1.6951680928680889e-06
1000 0.0009764168214920192
2000 0.00013900378361518328
360
1 1.6951680928680889e-06
10 3.3903361857361778e-06
1000 7.119705990045973e-05
2000 3.3903361857361773e-05
6000 1.6951680928680889e-06
7000 1.6951680928680889e-06
340
10 1.0171008557208532e-05
30 1.6951680928680889e-06
1000 8.98439089220087e-05
2000 3.5598529950229865e-05
200
1 1.6951680928680889e-06
10 5.085504278604266e-06
300 1.6951680928680889e-06
1000 0.0004509147127029116
2000 0.00010001491747921724
5000 1.6951680928680889e-06
260
10 5.085504278604266e-06
20 1.6951680928680889e-06
150 1.6951680928680889e-06
1000 0.00020681050732990682
2000 5.4245378971778844e-05
550
150 1.6951680928680889e-06
1000 4.068403422883413e-05
2000 4.9159874693174575e-05
1100
10 3.3903361857361778e-06
1000 1.6951680928680889e-06
2000 1.1866176650076622e-05
600
10 1.6951680928680889e-06
120 1.6951680928680889e-06
500 3.3903361857361778e-06
1000 3.898886613596604e-05
2000 3.5598529950229865e-05
420
70 1.6951680928680889e-06
600 1.6951680928680889e-06
1000 5.4245378971778844e-05
2000 2.7122689485889422e-05
1000
10 1.6951680928680889e-06
20 1.6951680928680889e-06
400 1.6951680928680889e-06
600 1.6951680928680889e-06
1000 3.3903361857361778e-06
2000 1.1866176650076622e-05
850
10 6.7806723714723555e-06
90 1.6951680928680889e-06
1000 3.3903361857361778e-06
2000 2.3732353300153245e-05
10000
1000 1.6951680928680889e-06
2000 3.3903361857361778e-06
300
10 8.475840464340443e-06
30 1.6951680928680889e-06
90 1.6951680928680889e-06
200 1.6951680928680889e-06
1000 0.0001203569345936343
2000 5.255021087891075e-05
44
1 1.6951680928680889e-06
20 1.6951680928680889e-06
1000 0.0016680454033821993
2000 0.00012374727077937048
50
1 1.6951680928680889e-06
1000 0.0006746769009614993
2000 4.237920232170222e-05
1600
10 1.6951680928680889e-06
1000 1.6951680928680889e-06
2000 1.6951680928680889e-06
2200
1000 1.6951680928680889e-06
2000 6.7806723714723555e-06
320
10 1.0171008557208532e-05
20 1.6951680928680889e-06
30 1.6951680928680889e-06
50 1.6951680928680889e-06
1000 8.814874082914061e-05
2000 2.2037185207285153e-05
1350
20 1.6951680928680889e-06
1000 1.6951680928680889e-06
2000 1.1866176650076622e-05
6200
1000 3.3903361857361778e-06
2000 1.6951680928680889e-06
500
10 5.085504278604266e-06
50 1.6951680928680889e-06
1000 4.57695385074384e-05
2000 3.5598529950229865e-05
6000 1.6951680928680889e-06
8000 1.6951680928680889e-06
800
10 6.7806723714723555e-06
1000 8.475840464340443e-06
2000 3.05130256716256e-05
20000 1.6951680928680889e-06
9200
2000 1.6951680928680889e-06
2650
2000 1.6951680928680889e-06
3450
2000 1.6951680928680889e-06
3150
2000 5.085504278604266e-06
22600
2000 1.6951680928680889e-06
1450
10 1.6951680928680889e-06
2000 5.085504278604266e-06
9600
2000 1.6951680928680889e-06
11000
2000 1.6951680928680889e-06
6600
10 1.6951680928680889e-06
2000 1.6951680928680889e-06
17400
200 1.6951680928680889e-06
2000 1.6951680928680889e-06
2850
2000 3.3903361857361778e-06
8200
2000 3.3903361857361778e-06
1050
20 1.6951680928680889e-06
2000 1.1866176650076622e-05
1900
1000 1.6951680928680889e-06
2000 3.3903361857361778e-06
2100
2000 8.475840464340443e-06
1550
10 1.6951680928680889e-06
1000 1.6951680928680889e-06
2000 1.6951680928680889e-06
1250
10 1.6951680928680889e-06
1000 1.6951680928680889e-06
2000 3.3903361857361778e-06
1500
10 1.6951680928680889e-06
2000 6.7806723714723555e-06
650
500 1.6951680928680889e-06
1000 2.7122689485889422e-05
2000 5.085504278604267e-05
1400
500 1.6951680928680889e-06
2000 1.3561344742944711e-05
2550
2000 3.3903361857361778e-06
5000
20 1.6951680928680889e-06
15800
600 1.6951680928680889e-06
1150
10 1.6951680928680889e-06
2000 1.1866176650076622e-05
15200
2000 1.6951680928680889e-06
1700
2000 8.475840464340443e-06
480
30 1.6951680928680889e-06
1000 3.220819376449369e-05
2000 2.5427521393021333e-05
4800
700 1.6951680928680889e-06
1000 1.6951680928680889e-06
2000 1.6951680928680889e-06
7200
1000 1.6951680928680889e-06
2000 1.6951680928680889e-06
1750
1000 1.6951680928680889e-06
2000 6.7806723714723555e-06
3100
2000 3.3903361857361778e-06
17200
4000 1.6951680928680889e-06
3050
1000 1.6951680928680889e-06
2000 1.6951680928680889e-06
1950
2000 6.7806723714723555e-06
1850
1000 1.6951680928680889e-06
2000 5.085504278604266e-06
1650
1000 1.6951680928680889e-06
2000 1.1866176650076622e-05
1300
1000 3.3903361857361778e-06
2000 8.475840464340443e-06
3250
1000 1.6951680928680889e-06
2000 1.6951680928680889e-06
23800
2000 1.6951680928680889e-06
7800
2000 1.6951680928680889e-06
8400
2000 1.6951680928680889e-06
3950
2000 3.3903361857361778e-06
2000
1000 3.3903361857361778e-06
2000 1.6951680928680889e-06
2400
2000 3.3903361857361778e-06
5200
2000 1.6951680928680889e-06
2950
2000 3.3903361857361778e-06
2800
2000 1.6951680928680889e-06
2500
2000 1.6951680928680889e-06
7600
10 1.6951680928680889e-06
2000 1.6951680928680889e-06
3850
2000 1.6951680928680889e-06
4550
2000 1.6951680928680889e-06
2250
2000 1.6951680928680889e-06
2900
2000 1.6951680928680889e-06
3600
2000 1.6951680928680889e-06
6000
1000 1.6951680928680889e-06
2000 1.6951680928680889e-06
5800
1000 1.6951680928680889e-06
7400
1000 1.6951680928680889e-06
2330400
10 1.6951680928680889e-06
6400
1000 1.6951680928680889e-06
7000
10 1.6951680928680889e-06
19600
800 1.6951680928680889e-06
10200
1 1.6951680928680889e-06
3400
2000 1.6951680928680889e-06
3200
2000 1.6951680928680889e-06
634600
10 1.6951680928680889e-06
2600
10 1.6951680928680889e-06
