2
1 0.031631541935644346
10 0.034393897634628405
20 0.013997074707245769
30 0.0073387419265794965
40 0.005017358492212363
50 0.0028212832877631696
60 0.0028943292602806145
70 0.0014539814463229806
80 0.0013435187272028625
90 0.0009448107229185086
100 0.000725793993209421
110 0.0005222590104752045
120 0.0004132202485132448
130 0.0002532522954265132
140 0.000287154594575008
150 0.00015369648219867225
160 0.000170814265057385
170 9.183008822081128e-05
180 9.382968763439543e-05
190 7.365191173368268e-05
200 0.00024501152208568155
300 0.00017890355359415726
400 9.195127606405881e-05
500 5.041414279096997e-05
600 3.153913620516811e-05
700 1.9844509331782047e-05
800 1.5754419622178115e-05
900 1.3633632365346446e-05
1000 3.3296359932257204e-05
2000 1.2936802266673182e-05
3000 4.393059317722744e-06
4000 1.5148480405940495e-06
5000 8.786118635445487e-07
6000 1.1512845108514776e-06
7000 3.332665689306909e-07
8000 3.938604905544529e-07
9000 1.5148480405940495e-07
10000 3.029696081188099e-08
20000 1.1815814716633586e-06
40000 1.8178176487128593e-07
60000 6.059392162376198e-08
80000 6.059392162376198e-08
100000 6.059392162376198e-08
200000 6.059392162376198e-08
300000 3.029696081188099e-08
1
1 0.29423354006262564
10 0.19693212368879676
20 0.10707818503390124
30 0.04770468558556345
40 0.03745246671947023
50 0.020631806155439587
60 0.01795500907378828
70 0.010318660101153674
80 0.00907466689021784
90 0.005425700930034895
100 0.004823882100467691
110 0.0030148505703902775
120 0.0026907336836247743
130 0.0016862076509460483
140 0.0015753510713353758
150 0.0009709570000991619
160 0.0009497794244916571
170 0.0005950020133845308
180 0.0005785204667028674
190 0.00039479969633962115
200 0.0014182613295257729
300 0.0009714417514721521
400 0.00047787396288579884
500 0.0002640077165147309
600 0.00016466398201257318
700 0.00010691797470512802
800 8.007486742580145e-05
900 7.61665594810688e-05
1000 0.00018826531448502847
2000 5.6140268384415475e-05
3000 1.981421237097017e-05
4000 4.393059317722744e-06
5000 1.6057389230296925e-06
6000 2.5449447081980032e-06
7000 4.5445441217821485e-07
8000 5.150483338019769e-07
9000 1.5148480405940495e-07
10000 3.029696081188099e-08
20000 6.059392162376198e-07
40000 1.5148480405940495e-07
60000 3.029696081188099e-08
80000 6.059392162376198e-08
100000 3.029696081188099e-08
240
1 1.4875807758633567e-05
10 1.9087085311485024e-05
20 6.0290952015643165e-06
30 3.6356352974257188e-06
40 2.5449447081980032e-06
50 1.4239571581584065e-06
60 1.6663328446534543e-06
70 6.665331378613818e-07
80 5.453452946138578e-07
90 2.726726473069289e-07
100 3.332665689306909e-07
110 3.332665689306909e-07
120 1.5148480405940495e-07
130 1.5148480405940495e-07
140 1.2118784324752396e-07
150 3.029696081188099e-08
160 1.5148480405940495e-07
180 3.029696081188099e-08
190 9.089088243564297e-08
200 1.2118784324752396e-07
300 3.029696081188099e-07
400 1.2118784324752396e-07
500 3.029696081188099e-08
700 3.029696081188099e-08
800 3.029696081188099e-08
900 3.029696081188099e-08
1000 6.059392162376198e-08
2000 3.029696081188099e-08
6000 3.029696081188099e-08
40000 3.029696081188099e-08
3
1 0.01119172762086965
10 0.01275362684160455
20 0.005132002191924521
30 0.002758538281921764
40 0.0018907424333870569
50 0.0010798442772570623
60 0.001106626790614765
70 0.0005500110265788875
80 0.000512957843505957
90 0.0003687443100414035
100 0.0002802165905490873
110 0.00020192924381118679
120 0.0001566655843582366
130 9.925284361972213e-05
140 0.00010785718049029633
150 5.7170365052019426e-05
160 6.610796849152432e-05
170 3.496269277691066e-05
180 3.55383350323364e-05
190 2.817617355504932e-05
200 9.867720136429639e-05
300 6.983449467138568e-05
400 3.702288611211857e-05
500 2.145024825481174e-05
600 1.2755020501801897e-05
700 7.846912850277175e-06
800 6.301767848871246e-06
900 5.51404686776234e-06
1000 1.2027893442316752e-05
2000 5.756422554257388e-06
3000 1.8178176487128594e-06
4000 9.392057851683107e-07
5000 7.574240202970247e-07
6000 6.968300986732627e-07
7000 3.029696081188099e-07
8000 1.8178176487128593e-07
9000 1.5148480405940495e-07
10000 6.059392162376198e-08
20000 3.938604905544529e-07
40000 3.029696081188099e-08
80000 6.059392162376198e-08
12
1 0.0011134133098366264
10 0.0015215133719726633
20 0.0005279548391078381
30 0.00030127297831334456
40 0.00019938429910298878
50 0.00010967499813900918
60 0.00010943262245251414
70 5.180780298831649e-05
80 4.874780994631651e-05
90 3.2357154147088894e-05
100 2.3389253746772125e-05
110 1.6663328446534543e-05
120 1.314888099235635e-05
130 7.816615889465295e-06
140 1.011918491116825e-05
150 4.665731965029672e-06
160 5.241374220455411e-06
170 3.5144474541781947e-06
180 3.272071767683147e-06
190 2.938805198752456e-06
200 8.786118635445487e-06
300 7.240973634039556e-06
400 4.847513729900958e-06
500 2.272272060891074e-06
600 1.0906905892277155e-06
700 6.968300986732627e-07
800 4.847513729900959e-07
900 3.938604905544529e-07
1000 1.4239571581584065e-06
2000 9.997997067920727e-07
3000 4.5445441217821485e-07
4000 3.029696081188099e-07
5000 2.4237568649504793e-07
6000 6.059392162376198e-08
8000 3.029696081188099e-08
9000 3.029696081188099e-08
10000 3.029696081188099e-08
20000 2.1207872568316692e-07
40000 9.089088243564297e-08
60000 3.029696081188099e-08
7
1 0.0017350463517748005
10 0.002227341668007055
20 0.0008570101304856776
30 0.00047984326533857114
40 0.0003248743107857998
50 0.00018493264879572156
60 0.0001856597758552067
70 9.234513655461325e-05
80 8.410436321378162e-05
90 5.94426371129105e-05
100 4.5354550335385844e-05
110 3.0721118263247326e-05
120 2.360133247245529e-05
130 1.539085609243554e-05
140 1.6966298054653353e-05
150 9.543542655742512e-06
160 1.0149481871980132e-05
170 5.847313436693031e-06
180 5.51404686776234e-06
190 4.514247160970268e-06
200 1.4239571581584066e-05
300 1.2300566089623681e-05
400 6.241173927247484e-06
500 4.332465396098982e-06
600 1.7875206879009784e-06
700 1.3330662757227636e-06
800 6.968300986732627e-07
900 6.059392162376198e-07
1000 2.423756864950479e-06
2000 1.2421753932871206e-06
3000 5.150483338019769e-07
4000 3.029696081188099e-07
5000 1.2118784324752396e-07
6000 1.5148480405940495e-07
7000 6.059392162376198e-08
8000 6.059392162376198e-08
10000 9.089088243564297e-08
20000 1.2118784324752396e-07
5
1 0.0034744554659065117
10 0.004303652986366883
20 0.0016961450540923452
30 0.0009301469938855582
40 0.0006385084491103919
50 0.0003571405740504531
60 0.0003689563887670867
70 0.0001808728560469295
80 0.00017363188241288996
90 0.00012239972167999919
100 9.331463930059344e-05
110 6.810756790510847e-05
120 5.25955239694254e-05
130 3.208448149978197e-05
140 3.514447454178195e-05
150 2.0086885018277095e-05
160 2.323776894271272e-05
170 1.1452251186891014e-05
180 1.1785517755821704e-05
190 1.0240372754415774e-05
200 3.12361665970493e-05
300 2.4631429140059244e-05
400 1.3391256678851397e-05
500 7.2712705948514375e-06
600 3.787120101485124e-06
700 2.817617355504932e-06
800 1.6360358838415735e-06
900 1.6966298054653353e-06
1000 4.0900897096039335e-06
2000 2.0904902960197885e-06
3000 7.271270594851437e-07
4000 5.756422554257388e-07
5000 3.332665689306909e-07
6000 1.5148480405940495e-07
7000 6.059392162376198e-08
8000 6.059392162376198e-08
9000 6.059392162376198e-08
20000 2.1207872568316692e-07
40000 3.029696081188099e-08
60000 6.059392162376198e-08
80000 1.2118784324752396e-07
300000 3.029696081188099e-08
9
1 0.0010430334698706268
10 0.001398628898919674
20 0.0005176538724317985
30 0.0002920929991873446
40 0.00019526391243257298
50 0.00010879638627546464
60 0.00010919024676601908
70 5.2262257400494706e-05
80 4.874780994631651e-05
90 3.481120797285126e-05
100 2.5813010611722603e-05
110 1.8844709624989976e-05
120 1.3512444522098922e-05
130 8.695227753009844e-06
140 8.210476380019748e-06
150 5.029295494772244e-06
160 5.907907358316793e-06
170 3.5447444149900757e-06
180 3.029696081188099e-06
190 2.787320394693051e-06
200 8.967900400316772e-06
300 7.119785790792033e-06
400 4.180980592039577e-06
500 2.393459904138598e-06
600 1.3027693149108826e-06
700 6.968300986732627e-07
800 7.574240202970247e-07
900 5.756422554257388e-07
1000 1.2118784324752396e-06
2000 6.665331378613818e-07
3000 2.4237568649504793e-07
4000 6.059392162376198e-08
5000 2.1207872568316692e-07
6000 1.5148480405940495e-07
8000 6.059392162376198e-08
20000 1.2118784324752396e-07
80000 6.059392162376198e-08
4
1 0.005682831236445329
10 0.006838478509653718
20 0.0026973384210817646
30 0.001490519581062109
40 0.0010235828210293993
50 0.000581701647588115
60 0.0006030610049604911
70 0.0003037270321391069
80 0.00027288472603261205
90 0.00019480945802039478
100 0.00015248460376619702
110 0.00011288647598506857
120 8.340753311510837e-05
130 5.114126985045511e-05
140 5.7382443777702595e-05
150 3.0509039537564156e-05
160 3.4356753560673043e-05
170 1.8844709624989976e-05
180 1.9390054919603833e-05
190 1.4936401680257328e-05
200 5.086859720314818e-05
300 4.171891503796012e-05
400 2.1419951293999858e-05
500 1.0513045401722703e-05
600 6.332064809683127e-06
700 3.817417062297005e-06
800 3.5750413758019567e-06
900 2.6358355906336463e-06
1000 6.907707065108865e-06
2000 2.514647747386122e-06
3000 1.3027693149108826e-06
4000 7.271270594851437e-07
5000 3.938604905544529e-07
6000 3.332665689306909e-07
7000 2.726726473069289e-07
8000 1.2118784324752396e-07
9000 9.089088243564297e-08
10000 3.029696081188099e-08
20000 3.938604905544529e-07
40000 6.059392162376198e-08
60000 6.059392162376198e-08
80000 9.089088243564297e-08
200000 6.059392162376198e-08
18
1 0.0005137455644870659
10 0.0007124633304521934
20 0.00022540938844039455
30 0.00013027693149108825
40 8.964870704235585e-05
50 4.550603513944525e-05
60 4.905077955443532e-05
70 2.266212668728698e-05
80 1.9268867076356308e-05
90 1.3360959718039517e-05
100 9.937403146296965e-06
110 6.938004025920747e-06
120 5.241374220455411e-06
130 3.029696081188099e-06
140 4.0900897096039335e-06
150 2.0601933352079075e-06
160 2.211678139267312e-06
170 1.1815814716633586e-06
180 1.5148480405940495e-06
190 1.3936601973465254e-06
200 3.5750413758019567e-06
300 3.938604905544529e-06
400 2.241975100079193e-06
500 1.2118784324752396e-06
600 6.362361770495008e-07
700 5.453452946138578e-07
800 2.1207872568316692e-07
900 3.6356352974257187e-07
1000 5.150483338019769e-07
2000 2.726726473069289e-07
3000 2.726726473069289e-07
4000 2.4237568649504793e-07
6000 3.029696081188099e-08
8000 3.029696081188099e-08
9000 3.029696081188099e-08
20000 9.089088243564297e-08
40000 3.029696081188099e-08
100
1 0.00011970329216774178
10 0.00013560919659397932
20 3.714407395536609e-05
30 2.245004796160381e-05
40 1.5815013543801877e-05
50 8.513445988138559e-06
60 8.543742948950439e-06
70 3.938604905544529e-06
80 3.3629626501187897e-06
90 2.75702343388117e-06
100 2.120787256831669e-06
110 1.1209875500395966e-06
120 1.1512845108514776e-06
130 6.362361770495008e-07
140 6.362361770495008e-07
150 5.453452946138578e-07
160 4.847513729900959e-07
170 4.2415745136633383e-07
180 2.1207872568316692e-07
190 3.029696081188099e-07
200 1.1209875500395966e-06
300 7.877209811089058e-07
400 7.574240202970247e-07
500 2.1207872568316692e-07
600 6.059392162376198e-08
700 2.1207872568316692e-07
800 9.089088243564297e-08
900 6.059392162376198e-08
1000 2.1207872568316692e-07
2000 1.2118784324752396e-07
3000 6.059392162376198e-08
4000 9.089088243564297e-08
5000 3.029696081188099e-08
20000 1.2118784324752396e-07
24
1 0.00029839476703621585
10 0.0003917700002584331
20 0.00011915794687312793
30 6.968300986732628e-05
40 4.689969533679177e-05
50 2.599479237659389e-05
60 2.4116380806257266e-05
70 1.1088687657148442e-05
80 1.0664530205782109e-05
90 6.604737456990056e-06
100 5.574640789386102e-06
110 4.180980592039577e-06
120 2.6661325514455273e-06
130 1.7572237270890974e-06
140 1.9995994135841454e-06
150 9.695027459801917e-07
160 6.362361770495008e-07
170 6.362361770495008e-07
180 6.968300986732627e-07
190 4.847513729900959e-07
200 2.211678139267312e-06
300 1.7572237270890974e-06
400 1.3027693149108826e-06
500 6.362361770495008e-07
600 2.726726473069289e-07
700 2.4237568649504793e-07
800 1.2118784324752396e-07
900 6.059392162376198e-08
1000 1.8178176487128593e-07
2000 3.029696081188099e-07
3000 1.5148480405940495e-07
4000 6.059392162376198e-08
5000 3.029696081188099e-08
6000 6.059392162376198e-08
7000 3.029696081188099e-08
20000 3.029696081188099e-08
26
1 0.00025731208817530527
10 0.00033629626501187896
20 0.00010140392783736567
30 6.001827936833624e-05
40 3.887100072164331e-05
50 2.15108421764355e-05
60 2.114727864669293e-05
70 9.17997912599994e-06
80 9.17997912599994e-06
90 5.907907358316793e-06
100 3.938604905544529e-06
110 3.4538535325544327e-06
120 1.9390054919603834e-06
130 1.4239571581584065e-06
140 1.4845510797821685e-06
150 9.089088243564297e-07
160 8.786118635445487e-07
170 5.756422554257388e-07
180 6.665331378613818e-07
190 5.453452946138578e-07
200 1.6966298054653353e-06
300 1.6966298054653353e-06
400 1.0906905892277155e-06
500 6.362361770495008e-07
600 3.332665689306909e-07
700 1.5148480405940495e-07
800 1.2118784324752396e-07
900 9.089088243564297e-08
1000 4.2415745136633383e-07
2000 2.4237568649504793e-07
3000 6.059392162376198e-08
4000 6.059392162376198e-08
5000 9.089088243564297e-08
6000 3.029696081188099e-08
7000 3.029696081188099e-08
20000 3.029696081188099e-08
40000 3.029696081188099e-08
6
1 0.0023621025496983012
10 0.0029969450665504557
20 0.0011663421003749825
30 0.0006432044780362334
40 0.0004453350269738387
50 0.0002469202306168301
60 0.00025267665317108744
70 0.00012567179344768234
80 0.00011485577843784084
90 8.352872095835589e-05
100 6.201787878192039e-05
110 4.5142471609702675e-05
120 3.387200218768295e-05
130 2.205618747104936e-05
140 2.4146677767069148e-05
150 1.3482147561287041e-05
160 1.314888099235635e-05
170 7.66513108540589e-06
180 8.210476380019748e-06
190 5.998798240752436e-06
200 2.2298563157544407e-05
300 1.654214060328702e-05
400 8.634633831386083e-06
500 5.059592455584125e-06
600 3.05999304199998e-06
700 1.6360358838415735e-06
800 1.1512845108514776e-06
900 1.0906905892277155e-06
1000 2.6055386298217652e-06
2000 1.3027693149108826e-06
3000 6.059392162376198e-07
4000 2.726726473069289e-07
5000 6.059392162376198e-08
6000 3.332665689306909e-07
7000 1.2118784324752396e-07
8000 9.089088243564297e-08
9000 6.059392162376198e-08
20000 1.5148480405940495e-07
80000 3.029696081188099e-08
38
1 0.00011640092343924676
10 0.00015018203474449407
20 4.141594542984131e-05
30 2.4994992669801815e-05
40 1.799639472225731e-05
50 8.664930792197963e-06
60 9.028494321940535e-06
70 4.423356278534624e-06
80 4.1506836312276955e-06
90 2.75702343388117e-06
100 1.7875206879009784e-06
110 1.3330662757227636e-06
120 1.0906905892277155e-06
130 8.180179419207868e-07
140 8.483149027326677e-07
150 3.938604905544529e-07
160 2.726726473069289e-07
170 9.089088243564297e-08
180 2.1207872568316692e-07
190 3.029696081188099e-07
200 8.483149027326677e-07
300 8.483149027326677e-07
400 3.6356352974257187e-07
500 2.1207872568316692e-07
600 9.089088243564297e-08
700 9.089088243564297e-08
800 6.059392162376198e-08
1000 3.029696081188099e-08
2000 1.2118784324752396e-07
3000 6.059392162376198e-08
4000 3.029696081188099e-08
5000 3.029696081188099e-08
8000 3.029696081188099e-08
20000 9.089088243564297e-08
100000 3.029696081188099e-08
14
1 0.0008325301861496778
10 0.0011373176119172004
20 0.0003919214850624925
30 0.00021828960264960254
40 0.00014687966601599904
50 8.025664919067273e-05
60 8.101407321096976e-05
70 3.6659322582375995e-05
80 3.5023286698534427e-05
90 2.4116380806257266e-05
100 1.8572036977683046e-05
110 1.133106334364349e-05
120 8.543742948950439e-06
130 5.3928590245148165e-06
140 6.301767848871246e-06
150 3.150883924435623e-06
160 3.817417062297005e-06
170 2.332865982514836e-06
180 1.9390054919603834e-06
190 1.8481146095247404e-06
200 6.635034417801937e-06
300 6.0290952015643165e-06
400 3.5144474541781947e-06
500 1.3936601973465254e-06
600 1.3633632365346444e-06
700 7.271270594851437e-07
800 2.726726473069289e-07
900 3.332665689306909e-07
1000 8.180179419207868e-07
2000 5.453452946138578e-07
3000 6.362361770495008e-07
4000 3.029696081188099e-08
5000 2.1207872568316692e-07
6000 1.2118784324752396e-07
7000 9.089088243564297e-08
8000 3.029696081188099e-08
9000 6.059392162376198e-08
20000 2.1207872568316692e-07
100000 3.029696081188099e-08
8
1 0.0013177966074735756
10 0.001735470509226167
20 0.0006612008727584907
30 0.00036471481425342335
40 0.0002514647747386122
50 0.00014078997689281097
60 0.00013963869238195947
70 7.007687035788074e-05
80 6.335094505764315e-05
90 4.341554484342546e-05
100 3.475061405122749e-05
110 2.420727168869291e-05
120 1.8147879526316714e-05
130 1.1361360304455371e-05
140 1.3209474913980112e-05
150 6.816816182673223e-06
160 8.301367262455391e-06
170 4.120386670415815e-06
180 4.423356278534624e-06
190 3.6962292190494808e-06
200 1.1815814716633587e-05
300 9.695027459801917e-06
400 5.029295494772244e-06
500 2.817617355504932e-06
600 1.7269267662772163e-06
700 8.786118635445487e-07
800 4.5445441217821485e-07
900 4.5445441217821485e-07
1000 1.7269267662772163e-06
2000 1.0906905892277155e-06
3000 4.2415745136633383e-07
4000 2.1207872568316692e-07
5000 9.089088243564297e-08
7000 6.059392162376198e-08
20000 1.5148480405940495e-07
40000 3.029696081188099e-08
46
1 7.731784399192029e-05
10 9.725324420613798e-05
20 2.7055186005009725e-05
30 1.6875407172217712e-05
40 1.0634233244970227e-05
50 5.938204319128674e-06
60 5.847313436693031e-06
70 2.817617355504932e-06
80 2.0601933352079075e-06
90 1.5754419622178115e-06
100 9.997997067920727e-07
110 8.483149027326677e-07
120 8.786118635445487e-07
130 3.029696081188099e-07
140 3.938604905544529e-07
150 9.089088243564297e-08
160 2.726726473069289e-07
170 2.1207872568316692e-07
180 1.5148480405940495e-07
190 2.726726473069289e-07
200 3.6356352974257187e-07
300 1.0300966676039537e-06
400 3.332665689306909e-07
500 1.8178176487128593e-07
600 1.5148480405940495e-07
700 9.089088243564297e-08
900 3.029696081188099e-08
1000 3.029696081188099e-08
2000 6.059392162376198e-08
4000 6.059392162376198e-08
20000 3.029696081188099e-08
32
1 0.00016842080515324642
10 0.0002141995129399986
20 6.447193260768274e-05
30 3.620486817019778e-05
40 2.4146677767069148e-05
50 1.2421753932871205e-05
60 1.284591138423754e-05
70 5.877610397504912e-06
80 5.907907358316793e-06
90 3.787120101485124e-06
100 2.938805198752456e-06
110 2.241975100079193e-06
120 9.392057851683107e-07
130 8.483149027326677e-07
140 8.483149027326677e-07
150 5.453452946138578e-07
160 7.877209811089058e-07
170 2.726726473069289e-07
180 3.6356352974257187e-07
190 2.726726473069289e-07
200 1.6057389230296925e-06
300 1.2724723540990016e-06
400 8.786118635445487e-07
500 4.2415745136633383e-07
600 1.5148480405940495e-07
700 6.059392162376198e-08
800 1.2118784324752396e-07
900 9.089088243564297e-08
1000 1.5148480405940495e-07
2000 1.5148480405940495e-07
4000 3.029696081188099e-08
6000 3.029696081188099e-08
7000 3.029696081188099e-08
8000 3.029696081188099e-08
9000 3.029696081188099e-08
20000 6.059392162376198e-08
40000 3.029696081188099e-08
60000 3.029696081188099e-08
10
1 0.0015659590134836927
10 0.002100457996126897
20 0.0007569089719632227
30 0.0004254905176420566
40 0.00028560944957360207
50 0.00015854399592857323
60 0.000159362013870494
70 7.674220173649455e-05
80 6.889528888621737e-05
90 5.1232160732890756e-05
100 3.647754081750471e-05
110 2.6721919436079034e-05
120 2.0026291096653334e-05
130 1.2027893442316752e-05
140 1.3542741482910802e-05
150 8.634633831386083e-06
160 7.9681006935247e-06
170 4.241574513663338e-06
180 4.393059317722744e-06
190 3.878010983920767e-06
200 1.2906505305861301e-05
300 1.1694626873386063e-05
400 6.574440496178175e-06
500 2.878211277128694e-06
600 1.7875206879009784e-06
700 8.786118635445487e-07
800 6.968300986732627e-07
900 6.665331378613818e-07
1000 1.7875206879009784e-06
2000 9.695027459801917e-07
3000 5.756422554257388e-07
4000 3.029696081188099e-07
5000 6.059392162376198e-08
6000 2.726726473069289e-07
7000 6.059392162376198e-08
8000 3.029696081188099e-08
9000 6.059392162376198e-08
20000 3.6356352974257187e-07
40000 3.029696081188099e-08
80000 3.029696081188099e-08
60
1 0.0003399621972701166
10 0.00039482999330043303
20 0.00010806925921597949
30 6.395688427388077e-05
40 4.5687816904316536e-05
50 2.447994433599984e-05
60 2.484350786574241e-05
70 1.1270469422019728e-05
80 1.1482548147702895e-05
90 8.089288536772224e-06
100 5.938204319128674e-06
110 3.847714023108885e-06
120 2.45405382576236e-06
130 1.8178176487128594e-06
140 1.9995994135841454e-06
150 1.1209875500395966e-06
160 1.0603936284158345e-06
170 6.362361770495008e-07
180 7.877209811089058e-07
190 6.059392162376198e-07
200 2.241975100079193e-06
300 2.0904902960197885e-06
400 1.6057389230296925e-06
500 9.997997067920727e-07
600 4.2415745136633383e-07
700 3.029696081188099e-07
800 2.726726473069289e-07
900 1.8178176487128593e-07
1000 4.847513729900959e-07
2000 3.029696081188099e-07
3000 1.8178176487128593e-07
4000 9.089088243564297e-08
5000 9.089088243564297e-08
6000 9.089088243564297e-08
7000 1.2118784324752396e-07
9000 3.029696081188099e-08
10000 3.029696081188099e-08
20000 6.059392162376198e-08
80000 3.029696081188099e-08
200000 6.059392162376198e-08
400000 3.029696081188099e-08
28
1 0.0002170777242171273
10 0.00029330487761981984
20 8.761881066795982e-05
30 5.2141069557247184e-05
40 3.2175372382217614e-05
50 1.8238770408752354e-05
60 1.8329661291187998e-05
70 8.119585497584106e-06
80 7.66513108540589e-06
90 4.453653239346506e-06
100 3.817417062297005e-06
110 3.3326656893069087e-06
120 2.15108421764355e-06
130 1.1209875500395966e-06
140 1.3330662757227636e-06
150 5.756422554257388e-07
160 1.0300966676039537e-06
170 5.150483338019769e-07
180 6.362361770495008e-07
190 5.756422554257388e-07
200 1.4542541189702875e-06
300 1.8784115703366214e-06
400 8.483149027326677e-07
500 4.5445441217821485e-07
600 2.4237568649504793e-07
700 1.2118784324752396e-07
800 6.059392162376198e-08
900 1.5148480405940495e-07
1000 3.332665689306909e-07
2000 9.089088243564297e-08
3000 9.089088243564297e-08
4000 9.089088243564297e-08
5000 6.059392162376198e-08
6000 3.029696081188099e-08
7000 3.029696081188099e-08
20000 6.059392162376198e-08
20
1 0.0004296714982340962
10 0.0005770965095447091
20 0.0001807213712428701
30 0.0001063120354888904
40 6.907707065108866e-05
50 3.753793444592055e-05
60 3.484150493366314e-05
70 1.7511643349267213e-05
80 1.6027092269485042e-05
90 1.069482716659399e-05
100 7.2712705948514375e-06
110 5.544343828574221e-06
120 4.2112775528514575e-06
130 2.0904902960197885e-06
140 2.5752416690098842e-06
150 1.4845510797821685e-06
160 1.8178176487128594e-06
170 1.0603936284158345e-06
180 1.2724723540990016e-06
190 1.1512845108514776e-06
200 3.4841504933663137e-06
300 3.181180885247504e-06
400 1.3330662757227636e-06
500 7.877209811089058e-07
600 2.1207872568316692e-07
700 2.1207872568316692e-07
800 2.1207872568316692e-07
900 1.8178176487128593e-07
1000 5.756422554257388e-07
2000 3.332665689306909e-07
3000 6.059392162376198e-08
4000 9.089088243564297e-08
5000 9.089088243564297e-08
6000 9.089088243564297e-08
7000 6.059392162376198e-08
8000 6.059392162376198e-08
9000 3.029696081188099e-08
10000 3.029696081188099e-08
20000 1.2118784324752396e-07
40000 3.029696081188099e-08
60000 3.029696081188099e-08
48
1 7.383369349855398e-05
10 8.9103361747742e-05
20 2.3510441590019647e-05
30 1.5057589523504852e-05
40 1.0149481871980132e-05
50 5.2716711812672925e-06
60 5.907907358316793e-06
70 2.969102159564337e-06
80 2.302569021702955e-06
90 1.3027693149108826e-06
100 9.695027459801917e-07
110 7.574240202970247e-07
120 3.029696081188099e-07
130 3.938604905544529e-07
140 3.6356352974257187e-07
150 2.726726473069289e-07
160 2.1207872568316692e-07
170 1.8178176487128593e-07
180 9.089088243564297e-08
190 2.1207872568316692e-07
200 3.938604905544529e-07
300 6.362361770495008e-07
400 3.6356352974257187e-07
500 2.1207872568316692e-07
600 9.089088243564297e-08
1000 6.059392162376198e-08
2000 9.089088243564297e-08
3000 3.029696081188099e-08
4000 3.029696081188099e-08
20000 3.029696081188099e-08
36
1 0.00012648981138960313
10 0.00016620912701397912
20 4.899018563281156e-05
30 2.8842706692910702e-05
40 1.8572036977683046e-05
50 1.0149481871980132e-05
60 1.0422154519287061e-05
70 5.029295494772244e-06
80 4.120386670415815e-06
90 3.3326656893069087e-06
100 2.423756864950479e-06
110 1.3330662757227636e-06
120 1.4845510797821685e-06
130 9.089088243564297e-07
140 7.574240202970247e-07
150 4.2415745136633383e-07
160 4.5445441217821485e-07
170 1.8178176487128593e-07
180 2.4237568649504793e-07
190 3.332665689306909e-07
200 8.786118635445487e-07
300 9.392057851683107e-07
400 3.938604905544529e-07
500 6.059392162376198e-08
600 1.5148480405940495e-07
700 9.089088243564297e-08
800 3.029696081188099e-08
900 6.059392162376198e-08
1000 9.089088243564297e-08
2000 1.5148480405940495e-07
3000 1.2118784324752396e-07
5000 3.029696081188099e-08
10000 3.029696081188099e-08
40
1 0.00035286870257597786
10 0.00042576319028936354
20 0.00011946091648124674
30 7.392458438098961e-05
40 4.6414943963801676e-05
50 2.6176574141465176e-05
60 2.541915012116815e-05
70 1.2967099227485064e-05
80 1.1421954226079134e-05
90 8.452852066514796e-06
100 5.665531671821745e-06
110 3.726526179861362e-06
120 3.090290002811861e-06
130 1.7875206879009784e-06
140 2.393459904138598e-06
150 9.997997067920727e-07
160 1.0603936284158345e-06
170 7.877209811089058e-07
180 9.695027459801917e-07
190 3.6356352974257187e-07
200 2.6055386298217652e-06
300 2.6661325514455273e-06
400 1.6057389230296925e-06
500 1.3027693149108826e-06
600 3.938604905544529e-07
700 3.6356352974257187e-07
800 1.8178176487128593e-07
900 1.2118784324752396e-07
1000 2.4237568649504793e-07
2000 3.938604905544529e-07
3000 9.089088243564297e-08
4000 1.2118784324752396e-07
5000 6.059392162376198e-08
6000 1.5148480405940495e-07
7000 9.089088243564297e-08
9000 6.059392162376198e-08
10000 6.059392162376198e-08
20000 9.089088243564297e-08
40000 3.029696081188099e-08
80000 3.029696081188099e-08
11600
10 3.029696081188099e-08
650
1 2.45405382576236e-06
10 4.483950200158386e-06
20 1.3330662757227636e-06
30 8.180179419207868e-07
40 6.362361770495008e-07
50 3.938604905544529e-07
60 3.332665689306909e-07
70 1.8178176487128593e-07
80 1.2118784324752396e-07
90 1.5148480405940495e-07
100 3.029696081188099e-08
110 1.2118784324752396e-07
120 6.059392162376198e-08
170 3.029696081188099e-08
180 3.029696081188099e-08
190 9.089088243564297e-08
200 1.2118784324752396e-07
300 3.029696081188099e-08
400 9.089088243564297e-08
500 6.059392162376198e-08
600 3.029696081188099e-08
800 3.029696081188099e-08
1000 6.059392162376198e-08
10200
1 3.029696081188099e-08
27600
10 3.029696081188099e-08
220
1 1.869322482093057e-05
10 2.387400511976222e-05
20 6.059392162376198e-06
30 3.9689018663564095e-06
40 2.484350786574241e-06
50 1.8481146095247404e-06
60 1.4542541189702875e-06
70 9.089088243564297e-07
80 6.362361770495008e-07
90 5.453452946138578e-07
100 3.029696081188099e-07
110 3.332665689306909e-07
120 9.089088243564297e-08
130 6.059392162376198e-08
140 3.029696081188099e-08
150 1.2118784324752396e-07
160 6.059392162376198e-08
170 6.059392162376198e-08
180 3.029696081188099e-08
190 6.059392162376198e-08
200 1.8178176487128593e-07
300 3.6356352974257187e-07
400 1.8178176487128593e-07
500 1.2118784324752396e-07
600 3.029696081188099e-08
700 3.029696081188099e-08
800 3.029696081188099e-08
1000 6.059392162376198e-08
2000 6.059392162376198e-08
4000 3.029696081188099e-08
9000 3.029696081188099e-08
900
1 1.1209875500395966e-06
10 2.241975100079193e-06
20 4.847513729900959e-07
30 6.059392162376198e-07
40 2.4237568649504793e-07
50 6.059392162376198e-08
60 2.1207872568316692e-07
70 6.059392162376198e-08
80 9.089088243564297e-08
90 6.059392162376198e-08
110 6.059392162376198e-08
130 3.029696081188099e-08
200 3.029696081188099e-08
1000 3.029696081188099e-08
2000 3.029696081188099e-08
3000 3.029696081188099e-08
5000 3.029696081188099e-08
4850
1 6.059392162376198e-08
20 3.029696081188099e-08
7600
1 6.059392162376198e-08
1650
1 3.029696081188099e-07
10 4.2415745136633383e-07
20 2.1207872568316692e-07
30 6.059392162376198e-08
40 3.029696081188099e-08
50 6.059392162376198e-08
60 3.029696081188099e-08
70 3.029696081188099e-08
110 3.029696081188099e-08
170 3.029696081188099e-08
190 3.029696081188099e-08
300 3.029696081188099e-08
3200
10 6.059392162376198e-08
20 3.029696081188099e-08
100 3.029696081188099e-08
13800
10 3.029696081188099e-08
1750
1 3.029696081188099e-07
10 3.029696081188099e-07
20 1.2118784324752396e-07
30 3.029696081188099e-08
40 1.2118784324752396e-07
50 6.059392162376198e-08
70 3.029696081188099e-08
110 3.029696081188099e-08
160 3.029696081188099e-08
120
1 8.052932183797968e-05
10 9.06788037099598e-05
20 2.5661525807663198e-05
30 1.499699560188109e-05
40 9.937403146296965e-06
50 5.877610397504912e-06
60 6.513846574554413e-06
70 2.514647747386122e-06
80 2.0601933352079075e-06
90 2.0904902960197885e-06
100 1.1815814716633586e-06
110 9.392057851683107e-07
120 7.574240202970247e-07
130 3.332665689306909e-07
140 5.150483338019769e-07
150 2.726726473069289e-07
160 1.8178176487128593e-07
170 1.8178176487128593e-07
180 2.4237568649504793e-07
190 1.5148480405940495e-07
200 8.180179419207868e-07
300 8.786118635445487e-07
400 3.6356352974257187e-07
500 1.2118784324752396e-07
600 1.5148480405940495e-07
700 9.089088243564297e-08
800 6.059392162376198e-08
900 6.059392162376198e-08
1000 1.5148480405940495e-07
2000 3.029696081188099e-08
3000 1.2118784324752396e-07
4000 3.029696081188099e-08
5000 9.089088243564297e-08
7000 3.029696081188099e-08
20000 3.029696081188099e-08
80000 3.029696081188099e-08
200000 3.029696081188099e-08
3850
1 3.029696081188099e-08
10 6.059392162376198e-08
20 3.029696081188099e-08
2000 3.029696081188099e-08
1600
1 3.6356352974257187e-07
10 4.847513729900959e-07
20 1.5148480405940495e-07
30 3.029696081188099e-08
40 6.059392162376198e-08
50 1.2118784324752396e-07
60 3.029696081188099e-08
110 3.029696081188099e-08
120 3.029696081188099e-08
140 3.029696081188099e-08
2000 3.029696081188099e-08
950
1 1.1815814716633586e-06
10 1.1209875500395966e-06
20 5.150483338019769e-07
30 3.6356352974257187e-07
40 3.332665689306909e-07
50 6.059392162376198e-08
60 1.8178176487128593e-07
70 9.089088243564297e-08
100 6.059392162376198e-08
110 3.029696081188099e-08
140 6.059392162376198e-08
160 3.029696081188099e-08
170 3.029696081188099e-08
600 3.029696081188099e-08
3000 3.029696081188099e-08
6000 3.029696081188099e-08
4700
1 3.029696081188099e-08
42
1 9.298137273166275e-05
10 0.00011861260157851408
20 3.402348699174235e-05
30 1.935975795879195e-05
40 1.254294177611873e-05
50 7.877209811089058e-06
60 8.028694615148462e-06
70 3.05999304199998e-06
80 2.726726473069289e-06
90 1.9693024527722644e-06
100 1.3330662757227636e-06
110 1.0300966676039537e-06
120 7.877209811089058e-07
130 6.665331378613818e-07
140 4.5445441217821485e-07
150 2.4237568649504793e-07
160 1.8178176487128593e-07
170 1.2118784324752396e-07
180 2.1207872568316692e-07
190 1.2118784324752396e-07
200 5.453452946138578e-07
300 6.059392162376198e-07
400 5.150483338019769e-07
500 4.5445441217821485e-07
600 6.059392162376198e-08
700 6.059392162376198e-08
800 3.029696081188099e-08
900 1.5148480405940495e-07
1000 1.2118784324752396e-07
2000 9.089088243564297e-08
4000 3.029696081188099e-08
7000 3.029696081188099e-08
9000 3.029696081188099e-08
1500
1 3.938604905544529e-07
10 3.938604905544529e-07
20 1.2118784324752396e-07
30 1.5148480405940495e-07
40 3.029696081188099e-08
60 6.059392162376198e-08
70 3.029696081188099e-08
80 3.029696081188099e-08
110 3.029696081188099e-08
120 3.029696081188099e-08
5000 3.029696081188099e-08
600
1 3.5447444149900757e-06
10 5.0898894163960064e-06
20 1.6360358838415735e-06
30 1.1209875500395966e-06
40 4.5445441217821485e-07
50 2.726726473069289e-07
60 3.029696081188099e-07
70 2.726726473069289e-07
80 1.8178176487128593e-07
90 1.8178176487128593e-07
100 3.029696081188099e-08
110 1.2118784324752396e-07
120 3.029696081188099e-08
130 6.059392162376198e-08
140 3.029696081188099e-08
160 3.029696081188099e-08
170 3.029696081188099e-08
200 9.089088243564297e-08
300 3.029696081188099e-08
400 3.029696081188099e-08
500 3.029696081188099e-08
600 3.029696081188099e-08
800 3.029696081188099e-08
1000 3.029696081188099e-08
2000 3.029696081188099e-08
5000 3.029696081188099e-08
1700
1 2.726726473069289e-07
10 3.938604905544529e-07
20 9.089088243564297e-08
30 6.059392162376198e-08
50 9.089088243564297e-08
60 6.059392162376198e-08
70 3.029696081188099e-08
90 3.029696081188099e-08
2000 3.029696081188099e-08
380
1 4.756622847465316e-06
10 7.846912850277175e-06
20 2.45405382576236e-06
30 9.695027459801917e-07
40 1.1512845108514776e-06
50 6.362361770495008e-07
60 6.665331378613818e-07
70 2.726726473069289e-07
80 2.1207872568316692e-07
90 2.726726473069289e-07
100 9.089088243564297e-08
110 6.059392162376198e-08
120 3.029696081188099e-08
130 3.029696081188099e-08
140 3.029696081188099e-08
150 3.029696081188099e-08
160 3.029696081188099e-08
170 6.059392162376198e-08
180 3.029696081188099e-08
200 6.059392162376198e-08
300 3.029696081188099e-08
400 3.029696081188099e-08
1000 3.029696081188099e-08
2000 3.029696081188099e-08
6000 3.029696081188099e-08
500
1 6.059392162376198e-06
10 9.14968216518806e-06
20 2.6358355906336463e-06
30 1.7572237270890974e-06
40 1.4542541189702875e-06
50 8.483149027326677e-07
60 3.938604905544529e-07
70 1.5148480405940495e-07
80 2.726726473069289e-07
90 9.089088243564297e-08
100 3.029696081188099e-08
110 1.8178176487128593e-07
120 1.8178176487128593e-07
130 1.5148480405940495e-07
140 6.059392162376198e-08
150 3.029696081188099e-08
160 3.029696081188099e-08
180 3.029696081188099e-08
190 3.029696081188099e-08
200 6.059392162376198e-08
300 2.1207872568316692e-07
400 9.089088243564297e-08
500 3.029696081188099e-08
700 3.029696081188099e-08
3000 3.029696081188099e-08
5000 3.029696081188099e-08
320
1 6.332064809683127e-06
10 9.755621381425678e-06
20 3.029696081188099e-06
30 1.9087085311485024e-06
40 1.3936601973465254e-06
50 8.483149027326677e-07
60 8.180179419207868e-07
70 3.029696081188099e-07
80 3.029696081188099e-07
90 3.938604905544529e-07
100 1.8178176487128593e-07
110 3.029696081188099e-08
120 9.089088243564297e-08
130 3.029696081188099e-08
140 6.059392162376198e-08
160 6.059392162376198e-08
170 3.029696081188099e-08
200 1.2118784324752396e-07
300 3.029696081188099e-08
400 9.089088243564297e-08
500 6.059392162376198e-08
600 3.029696081188099e-08
2000 6.059392162376198e-08
360
1 5.877610397504912e-06
10 7.543943242158366e-06
20 1.8481146095247404e-06
30 1.3633632365346444e-06
40 9.997997067920727e-07
50 6.362361770495008e-07
60 6.362361770495008e-07
70 2.1207872568316692e-07
80 9.089088243564297e-08
90 2.726726473069289e-07
100 9.089088243564297e-08
110 1.5148480405940495e-07
130 1.2118784324752396e-07
140 3.029696081188099e-08
160 9.089088243564297e-08
180 6.059392162376198e-08
190 3.029696081188099e-08
400 3.029696081188099e-08
500 3.029696081188099e-08
5000 3.029696081188099e-08
44
1 8.567980517599943e-05
10 0.00010897816804033592
20 2.844884620235625e-05
30 1.9117382272296903e-05
40 1.1391657265267252e-05
50 7.0288949083563894e-06
60 6.725925300237579e-06
70 2.908508237940575e-06
80 2.5752416690098842e-06
90 2.0298963743960265e-06
100 1.2724723540990016e-06
110 1.0603936284158345e-06
120 5.150483338019769e-07
130 6.665331378613818e-07
140 5.150483338019769e-07
150 3.029696081188099e-07
160 3.332665689306909e-07
170 1.5148480405940495e-07
180 1.8178176487128593e-07
190 1.5148480405940495e-07
200 6.665331378613818e-07
300 5.756422554257388e-07
400 3.332665689306909e-07
500 1.5148480405940495e-07
600 6.059392162376198e-08
700 3.029696081188099e-08
800 3.029696081188099e-08
900 3.029696081188099e-08
1000 1.2118784324752396e-07
5000 6.059392162376198e-08
6000 3.029696081188099e-08
7000 3.029696081188099e-08
8000 3.029696081188099e-08
20000 3.029696081188099e-08
160
1 4.2415745136633385e-05
10 4.9414343084177894e-05
20 1.133106334364349e-05
30 9.240573047623701e-06
40 5.362562063702935e-06
50 3.4235565717425517e-06
60 3.272071767683147e-06
70 1.1512845108514776e-06
80 1.8481146095247404e-06
90 1.3027693149108826e-06
100 5.756422554257388e-07
110 4.5445441217821485e-07
120 3.6356352974257187e-07
130 2.1207872568316692e-07
140 2.1207872568316692e-07
150 1.2118784324752396e-07
160 2.1207872568316692e-07
170 1.8178176487128593e-07
180 1.5148480405940495e-07
190 6.059392162376198e-08
200 3.332665689306909e-07
300 3.029696081188099e-07
400 2.1207872568316692e-07
500 1.5148480405940495e-07
600 1.2118784324752396e-07
800 6.059392162376198e-08
900 3.029696081188099e-08
1000 1.2118784324752396e-07
2000 9.089088243564297e-08
3000 6.059392162376198e-08
4000 6.059392162376198e-08
5000 3.029696081188099e-08
6000 3.029696081188099e-08
200000 3.029696081188099e-08
1550
1 2.4237568649504793e-07
10 3.938604905544529e-07
20 2.4237568649504793e-07
30 6.059392162376198e-08
40 3.029696081188099e-08
60 3.029696081188099e-08
80 6.059392162376198e-08
90 3.029696081188099e-08
100 3.029696081188099e-08
110 3.029696081188099e-08
4100
1 6.059392162376198e-08
10 3.029696081188099e-08
460
1 3.029696081188099e-06
10 3.878010983920767e-06
20 1.1512845108514776e-06
30 9.392057851683107e-07
40 6.665331378613818e-07
50 3.6356352974257187e-07
60 3.332665689306909e-07
70 1.2118784324752396e-07
80 9.089088243564297e-08
90 2.1207872568316692e-07
100 1.5148480405940495e-07
110 3.029696081188099e-08
120 6.059392162376198e-08
130 3.029696081188099e-08
140 6.059392162376198e-08
150 3.029696081188099e-08
200 3.029696081188099e-08
8000 3.029696081188099e-08
80
1 0.00019114352576215715
10 0.0002119878348007313
20 5.665531671821745e-05
30 3.650783777831659e-05
40 2.4661726100871127e-05
50 1.287620834504942e-05
60 1.3421553639663278e-05
70 6.604737456990056e-06
80 5.907907358316793e-06
90 3.938604905544529e-06
100 2.878211277128694e-06
110 1.9390054919603834e-06
120 1.3330662757227636e-06
130 8.483149027326677e-07
140 1.5148480405940495e-06
150 7.877209811089058e-07
160 8.786118635445487e-07
170 2.726726473069289e-07
180 3.6356352974257187e-07
190 3.6356352974257187e-07
200 1.9693024527722644e-06
300 1.3936601973465254e-06
400 9.392057851683107e-07
500 6.968300986732627e-07
600 3.6356352974257187e-07
700 2.1207872568316692e-07
800 1.2118784324752396e-07
900 1.2118784324752396e-07
1000 3.332665689306909e-07
2000 1.2118784324752396e-07
3000 9.089088243564297e-08
4000 1.5148480405940495e-07
5000 3.029696081188099e-08
6000 3.029696081188099e-08
7000 9.089088243564297e-08
20000 3.029696081188099e-08
60000 3.029696081188099e-08
400
1 3.938604905544529e-06
10 6.665331378613817e-06
20 1.9390054919603834e-06
30 9.392057851683107e-07
40 6.968300986732627e-07
50 4.2415745136633383e-07
60 3.332665689306909e-07
70 3.332665689306909e-07
80 2.4237568649504793e-07
90 1.2118784324752396e-07
100 6.059392162376198e-08
110 6.059392162376198e-08
120 3.029696081188099e-08
130 6.059392162376198e-08
160 3.029696081188099e-08
190 3.029696081188099e-08
200 6.059392162376198e-08
300 6.059392162376198e-08
400 6.059392162376198e-08
500 3.029696081188099e-08
600 3.029696081188099e-08
700 3.029696081188099e-08
800 3.029696081188099e-08
1000 1.2118784324752396e-07
2000 3.029696081188099e-08
340
1 6.877410104296985e-06
10 9.48294873411875e-06
20 2.302569021702955e-06
30 1.4845510797821685e-06
40 9.392057851683107e-07
50 4.2415745136633383e-07
60 6.362361770495008e-07
70 1.5148480405940495e-07
80 1.8178176487128593e-07
90 2.1207872568316692e-07
100 1.5148480405940495e-07
110 3.029696081188099e-08
120 6.059392162376198e-08
130 6.059392162376198e-08
140 3.029696081188099e-08
150 3.029696081188099e-08
180 9.089088243564297e-08
200 1.2118784324752396e-07
300 1.2118784324752396e-07
500 3.029696081188099e-08
600 3.029696081188099e-08
1000 3.029696081188099e-08
2000 3.029696081188099e-08
3000 3.029696081188099e-08
850
1 1.2724723540990016e-06
10 2.514647747386122e-06
20 7.271270594851437e-07
30 6.362361770495008e-07
40 2.4237568649504793e-07
50 9.089088243564297e-08
60 1.2118784324752396e-07
70 9.089088243564297e-08
80 1.2118784324752396e-07
90 9.089088243564297e-08
100 1.2118784324752396e-07
130 6.059392162376198e-08
140 3.029696081188099e-08
160 3.029696081188099e-08
190 3.029696081188099e-08
200 3.029696081188099e-08
300 3.029696081188099e-08
800
1 1.5754419622178115e-06
10 2.302569021702955e-06
20 7.877209811089058e-07
30 5.150483338019769e-07
40 4.5445441217821485e-07
50 1.2118784324752396e-07
60 4.2415745136633383e-07
70 3.029696081188099e-08
90 2.1207872568316692e-07
110 1.2118784324752396e-07
120 9.089088243564297e-08
130 6.059392162376198e-08
160 3.029696081188099e-08
180 3.029696081188099e-08
200 3.029696081188099e-08
800 3.029696081188099e-08
700
1 2.6358355906336463e-06
10 3.3932596109306707e-06
20 1.3633632365346444e-06
30 6.059392162376198e-07
40 5.756422554257388e-07
50 5.150483338019769e-07
60 5.756422554257388e-07
70 1.8178176487128593e-07
80 6.059392162376198e-08
90 3.029696081188099e-08
100 3.029696081188099e-08
110 9.089088243564297e-08
120 3.029696081188099e-08
130 3.029696081188099e-08
190 3.029696081188099e-08
200 1.2118784324752396e-07
300 1.2118784324752396e-07
600 3.029696081188099e-08
700 3.029696081188099e-08
900 3.029696081188099e-08
1000 6.059392162376198e-08
2000 3.029696081188099e-08
4000 3.029696081188099e-08
30
1 0.0001886894719363948
10 0.00024346637708427563
20 7.228854849714805e-05
30 4.253693297988091e-05
40 2.8903300614534463e-05
50 1.3845711091029611e-05
60 1.5118183445128613e-05
70 7.816615889465295e-06
80 5.604937750197983e-06
90 4.393059317722744e-06
100 3.878010983920767e-06
110 2.423756864950479e-06
120 1.4845510797821685e-06
130 1.3027693149108826e-06
140 1.0300966676039537e-06
150 7.574240202970247e-07
160 6.362361770495008e-07
170 3.6356352974257187e-07
180 5.453452946138578e-07
190 4.2415745136633383e-07
200 1.1512845108514776e-06
300 1.3330662757227636e-06
400 7.574240202970247e-07
500 3.029696081188099e-07
600 3.938604905544529e-07
700 1.5148480405940495e-07
800 1.8178176487128593e-07
900 6.059392162376198e-08
1000 1.5148480405940495e-07
2000 1.2118784324752396e-07
3000 6.059392162376198e-08
4000 3.029696081188099e-08
6000 3.029696081188099e-08
7000 3.029696081188099e-08
20000 3.029696081188099e-08
180
1 3.396289307011859e-05
10 3.68108073864354e-05
20 1.0967499813900918e-05
30 5.847313436693031e-06
40 4.877810690712839e-06
50 2.241975100079193e-06
60 2.423756864950479e-06
70 1.6663328446534543e-06
80 1.3027693149108826e-06
90 9.695027459801917e-07
100 3.938604905544529e-07
110 4.847513729900959e-07
120 2.4237568649504793e-07
130 1.5148480405940495e-07
140 3.6356352974257187e-07
150 9.089088243564297e-08
160 1.5148480405940495e-07
170 6.059392162376198e-08
180 1.5148480405940495e-07
190 1.8178176487128593e-07
200 2.726726473069289e-07
300 3.938604905544529e-07
400 3.332665689306909e-07
500 1.2118784324752396e-07
600 1.2118784324752396e-07
800 6.059392162376198e-08
900 3.029696081188099e-08
1000 9.089088243564297e-08
2000 6.059392162376198e-08
3000 6.059392162376198e-08
4000 6.059392162376198e-08
7000 6.059392162376198e-08
20000 3.029696081188099e-08
1250
1 8.180179419207868e-07
10 1.0300966676039537e-06
20 3.332665689306909e-07
30 1.5148480405940495e-07
40 1.2118784324752396e-07
60 9.089088243564297e-08
80 6.059392162376198e-08
110 3.029696081188099e-08
130 3.029696081188099e-08
140 3.029696081188099e-08
3000 3.029696081188099e-08
280
1 8.634633831386083e-06
10 1.378511716940585e-05
20 3.756823140673243e-06
30 2.847914316316813e-06
40 1.7875206879009784e-06
50 1.2724723540990016e-06
60 9.997997067920727e-07
70 5.150483338019769e-07
80 3.6356352974257187e-07
90 2.4237568649504793e-07
100 2.1207872568316692e-07
110 1.8178176487128593e-07
120 1.8178176487128593e-07
130 3.029696081188099e-08
140 6.059392162376198e-08
150 9.089088243564297e-08
160 9.089088243564297e-08
170 3.029696081188099e-08
180 1.5148480405940495e-07
190 3.029696081188099e-08
200 2.4237568649504793e-07
300 6.059392162376198e-08
400 1.5148480405940495e-07
500 3.029696081188099e-08
600 3.029696081188099e-08
1000 9.089088243564297e-08
2000 3.029696081188099e-08
5000 3.029696081188099e-08
140
1 5.701888024796002e-05
10 6.601707760908867e-05
20 1.711778285871276e-05
30 9.967700107108845e-06
40 6.938004025920747e-06
50 5.544343828574221e-06
60 4.1506836312276955e-06
70 2.181381178455431e-06
80 1.8784115703366214e-06
90 1.0603936284158345e-06
100 8.786118635445487e-07
110 7.271270594851437e-07
120 5.756422554257388e-07
130 4.2415745136633383e-07
140 3.332665689306909e-07
150 1.2118784324752396e-07
160 2.4237568649504793e-07
170 2.1207872568316692e-07
180 3.332665689306909e-07
190 1.5148480405940495e-07
200 4.2415745136633383e-07
300 6.968300986732627e-07
400 6.665331378613818e-07
500 2.726726473069289e-07
600 9.089088243564297e-08
700 6.059392162376198e-08
800 9.089088243564297e-08
900 6.059392162376198e-08
1000 2.1207872568316692e-07
2000 9.089088243564297e-08
6000 6.059392162376198e-08
9000 3.029696081188099e-08
100000 3.029696081188099e-08
22
1 0.00034668812257035415
10 0.0004741474367059375
20 0.00015090916180397922
30 8.6043368705742e-05
40 5.610997142360359e-05
50 2.9933397282138417e-05
60 3.093319698893049e-05
70 1.439105638564347e-05
80 1.254294177611873e-05
90 8.664930792197963e-06
100 5.453452946138578e-06
110 4.756622847465316e-06
120 3.029696081188099e-06
130 1.8178176487128594e-06
140 1.9693024527722644e-06
150 1.1815814716633586e-06
160 1.1815814716633586e-06
170 5.453452946138578e-07
180 8.483149027326677e-07
190 6.362361770495008e-07
200 2.45405382576236e-06
300 2.5752416690098842e-06
400 1.7572237270890974e-06
500 7.271270594851437e-07
600 3.6356352974257187e-07
700 3.029696081188099e-07
900 1.5148480405940495e-07
1000 3.332665689306909e-07
2000 2.1207872568316692e-07
3000 6.059392162376198e-08
5000 6.059392162376198e-08
7000 6.059392162376198e-08
8000 9.089088243564297e-08
9000 3.029696081188099e-08
20000 2.726726473069289e-07
16
1 0.0006477793191188274
10 0.0008938209378721129
20 0.00030000050595924556
30 0.0001695720896640979
40 0.00011146251882691016
50 6.077570338863327e-05
60 6.229055142922731e-05
70 2.726726473069289e-05
80 2.605538629821765e-05
90 1.799639472225731e-05
100 1.314888099235635e-05
110 8.846712557069248e-06
120 6.968300986732627e-06
130 4.635435004217792e-06
140 4.57484108259403e-06
150 2.484350786574241e-06
160 2.514647747386122e-06
170 1.4542541189702875e-06
180 1.2724723540990016e-06
190 1.6966298054653353e-06
200 4.817216769089077e-06
300 5.029295494772244e-06
400 2.514647747386122e-06
500 1.6360358838415735e-06
600 9.089088243564297e-07
700 8.180179419207868e-07
800 2.1207872568316692e-07
900 1.8178176487128593e-07
1000 7.271270594851437e-07
2000 4.5445441217821485e-07
3000 3.029696081188099e-07
4000 9.089088243564297e-08
5000 1.2118784324752396e-07
6000 2.726726473069289e-07
7000 3.029696081188099e-08
8000 6.059392162376198e-08
10000 3.029696081188099e-08
20000 1.8178176487128593e-07
40000 6.059392162376198e-08
80000 3.029696081188099e-08
100000 3.029696081188099e-08
300
1 8.634633831386083e-06
10 1.2421753932871205e-05
20 3.6053383366138378e-06
30 2.302569021702955e-06
40 1.2421753932871206e-06
50 7.271270594851437e-07
60 1.0300966676039537e-06
70 4.2415745136633383e-07
80 4.2415745136633383e-07
90 2.726726473069289e-07
100 9.089088243564297e-08
110 9.089088243564297e-08
120 6.059392162376198e-08
130 9.089088243564297e-08
140 3.029696081188099e-08
150 3.029696081188099e-08
160 6.059392162376198e-08
170 3.029696081188099e-08
190 3.029696081188099e-08
200 1.2118784324752396e-07
300 9.089088243564297e-08
400 6.059392162376198e-08
500 6.059392162376198e-08
700 3.029696081188099e-08
800 6.059392162376198e-08
1000 9.089088243564297e-08
2000 3.029696081188099e-08
5000 3.029696081188099e-08
8000 3.029696081188099e-08
420
1 4.2112775528514575e-06
10 5.635234711009864e-06
20 1.2118784324752396e-06
30 1.0906905892277155e-06
40 7.271270594851437e-07
50 4.2415745136633383e-07
60 4.847513729900959e-07
70 2.726726473069289e-07
80 6.059392162376198e-08
90 2.1207872568316692e-07
100 6.059392162376198e-08
110 9.089088243564297e-08
120 6.059392162376198e-08
130 3.029696081188099e-08
140 6.059392162376198e-08
150 3.029696081188099e-08
160 6.059392162376198e-08
170 3.029696081188099e-08
190 3.029696081188099e-08
200 1.5148480405940495e-07
300 1.2118784324752396e-07
400 3.029696081188099e-08
500 9.089088243564297e-08
700 3.029696081188099e-08
800 3.029696081188099e-08
1000 6.059392162376198e-08
3000 3.029696081188099e-08
4000 3.029696081188099e-08
200
1 2.323776894271272e-05
10 3.090290002811861e-05
20 8.452852066514796e-06
30 5.756422554257388e-06
40 3.726526179861362e-06
50 2.211678139267312e-06
60 1.9995994135841454e-06
70 9.392057851683107e-07
80 8.180179419207868e-07
90 5.150483338019769e-07
100 3.6356352974257187e-07
110 9.089088243564297e-08
120 3.029696081188099e-07
130 1.5148480405940495e-07
140 6.059392162376198e-08
150 1.8178176487128593e-07
160 2.1207872568316692e-07
170 1.2118784324752396e-07
180 9.089088243564297e-08
200 2.726726473069289e-07
300 2.1207872568316692e-07
400 2.726726473069289e-07
500 6.059392162376198e-08
600 9.089088243564297e-08
800 3.029696081188099e-08
900 3.029696081188099e-08
1000 3.029696081188099e-08
4000 3.029696081188099e-08
5000 3.029696081188099e-08
7000 3.029696081188099e-08
20000 3.029696081188099e-08
2650
1 2.4237568649504793e-07
10 3.029696081188099e-08
20 9.089088243564297e-08
30 3.029696081188099e-08
40 6.059392162376198e-08
50 3.029696081188099e-08
110 3.029696081188099e-08
400 3.029696081188099e-08
40000 3.029696081188099e-08
1350
1 4.2415745136633383e-07
10 7.271270594851437e-07
20 1.2118784324752396e-07
30 2.1207872568316692e-07
40 1.8178176487128593e-07
50 9.089088243564297e-08
60 3.029696081188099e-08
70 3.029696081188099e-08
120 3.029696081188099e-08
140 3.029696081188099e-08
500 3.029696081188099e-08
1000 3.029696081188099e-08
2350
1 6.059392162376198e-08
10 2.4237568649504793e-07
20 6.059392162376198e-08
30 6.059392162376198e-08
40 6.059392162376198e-08
130 3.029696081188099e-08
2000 3.029696081188099e-08
480
1 2.969102159564337e-06
10 3.878010983920767e-06
20 8.180179419207868e-07
30 5.453452946138578e-07
40 6.059392162376198e-07
50 2.726726473069289e-07
60 3.332665689306909e-07
70 1.2118784324752396e-07
80 1.2118784324752396e-07
90 9.089088243564297e-08
110 3.029696081188099e-08
120 3.029696081188099e-08
130 3.029696081188099e-08
140 3.029696081188099e-08
190 3.029696081188099e-08
300 3.029696081188099e-08
400 9.089088243564297e-08
500 3.029696081188099e-08
600 3.029696081188099e-08
800 3.029696081188099e-08
1000 3.029696081188099e-08
5000 3.029696081188099e-08
11800
50 3.029696081188099e-08
260
1 1.2785317462613777e-05
10 1.651184364247514e-05
20 4.756622847465316e-06
30 3.5144474541781947e-06
40 2.0904902960197885e-06
50 1.1512845108514776e-06
60 9.997997067920727e-07
70 4.2415745136633383e-07
80 4.5445441217821485e-07
90 3.029696081188099e-07
100 1.2118784324752396e-07
110 9.089088243564297e-08
120 1.2118784324752396e-07
130 1.2118784324752396e-07
140 1.5148480405940495e-07
160 6.059392162376198e-08
170 3.029696081188099e-08
180 1.2118784324752396e-07
190 3.029696081188099e-08
200 1.5148480405940495e-07
300 9.089088243564297e-08
400 1.2118784324752396e-07
500 3.029696081188099e-08
800 3.029696081188099e-08
900 6.059392162376198e-08
1000 6.059392162376198e-08
2000 6.059392162376198e-08
3000 3.029696081188099e-08
1100
1 9.392057851683107e-07
10 1.0300966676039537e-06
20 3.6356352974257187e-07
30 3.029696081188099e-07
40 6.059392162376198e-08
50 1.8178176487128593e-07
60 6.059392162376198e-08
70 3.029696081188099e-08
80 6.059392162376198e-08
130 3.029696081188099e-08
140 3.029696081188099e-08
160 3.029696081188099e-08
4000 3.029696081188099e-08
400000 3.029696081188099e-08
5600
1 3.029696081188099e-08
10 9.089088243564297e-08
3250
10 1.2118784324752396e-07
30 3.029696081188099e-08
90 3.029696081188099e-08
2000 3.029696081188099e-08
1050
1 1.0906905892277155e-06
10 1.3633632365346444e-06
20 3.938604905544529e-07
30 1.2118784324752396e-07
40 3.938604905544529e-07
50 1.8178176487128593e-07
60 1.5148480405940495e-07
70 1.2118784324752396e-07
80 6.059392162376198e-08
110 3.029696081188099e-08
140 3.029696081188099e-08
150 3.029696081188099e-08
180 3.029696081188099e-08
800 3.029696081188099e-08
900 3.029696081188099e-08
1000 3.029696081188099e-08
7000 3.029696081188099e-08
20000 3.029696081188099e-08
1800
1 2.726726473069289e-07
10 3.332665689306909e-07
20 3.029696081188099e-08
30 1.2118784324752396e-07
50 6.059392162376198e-08
60 6.059392162376198e-08
70 3.029696081188099e-08
80 3.029696081188099e-08
100 3.029696081188099e-08
110 6.059392162376198e-08
140 3.029696081188099e-08
1450
1 4.847513729900959e-07
10 6.362361770495008e-07
20 9.089088243564297e-08
30 1.5148480405940495e-07
40 3.029696081188099e-08
50 3.029696081188099e-08
60 6.059392162376198e-08
70 3.029696081188099e-08
120 3.029696081188099e-08
150 3.029696081188099e-08
160 3.029696081188099e-08
190 3.029696081188099e-08
300 3.029696081188099e-08
3000 3.029696081188099e-08
34
1 0.00014857629582146437
10 0.0001885076901715235
20 5.344383887215807e-05
30 3.1357354440296826e-05
40 2.2419751000791933e-05
50 1.1452251186891014e-05
60 1.2785317462613777e-05
70 5.241374220455411e-06
80 5.2716711812672925e-06
90 3.3629626501187897e-06
100 2.5752416690098842e-06
110 1.5754419622178115e-06
120 1.1512845108514776e-06
130 9.695027459801917e-07
140 6.968300986732627e-07
150 3.6356352974257187e-07
160 4.5445441217821485e-07
170 3.938604905544529e-07
180 2.4237568649504793e-07
190 3.332665689306909e-07
200 1.1512845108514776e-06
300 9.392057851683107e-07
400 7.877209811089058e-07
500 3.029696081188099e-07
600 1.8178176487128593e-07
700 9.089088243564297e-08
800 1.2118784324752396e-07
900 6.059392162376198e-08
1000 1.8178176487128593e-07
2000 2.1207872568316692e-07
4000 3.029696081188099e-08
7000 3.029696081188099e-08
20000 3.029696081188099e-08
440
1 3.726526179861362e-06
10 5.3928590245148165e-06
20 1.2421753932871206e-06
30 9.089088243564297e-07
40 7.271270594851437e-07
50 1.2118784324752396e-07
60 4.5445441217821485e-07
70 2.1207872568316692e-07
80 2.1207872568316692e-07
90 9.089088243564297e-08
100 1.8178176487128593e-07
120 9.089088243564297e-08
150 3.029696081188099e-08
160 3.029696081188099e-08
190 6.059392162376198e-08
200 6.059392162376198e-08
300 9.089088243564297e-08
400 9.089088243564297e-08
500 3.029696081188099e-08
700 3.029696081188099e-08
1000 3.029696081188099e-08
9000
1 3.029696081188099e-08
10 6.059392162376198e-08
3600
1 6.059392162376198e-08
1000 6.059392162376198e-08
750
1 2.45405382576236e-06
10 3.241774806871266e-06
20 8.180179419207868e-07
30 5.756422554257388e-07
40 7.574240202970247e-07
50 1.5148480405940495e-07
60 4.2415745136633383e-07
70 9.089088243564297e-08
80 1.2118784324752396e-07
100 9.089088243564297e-08
110 6.059392162376198e-08
400 6.059392162376198e-08
600 3.029696081188099e-08
1000 6.059392162376198e-08
8200
10 6.059392162376198e-08
20 3.029696081188099e-08
2300
1 1.5148480405940495e-07
10 1.5148480405940495e-07
20 3.029696081188099e-08
30 3.029696081188099e-08
70 3.029696081188099e-08
200 6.059392162376198e-08
2000 3.029696081188099e-08
11200
1 3.029696081188099e-08
10 3.029696081188099e-08
5000
1 1.5148480405940495e-07
10 9.089088243564297e-08
20 3.029696081188099e-08
30 3.029696081188099e-08
600 3.029696081188099e-08
2200
1 3.029696081188099e-08
10 9.089088243564297e-08
80 3.029696081188099e-08
140 3.029696081188099e-08
1000 3.029696081188099e-08
1150
1 7.574240202970247e-07
10 1.1512845108514776e-06
20 2.1207872568316692e-07
30 1.8178176487128593e-07
40 1.2118784324752396e-07
50 9.089088243564297e-08
60 6.059392162376198e-08
70 3.029696081188099e-08
80 9.089088243564297e-08
120 3.029696081188099e-08
130 3.029696081188099e-08
11000
10 3.029696081188099e-08
3400
1 6.059392162376198e-08
10 3.029696081188099e-08
50 3.029696081188099e-08
550
1 4.180980592039577e-06
10 7.2712705948514375e-06
20 2.0601933352079075e-06
30 1.3027693149108826e-06
40 9.392057851683107e-07
50 5.150483338019769e-07
60 3.332665689306909e-07
70 3.6356352974257187e-07
80 1.2118784324752396e-07
90 2.726726473069289e-07
100 2.1207872568316692e-07
110 9.089088243564297e-08
120 6.059392162376198e-08
130 6.059392162376198e-08
140 3.029696081188099e-08
150 9.089088243564297e-08
180 3.029696081188099e-08
200 1.2118784324752396e-07
300 9.089088243564297e-08
400 6.059392162376198e-08
500 3.029696081188099e-08
800 3.029696081188099e-08
20000 3.029696081188099e-08
50
1 3.1751214930851276e-05
10 4.0961491017663096e-05
20 1.0906905892277155e-05
30 7.0894888299801515e-06
40 4.998998533960363e-06
50 2.6964295122574083e-06
60 2.908508237940575e-06
70 9.089088243564297e-07
80 9.392057851683107e-07
90 6.665331378613818e-07
100 6.362361770495008e-07
110 4.2415745136633383e-07
120 2.726726473069289e-07
130 1.5148480405940495e-07
140 1.5148480405940495e-07
150 1.5148480405940495e-07
160 1.2118784324752396e-07
170 6.059392162376198e-08
180 6.059392162376198e-08
190 3.029696081188099e-08
200 1.8178176487128593e-07
300 2.4237568649504793e-07
400 3.029696081188099e-08
600 3.029696081188099e-08
700 3.029696081188099e-08
900 3.029696081188099e-08
1000 6.059392162376198e-08
4000 3.029696081188099e-08
5000 3.029696081188099e-08
2750
10 1.8178176487128593e-07
20 6.059392162376198e-08
30 3.029696081188099e-08
50 3.029696081188099e-08
60 3.029696081188099e-08
300 3.029696081188099e-08
37000
1 3.029696081188099e-08
1400
1 2.726726473069289e-07
10 5.453452946138578e-07
20 1.8178176487128593e-07
30 1.5148480405940495e-07
40 1.2118784324752396e-07
50 6.059392162376198e-08
60 3.029696081188099e-08
90 6.059392162376198e-08
100 3.029696081188099e-08
200 3.029696081188099e-08
3300
20 6.059392162376198e-08
60 3.029696081188099e-08
19000
1 3.029696081188099e-08
20 3.029696081188099e-08
2450
1 2.1207872568316692e-07
10 9.089088243564297e-08
20 3.029696081188099e-08
40 3.029696081188099e-08
50 3.029696081188099e-08
60 3.029696081188099e-08
15200
6000 3.029696081188099e-08
2900
1 6.059392162376198e-08
10 6.059392162376198e-08
20 3.029696081188099e-08
50 3.029696081188099e-08
4050
10 3.029696081188099e-08
60 3.029696081188099e-08
130 3.029696081188099e-08
3000
1 6.059392162376198e-08
10 3.029696081188099e-08
1300
1 5.756422554257388e-07
10 7.877209811089058e-07
20 2.4237568649504793e-07
30 2.1207872568316692e-07
40 1.8178176487128593e-07
50 6.059392162376198e-08
60 6.059392162376198e-08
70 6.059392162376198e-08
80 6.059392162376198e-08
100 6.059392162376198e-08
190 3.029696081188099e-08
400 3.029696081188099e-08
2000 3.029696081188099e-08
2000
1 2.1207872568316692e-07
10 2.4237568649504793e-07
20 6.059392162376198e-08
30 3.029696081188099e-08
40 3.029696081188099e-08
50 3.029696081188099e-08
60 9.089088243564297e-08
70 3.029696081188099e-08
80 3.029696081188099e-08
160 3.029696081188099e-08
400 3.029696081188099e-08
1000 3.029696081188099e-08
1900
1 1.8178176487128593e-07
10 3.029696081188099e-07
20 9.089088243564297e-08
30 6.059392162376198e-08
40 9.089088243564297e-08
50 3.029696081188099e-08
60 6.059392162376198e-08
150 3.029696081188099e-08
3900
1 3.029696081188099e-08
10 6.059392162376198e-08
900 3.029696081188099e-08
6200
1 6.059392162376198e-08
10 2.1207872568316692e-07
20 3.029696081188099e-08
3550
1 6.059392162376198e-08
30 6.059392162376198e-08
2800
1 9.089088243564297e-08
10 9.089088243564297e-08
50 6.059392162376198e-08
60 3.029696081188099e-08
100 3.029696081188099e-08
130 3.029696081188099e-08
300 3.029696081188099e-08
4350
1 9.089088243564297e-08
10 3.029696081188099e-08
2700
1 6.059392162376198e-08
10 9.089088243564297e-08
20 3.029696081188099e-08
60 3.029696081188099e-08
5200
20 6.059392162376198e-08
800 3.029696081188099e-08
3750
1 3.029696081188099e-08
10 1.5148480405940495e-07
10000
1 3.029696081188099e-08
10 3.029696081188099e-08
4450
30 3.029696081188099e-08
4300
1 6.059392162376198e-08
20 3.029696081188099e-08
800 3.029696081188099e-08
1000
1 9.392057851683107e-07
10 9.997997067920727e-07
20 3.6356352974257187e-07
30 3.029696081188099e-07
40 1.8178176487128593e-07
50 1.5148480405940495e-07
60 6.059392162376198e-08
70 3.029696081188099e-08
80 9.089088243564297e-08
90 6.059392162376198e-08
100 6.059392162376198e-08
110 3.029696081188099e-08
140 3.029696081188099e-08
300 9.089088243564297e-08
1000 6.059392162376198e-08
2600
1 1.2118784324752396e-07
10 2.1207872568316692e-07
20 1.2118784324752396e-07
30 3.029696081188099e-08
4000
10 6.059392162376198e-08
2550
1 6.059392162376198e-08
10 3.029696081188099e-08
40 6.059392162376198e-08
2000 3.029696081188099e-08
2150
1 1.2118784324752396e-07
10 3.029696081188099e-07
20 6.059392162376198e-08
40 3.029696081188099e-08
60 3.029696081188099e-08
100 3.029696081188099e-08
5400
1 6.059392162376198e-08
10 6.059392162376198e-08
80 3.029696081188099e-08
1950
1 2.726726473069289e-07
10 1.8178176487128593e-07
20 6.059392162376198e-08
30 9.089088243564297e-08
40 3.029696081188099e-08
60 3.029696081188099e-08
70 3.029696081188099e-08
1850
1 9.089088243564297e-08
10 2.1207872568316692e-07
20 1.5148480405940495e-07
30 3.029696081188099e-08
40 6.059392162376198e-08
60 3.029696081188099e-08
70 3.029696081188099e-08
8400
10 3.029696081188099e-08
5800
1 3.029696081188099e-08
20 3.029696081188099e-08
60 3.029696081188099e-08
110 3.029696081188099e-08
9400
1 3.029696081188099e-08
1200
1 6.059392162376198e-07
10 8.180179419207868e-07
20 1.8178176487128593e-07
30 3.938604905544529e-07
40 6.059392162376198e-08
50 2.1207872568316692e-07
60 9.089088243564297e-08
80 3.029696081188099e-08
2000 3.029696081188099e-08
3150
1 3.029696081188099e-08
10 3.029696081188099e-08
20 6.059392162376198e-08
30 3.029696081188099e-08
40 3.029696081188099e-08
50 3.029696081188099e-08
21800
1 3.029696081188099e-08
2250
1 1.5148480405940495e-07
10 9.089088243564297e-08
30 6.059392162376198e-08
40 3.029696081188099e-08
60 3.029696081188099e-08
2050
1 1.5148480405940495e-07
10 1.5148480405940495e-07
20 1.8178176487128593e-07
30 9.089088243564297e-08
40 3.029696081188099e-08
50 6.059392162376198e-08
80 6.059392162376198e-08
100 3.029696081188099e-08
3350
1 3.029696081188099e-08
10 6.059392162376198e-08
50 3.029696081188099e-08
70 3.029696081188099e-08
14800
10 3.029696081188099e-08
8600
1 3.029696081188099e-08
10 6.059392162376198e-08
10600
20 3.029696081188099e-08
2500
1 6.059392162376198e-08
10 9.089088243564297e-08
30 6.059392162376198e-08
50 3.029696081188099e-08
60 3.029696081188099e-08
100 3.029696081188099e-08
130 3.029696081188099e-08
600 3.029696081188099e-08
8800
1 3.029696081188099e-08
10 3.029696081188099e-08
17400
1 3.029696081188099e-08
6400
10 6.059392162376198e-08
20 3.029696081188099e-08
30 3.029696081188099e-08
60 3.029696081188099e-08
2400
1 1.5148480405940495e-07
10 9.089088243564297e-08
20 6.059392162376198e-08
30 3.029696081188099e-08
40 6.059392162376198e-08
200 6.059392162376198e-08
3650
1 3.029696081188099e-08
10 6.059392162376198e-08
20 3.029696081188099e-08
7200
1 3.029696081188099e-08
10 3.029696081188099e-08
9800
1 3.029696081188099e-08
4600
1 3.029696081188099e-08
4650
1 3.029696081188099e-08
3700
1 3.029696081188099e-08
10 3.029696081188099e-08
900 3.029696081188099e-08
7400
20 3.029696081188099e-08
40 3.029696081188099e-08
4400
10 6.059392162376198e-08
20 3.029696081188099e-08
50 3.029696081188099e-08
2100
1 1.2118784324752396e-07
10 9.089088243564297e-08
20 3.029696081188099e-08
60 3.029696081188099e-08
130 3.029696081188099e-08
190 3.029696081188099e-08
800 3.029696081188099e-08
9000 3.029696081188099e-08
10000 3.029696081188099e-08
4250
1 3.029696081188099e-08
10 6.059392162376198e-08
60 3.029696081188099e-08
6600
1 3.029696081188099e-08
20 6.059392162376198e-08
100 3.029696081188099e-08
4900
1 3.029696081188099e-08
4800
40 3.029696081188099e-08
700 3.029696081188099e-08
6800
1 3.029696081188099e-08
10 3.029696081188099e-08
9600
100 3.029696081188099e-08
2850
1 3.029696081188099e-08
10 6.059392162376198e-08
20 3.029696081188099e-08
30 3.029696081188099e-08
70 3.029696081188099e-08
3950
10 3.029696081188099e-08
20 3.029696081188099e-08
140 3.029696081188099e-08
500 3.029696081188099e-08
800 3.029696081188099e-08
3050
1 9.089088243564297e-08
20 3.029696081188099e-08
90 3.029696081188099e-08
4200
1 6.059392162376198e-08
10 6.059392162376198e-08
3450
1 3.029696081188099e-08
10 6.059392162376198e-08
8000
10 3.029696081188099e-08
3800
10 6.059392162376198e-08
20 3.029696081188099e-08
6000 3.029696081188099e-08
7800
10 3.029696081188099e-08
2950
10 3.029696081188099e-08
20 3.029696081188099e-08
60 3.029696081188099e-08
527000
20 3.029696081188099e-08
7000
10 3.029696081188099e-08
40 3.029696081188099e-08
6000
1 3.029696081188099e-08
10 3.029696081188099e-08
4150
10 6.059392162376198e-08
4750
1 3.029696081188099e-08
300 3.029696081188099e-08
3500
20 3.029696081188099e-08
9000 3.029696081188099e-08
18600
90 3.029696081188099e-08
3100
10 3.029696081188099e-08
30 3.029696081188099e-08
