2450
1 1.1011029013694416e-06
10 1.1011029013694416e-06
20 3.6703430045648057e-07
200 3.6703430045648057e-07
300 3.6703430045648057e-07
500 3.6703430045648057e-07
800 7.340686009129611e-07
1000 7.340686009129611e-07
2000 3.6703430045648057e-07
1
1 0.1823378690208736
10 0.18134540827243928
20 0.06021160995558518
30 0.032379765986270716
40 0.022160429958660927
50 0.018593223592524393
60 0.013928951702323437
70 0.010884769214337387
80 0.00901472945351162
90 0.008039886351499206
100 0.006558535914856851
110 0.005530105804977792
120 0.004765206322826487
130 0.004471578882461302
140 0.0037158552578214093
150 0.0032900954692918916
160 0.003080151849430785
170 0.00273550664130215
180 0.002385355918666667
190 0.0021614649953882142
200 0.00912006829774263
300 0.01108260070228343
400 0.008089803016361289
500 0.005979722823036981
600 0.0054335757839577385
700 0.006218295118333694
800 0.005910353340250706
900 0.003662268249954763
1000 0.011282267361731756
2000 0.011084068839485256
3000 0.004645186106577218
4000 0.002094297718404678
5000 0.000943278152173155
6000 0.0005222898095495718
7000 0.0003685024376583065
8000 0.00027674386254418633
9000 0.00017287315551500233
10000 7.267279149038315e-05
20000 0.0007964644319905628
40000 7.230575718992666e-05
60000 2.3123160928758274e-05
80000 1.2112131915063859e-05
100000 1.6883577820998105e-05
200000 9.175857511412014e-06
300000 3.6703430045648058e-06
400000 7.340686009129611e-07
500000 1.1011029013694416e-06
600000 3.6703430045648057e-07
800000 7.340686009129611e-07
1100000 3.6703430045648057e-07
1500000 3.6703430045648057e-07
160
1 0.00016076102359993848
10 0.00015195220038898295
20 3.4501224242909174e-05
30 2.128798942647587e-05
40 1.1378063314150897e-05
50 7.3406860091296115e-06
60 8.441788910499052e-06
70 7.707720309586092e-06
80 6.60661740821665e-06
90 3.6703430045648058e-06
100 4.037377305021286e-06
110 2.569240103195364e-06
120 2.569240103195364e-06
130 1.8351715022824029e-06
140 2.2022058027388833e-06
150 1.4681372018259223e-06
160 1.4681372018259223e-06
170 7.340686009129611e-07
180 2.2022058027388833e-06
190 1.1011029013694416e-06
200 7.707720309586092e-06
300 1.6883577820998105e-05
400 1.2846200515976819e-05
500 1.2846200515976819e-05
600 1.1745097614607378e-05
700 5.872548807303689e-06
800 6.23958310776017e-06
900 8.074754610042572e-06
1000 2.4224263830127718e-05
2000 1.5782474919628664e-05
3000 4.771445905934247e-06
4000 2.2022058027388833e-06
5000 1.1011029013694416e-06
6000 1.1011029013694416e-06
8000 7.340686009129611e-07
9000 7.340686009129611e-07
20000 2.569240103195364e-06
40000 3.6703430045648057e-07
60000 7.340686009129611e-07
80000 3.6703430045648057e-07
10
1 0.003052624276896549
10 0.0027399110529076273
20 0.0007656335507522184
30 0.00035051775693593896
40 0.00022425795757890962
50 0.00017324018981545883
60 0.00011378063314150897
70 9.139154081366366e-05
80 8.441788910499053e-05
90 7.450796299266556e-05
100 6.312989967851466e-05
110 5.6890316570754486e-05
120 4.661335615797303e-05
130 3.5602327144278615e-05
140 3.083088123834437e-05
150 3.6336395745191573e-05
160 3.486825854336565e-05
170 2.495833243104068e-05
180 2.2022058027388833e-05
190 2.4224263830127718e-05
200 0.00014130820567574503
300 0.00018718749323280509
400 0.00015452144049217832
500 0.00013286641676524597
600 0.0001020355355269016
700 9.102450651320718e-05
800 8.221568330225165e-05
900 9.102450651320718e-05
1000 0.0002844515828537724
2000 0.0006448792659020364
3000 0.00011671690754516082
4000 6.239583107760169e-05
5000 3.707046434610454e-05
6000 2.9362744036518446e-05
7000 2.2389092327845315e-05
8000 2.128798942647587e-05
9000 2.2022058027388833e-05
10000 5.505514506847208e-06
20000 8.038051179996924e-05
40000 5.138480206390728e-06
60000 3.303308704108325e-06
80000 7.340686009129611e-07
100000 3.303308704108325e-06
300000 1.1011029013694416e-06
400000 1.1011029013694416e-06
48
1 0.00018461825312960972
10 0.00018828859613417452
20 4.551225325660359e-05
30 2.0553920825562913e-05
40 1.5048406318715702e-05
50 1.5415440619172185e-05
60 1.1745097614607378e-05
70 6.60661740821665e-06
80 4.404411605477767e-06
90 6.23958310776017e-06
100 4.771445905934247e-06
110 2.9362744036518445e-06
120 3.303308704108325e-06
130 2.9362744036518445e-06
140 2.569240103195364e-06
150 4.771445905934247e-06
160 6.23958310776017e-06
170 2.2022058027388833e-06
180 2.569240103195364e-06
190 1.1011029013694416e-06
200 9.542891811868495e-06
300 1.7617646421911066e-05
400 1.0276960412781456e-05
500 9.542891811868495e-06
600 7.707720309586092e-06
700 6.60661740821665e-06
800 6.60661740821665e-06
900 8.808823210955533e-06
1000 2.0553920825562913e-05
2000 1.7250612121454587e-05
3000 4.404411605477767e-06
4000 2.569240103195364e-06
5000 1.1011029013694416e-06
6000 1.4681372018259223e-06
7000 1.4681372018259223e-06
8000 1.1011029013694416e-06
9000 3.6703430045648057e-07
10000 3.6703430045648057e-07
20000 4.771445905934247e-06
40000 3.6703430045648057e-07
100000 3.6703430045648057e-07
269400
10 3.6703430045648057e-07
120
1 0.0002793131026473817
10 0.0002910582002619891
20 6.166176247668874e-05
30 3.3400121341539734e-05
40 1.5415440619172185e-05
50 2.2389092327845315e-05
60 1.358026911688978e-05
70 9.909926112324976e-06
80 7.3406860091296115e-06
90 1.1745097614607378e-05
100 5.138480206390728e-06
110 5.505514506847208e-06
120 3.6703430045648058e-06
130 2.2022058027388833e-06
140 1.8351715022824029e-06
150 2.569240103195364e-06
160 1.8351715022824029e-06
170 2.569240103195364e-06
180 2.569240103195364e-06
190 4.404411605477767e-06
200 1.8718749323280507e-05
300 2.605943533241012e-05
400 2.3857229529671235e-05
500 1.798468072236755e-05
600 1.6149509220085143e-05
700 1.1378063314150897e-05
800 1.6149509220085143e-05
900 1.247916621552034e-05
1000 4.000673874975638e-05
2000 2.532536673149716e-05
3000 1.1745097614607378e-05
4000 4.404411605477767e-06
5000 2.9362744036518445e-06
6000 1.4681372018259223e-06
7000 1.4681372018259223e-06
8000 1.8351715022824029e-06
9000 3.6703430045648057e-07
10000 3.6703430045648057e-07
20000 3.6703430045648058e-06
40000 7.340686009129611e-07
60000 3.6703430045648057e-07
100000 7.340686009129611e-07
200000 1.1011029013694416e-06
11600
1 3.6703430045648057e-07
600 3.6703430045648057e-07
1300
1 6.60661740821665e-06
10 5.872548807303689e-06
20 1.8351715022824029e-06
30 1.1011029013694416e-06
40 1.8351715022824029e-06
100 7.340686009129611e-07
120 3.6703430045648057e-07
180 3.6703430045648057e-07
200 1.4681372018259223e-06
300 1.1011029013694416e-06
400 3.6703430045648057e-07
500 1.1011029013694416e-06
600 1.1011029013694416e-06
700 3.6703430045648057e-07
800 3.6703430045648057e-07
1000 1.4681372018259223e-06
2000 7.340686009129611e-07
3000 7.340686009129611e-07
4000 7.340686009129611e-07
550
1 2.8261641135149002e-05
10 4.698039045842951e-05
20 8.808823210955533e-06
30 1.8351715022824029e-06
40 2.569240103195364e-06
50 1.1011029013694416e-06
60 2.569240103195364e-06
70 1.4681372018259223e-06
80 1.1011029013694416e-06
90 1.4681372018259223e-06
100 7.340686009129611e-07
110 1.4681372018259223e-06
130 1.1011029013694416e-06
140 7.340686009129611e-07
150 7.340686009129611e-07
160 3.6703430045648057e-07
170 7.340686009129611e-07
180 3.6703430045648057e-07
190 3.6703430045648057e-07
200 3.6703430045648058e-06
300 3.303308704108325e-06
400 4.037377305021286e-06
500 2.9362744036518445e-06
600 2.9362744036518445e-06
700 1.4681372018259223e-06
800 1.4681372018259223e-06
900 1.4681372018259223e-06
1000 9.175857511412014e-06
2000 6.973651708673131e-06
3000 3.6703430045648058e-06
4000 7.340686009129611e-07
5000 3.6703430045648057e-07
6000 3.6703430045648057e-07
10000 3.6703430045648057e-07
20000 3.6703430045648057e-07
60000 3.6703430045648057e-07
300000 3.6703430045648057e-07
57800
300 3.6703430045648057e-07
80
1 0.0005725735087121097
10 0.0005531206907879162
20 0.00013910599987300613
30 5.615624796984153e-05
40 4.624632185751655e-05
50 5.065073346299432e-05
60 2.532536673149716e-05
70 2.605943533241012e-05
80 2.128798942647587e-05
90 1.8351715022824028e-05
100 9.542891811868495e-06
110 9.909926112324976e-06
120 7.3406860091296115e-06
130 5.138480206390728e-06
140 6.23958310776017e-06
150 4.771445905934247e-06
160 7.3406860091296115e-06
170 3.6703430045648058e-06
180 4.771445905934247e-06
190 4.771445905934247e-06
200 3.266605274062677e-05
300 4.8448527660255436e-05
400 3.853860154793046e-05
500 3.853860154793046e-05
600 3.1197915538800845e-05
700 2.2756126628301795e-05
800 1.8351715022824028e-05
900 2.605943533241012e-05
1000 7.083761998810075e-05
2000 4.514521895614711e-05
3000 1.981985222464995e-05
4000 1.0276960412781456e-05
5000 5.872548807303689e-06
6000 2.9362744036518445e-06
7000 3.303308704108325e-06
8000 3.6703430045648058e-06
9000 1.4681372018259223e-06
10000 1.1011029013694416e-06
20000 8.074754610042572e-06
40000 1.8351715022824029e-06
60000 3.6703430045648057e-07
80000 7.340686009129611e-07
100000 1.8351715022824029e-06
200000 7.340686009129611e-07
500000 3.6703430045648057e-07
850
1 1.6883577820998105e-05
10 1.6149509220085143e-05
20 4.404411605477767e-06
30 1.4681372018259223e-06
40 1.1011029013694416e-06
60 1.1011029013694416e-06
70 7.340686009129611e-07
80 3.6703430045648057e-07
90 1.4681372018259223e-06
120 3.6703430045648057e-07
140 3.6703430045648057e-07
150 3.6703430045648057e-07
200 1.4681372018259223e-06
300 2.569240103195364e-06
400 1.8351715022824029e-06
500 2.2022058027388833e-06
600 3.6703430045648057e-07
700 7.340686009129611e-07
800 7.340686009129611e-07
900 7.340686009129611e-07
1000 2.2022058027388833e-06
2000 1.4681372018259223e-06
3000 3.6703430045648057e-07
6000 3.6703430045648057e-07
20000 3.6703430045648057e-07
45200
80 3.6703430045648057e-07
1000 3.6703430045648057e-07
50600
1000 3.6703430045648057e-07
7200
1 1.1011029013694416e-06
10 3.6703430045648057e-07
50 3.6703430045648057e-07
400 3.6703430045648057e-07
600 7.340686009129611e-07
2000 7.340686009129611e-07
20000 3.6703430045648057e-07
2
1 0.03475704715032734
10 0.03414703614296867
20 0.009576291933210034
30 0.005005613789625482
40 0.003306244978511977
50 0.002680084461933221
60 0.0019658357132449097
70 0.0016189882993135358
80 0.0013789478668149975
90 0.0012233253234214497
100 0.0010104454291566909
110 0.0008342689649375803
120 0.0007964644319905628
130 0.0007105784056837464
140 0.0005894570865331078
150 0.0005233909124509413
160 0.00047310721328840344
170 0.00044447853785279794
180 0.00037474202076606667
190 0.0003670343004564806
200 0.001682485233292507
300 0.0019526224784284765
400 0.0014762119564359648
500 0.0011642328010479563
600 0.0008695042577814025
700 0.0007571917618417194
800 0.000679747524445402
900 0.0007513192130344157
1000 0.0026312688999725093
2000 0.003479485168327436
3000 0.0009561243526891318
4000 0.0004910918940107709
5000 0.00025325366731497156
6000 0.00016736764100815514
7000 0.00011745097614607378
8000 8.662009490772942e-05
9000 7.19387228894702e-05
10000 3.486825854336565e-05
20000 0.00030317033217705297
40000 3.266605274062677e-05
60000 1.1378063314150897e-05
80000 5.505514506847208e-06
100000 5.505514506847208e-06
200000 2.2022058027388833e-06
300000 1.1011029013694416e-06
400000 1.8351715022824029e-06
500000 3.6703430045648057e-07
600000 7.340686009129611e-07
400
1 2.8995709736061964e-05
10 2.8995709736061964e-05
20 9.175857511412014e-06
30 4.037377305021286e-06
40 2.569240103195364e-06
50 2.569240103195364e-06
60 1.8351715022824029e-06
70 1.1011029013694416e-06
80 7.340686009129611e-07
90 7.340686009129611e-07
110 1.4681372018259223e-06
130 3.6703430045648057e-07
140 7.340686009129611e-07
150 7.340686009129611e-07
170 1.1011029013694416e-06
180 3.6703430045648057e-07
190 7.340686009129611e-07
200 4.404411605477767e-06
300 5.872548807303689e-06
400 1.8351715022824029e-06
500 2.2022058027388833e-06
600 2.569240103195364e-06
700 1.4681372018259223e-06
800 1.1011029013694416e-06
900 1.8351715022824029e-06
1000 7.3406860091296115e-06
2000 3.6703430045648058e-06
4000 7.340686009129611e-07
5000 3.6703430045648057e-07
20000 3.6703430045648057e-07
100000 7.340686009129611e-07
500000 3.6703430045648057e-07
220
1 9.102450651320718e-05
10 9.61629867195979e-05
20 2.4591298130584197e-05
30 1.2846200515976819e-05
40 1.247916621552034e-05
50 4.771445905934247e-06
60 6.60661740821665e-06
70 2.9362744036518445e-06
80 1.8351715022824029e-06
90 1.4681372018259223e-06
100 2.2022058027388833e-06
110 2.9362744036518445e-06
120 1.8351715022824029e-06
130 7.340686009129611e-07
140 1.1011029013694416e-06
150 1.1011029013694416e-06
170 7.340686009129611e-07
180 3.6703430045648057e-07
190 1.8351715022824029e-06
200 4.771445905934247e-06
300 1.1745097614607378e-05
400 8.441788910499052e-06
500 6.60661740821665e-06
600 6.23958310776017e-06
700 6.60661740821665e-06
800 4.037377305021286e-06
900 3.303308704108325e-06
1000 1.2112131915063859e-05
2000 9.175857511412014e-06
3000 4.404411605477767e-06
4000 7.340686009129611e-07
5000 1.8351715022824029e-06
6000 7.340686009129611e-07
7000 3.6703430045648057e-07
8000 3.6703430045648057e-07
20000 3.6703430045648057e-07
40000 3.6703430045648057e-07
100000 3.6703430045648057e-07
400000 3.6703430045648057e-07
2900
1 1.4681372018259223e-06
10 3.6703430045648057e-07
30 3.6703430045648057e-07
50 7.340686009129611e-07
400 3.6703430045648057e-07
800 3.6703430045648057e-07
2000 3.6703430045648057e-07
12
1 0.002163667201190953
10 0.0020465832593453354
20 0.0005707383372098272
30 0.0002646317306291225
40 0.00017434129271682826
50 0.0001416752399762015
60 0.00010020036402461919
70 6.900244848581835e-05
80 6.936948278627483e-05
90 5.3587007866646164e-05
100 4.037377305021286e-05
110 3.376715564199621e-05
120 2.8995709736061964e-05
130 3.413418994245269e-05
140 2.3123160928758274e-05
150 2.018688652510643e-05
160 2.3857229529671235e-05
170 1.945281792419347e-05
180 2.018688652510643e-05
190 1.7617646421911066e-05
200 9.469484951777199e-05
300 0.00012295649065292098
400 0.00011965318194881267
500 9.79981582218803e-05
600 8.038051179996924e-05
700 6.496507118079705e-05
800 5.5789213669385046e-05
900 6.60661740821665e-05
1000 0.000207741414058368
2000 0.000528529392657332
3000 7.92794088985998e-05
4000 3.853860154793046e-05
5000 2.0920955126019392e-05
6000 1.981985222464995e-05
7000 1.6149509220085143e-05
8000 1.2112131915063859e-05
9000 7.3406860091296115e-06
10000 4.037377305021286e-06
20000 5.542217936892856e-05
40000 5.138480206390728e-06
60000 1.8351715022824029e-06
80000 3.6703430045648057e-07
100000 3.303308704108325e-06
200000 1.8351715022824029e-06
300000 3.6703430045648057e-07
400000 3.6703430045648057e-07
500000 3.6703430045648057e-07
554400
1 3.6703430045648057e-07
461200
10 3.6703430045648057e-07
14
1 0.0016417444259418375
10 0.001526128621298046
20 0.00043677081754321185
30 0.00021691727156978002
40 0.00012699386795794228
50 8.441788910499053e-05
60 7.083761998810075e-05
70 5.28529392657332e-05
80 4.661335615797303e-05
90 4.14748759515823e-05
100 3.59693614447351e-05
110 3.6703430045648056e-05
120 2.2389092327845315e-05
130 1.798468072236755e-05
140 1.7617646421911066e-05
150 1.3947303417346261e-05
160 1.5415440619172185e-05
170 1.798468072236755e-05
180 1.1378063314150897e-05
190 1.0643994713237936e-05
200 8.038051179996924e-05
300 9.506188381822846e-05
400 7.634313449494796e-05
500 7.19387228894702e-05
600 6.056065957531929e-05
700 5.6890316570754486e-05
800 4.477818465569063e-05
900 4.2943013153408225e-05
1000 0.0001754423956181977
2000 0.00031454839549120386
3000 5.432107646755912e-05
4000 2.9729778336974925e-05
5000 1.8718749323280507e-05
6000 1.4681372018259223e-05
7000 9.909926112324976e-06
8000 6.60661740821665e-06
9000 7.707720309586092e-06
10000 1.8351715022824029e-06
20000 3.707046434610454e-05
40000 3.6703430045648058e-06
60000 1.4681372018259223e-06
80000 1.4681372018259223e-06
100000 1.1011029013694416e-06
200000 3.6703430045648057e-07
300000 7.340686009129611e-07
400000 3.6703430045648057e-07
500000 3.6703430045648057e-07
600000 3.6703430045648057e-07
152600
80 3.6703430045648057e-07
1000 3.6703430045648057e-07
140
1 0.00020920955126019393
10 0.00021691727156978002
20 5.395404216710264e-05
30 2.9362744036518446e-05
40 1.945281792419347e-05
50 1.1378063314150897e-05
60 8.808823210955533e-06
70 8.074754610042572e-06
80 8.074754610042572e-06
90 4.404411605477767e-06
100 5.505514506847208e-06
110 1.8351715022824029e-06
120 1.8351715022824029e-06
130 2.2022058027388833e-06
140 4.037377305021286e-06
150 1.4681372018259223e-06
160 2.2022058027388833e-06
170 1.8351715022824029e-06
180 2.2022058027388833e-06
190 1.8351715022824029e-06
200 1.3947303417346261e-05
300 2.2756126628301795e-05
400 2.0553920825562913e-05
500 1.247916621552034e-05
600 1.5415440619172185e-05
700 9.909926112324976e-06
800 7.707720309586092e-06
900 1.2846200515976819e-05
1000 3.193198413971381e-05
2000 2.6793503933323082e-05
3000 9.542891811868495e-06
4000 4.404411605477767e-06
5000 2.2022058027388833e-06
6000 2.2022058027388833e-06
7000 1.4681372018259223e-06
8000 3.6703430045648057e-07
9000 3.6703430045648057e-07
10000 3.6703430045648057e-07
20000 2.569240103195364e-06
40000 7.340686009129611e-07
60000 3.6703430045648057e-07
80000 3.6703430045648057e-07
100000 3.6703430045648057e-07
300000 3.6703430045648057e-07
240
1 8.001347749951276e-05
10 7.92794088985998e-05
20 2.3123160928758274e-05
30 1.0643994713237936e-05
40 1.1011029013694416e-05
50 4.771445905934247e-06
60 2.569240103195364e-06
70 4.771445905934247e-06
80 3.6703430045648058e-06
90 7.340686009129611e-07
100 1.4681372018259223e-06
110 2.2022058027388833e-06
120 7.340686009129611e-07
130 3.6703430045648057e-07
140 1.1011029013694416e-06
150 1.4681372018259223e-06
170 1.4681372018259223e-06
180 3.6703430045648057e-07
190 3.6703430045648057e-07
200 7.3406860091296115e-06
300 8.441788910499052e-06
400 6.23958310776017e-06
500 7.3406860091296115e-06
600 6.60661740821665e-06
700 3.303308704108325e-06
800 4.404411605477767e-06
900 5.505514506847208e-06
1000 1.1378063314150897e-05
2000 9.175857511412014e-06
3000 4.037377305021286e-06
4000 1.4681372018259223e-06
5000 3.6703430045648057e-07
6000 1.1011029013694416e-06
7000 7.340686009129611e-07
20000 7.340686009129611e-07
40000 3.6703430045648057e-07
60000 3.6703430045648057e-07
38
1 0.00027307351953962154
10 0.0002719724166382521
20 7.707720309586092e-05
30 3.266605274062677e-05
40 2.2389092327845315e-05
50 1.4681372018259223e-05
60 1.2846200515976819e-05
70 9.175857511412014e-06
80 6.973651708673131e-06
90 8.808823210955533e-06
100 6.23958310776017e-06
110 3.6703430045648058e-06
120 3.303308704108325e-06
130 2.9362744036518445e-06
140 3.6703430045648058e-06
150 2.569240103195364e-06
160 3.6703430045648058e-06
170 1.8351715022824029e-06
180 1.4681372018259223e-06
190 1.4681372018259223e-06
200 1.5415440619172185e-05
300 2.716053823377956e-05
400 1.8718749323280507e-05
500 1.7250612121454587e-05
600 1.7617646421911066e-05
700 1.1745097614607378e-05
800 1.1745097614607378e-05
900 1.2112131915063859e-05
1000 3.413418994245269e-05
2000 2.9362744036518446e-05
3000 9.175857511412014e-06
4000 4.037377305021286e-06
5000 3.6703430045648058e-06
6000 2.569240103195364e-06
7000 1.8351715022824029e-06
8000 3.6703430045648057e-07
9000 1.1011029013694416e-06
10000 3.6703430045648057e-07
20000 4.037377305021286e-06
40000 7.340686009129611e-07
80000 3.6703430045648057e-07
100000 7.340686009129611e-07
8000
40 3.6703430045648057e-07
50 3.6703430045648057e-07
80 3.6703430045648057e-07
400 3.6703430045648057e-07
900 3.6703430045648057e-07
1000 7.340686009129611e-07
2000 3.6703430045648057e-07
2550
1 3.6703430045648057e-07
10 1.4681372018259223e-06
20 3.6703430045648057e-07
50 3.6703430045648057e-07
70 3.6703430045648057e-07
140 3.6703430045648057e-07
300 3.6703430045648057e-07
500 7.340686009129611e-07
700 3.6703430045648057e-07
900 3.6703430045648057e-07
1000 3.6703430045648057e-07
2000 3.6703430045648057e-07
5000 3.6703430045648057e-07
7
1 0.0031341058915978874
10 0.0028768148469778946
20 0.0007832511971741296
30 0.0003666672661560241
40 0.0002191194773725189
50 0.00017691053282002363
60 0.00013653675976981077
70 0.00011121139303831361
80 9.139154081366366e-05
90 7.524203159357851e-05
100 6.276286537805817e-05
110 5.28529392657332e-05
120 4.551225325660359e-05
130 3.817156724747398e-05
140 3.376715564199621e-05
150 3.78045329470175e-05
160 3.3400121341539734e-05
170 3.266605274062677e-05
180 1.945281792419347e-05
190 1.981985222464995e-05
200 0.0001453455829807663
300 0.00018058087582458843
400 0.00014314337717802743
500 0.00013103124526296357
600 9.432781521731551e-05
700 8.038051179996924e-05
800 6.79013455844489e-05
900 8.625306060727293e-05
1000 0.0003204209442985075
2000 0.000423924617027235
3000 0.00012479166215520338
4000 6.900244848581835e-05
5000 5.1384802063907276e-05
6000 3.927267014884342e-05
7000 2.3857229529671235e-05
8000 2.1655023726932354e-05
9000 1.908578362373699e-05
10000 6.23958310776017e-06
20000 7.707720309586092e-05
40000 7.707720309586092e-06
60000 1.4681372018259223e-06
80000 7.340686009129611e-07
100000 1.8351715022824029e-06
200000 1.1011029013694416e-06
300000 3.6703430045648057e-07
400000 1.1011029013694416e-06
800000 3.6703430045648057e-07
6600
1 1.4681372018259223e-06
10 7.340686009129611e-07
20 3.6703430045648057e-07
300 7.340686009129611e-07
1000 7.340686009129611e-07
2000 7.340686009129611e-07
1950
1 1.4681372018259223e-06
10 4.037377305021286e-06
20 1.1011029013694416e-06
50 3.6703430045648057e-07
100 3.6703430045648057e-07
120 3.6703430045648057e-07
140 3.6703430045648057e-07
200 3.6703430045648057e-07
300 3.6703430045648057e-07
500 3.6703430045648057e-07
700 3.6703430045648057e-07
800 3.6703430045648057e-07
900 7.340686009129611e-07
1000 3.6703430045648057e-07
2150
1 1.4681372018259223e-06
10 1.1011029013694416e-06
20 1.4681372018259223e-06
40 3.6703430045648057e-07
50 3.6703430045648057e-07
150 3.6703430045648057e-07
200 3.6703430045648057e-07
300 7.340686009129611e-07
400 7.340686009129611e-07
700 7.340686009129611e-07
1800
1 3.6703430045648058e-06
10 3.6703430045648058e-06
20 3.6703430045648057e-07
40 7.340686009129611e-07
60 3.6703430045648057e-07
150 3.6703430045648057e-07
160 3.6703430045648057e-07
200 3.6703430045648057e-07
300 7.340686009129611e-07
400 3.6703430045648057e-07
500 3.6703430045648057e-07
600 3.6703430045648057e-07
900 3.6703430045648057e-07
1000 1.4681372018259223e-06
4000 3.6703430045648057e-07
20000 3.6703430045648057e-07
1850
1 3.303308704108325e-06
10 4.771445905934247e-06
20 3.6703430045648057e-07
30 3.6703430045648057e-07
40 3.6703430045648057e-07
50 3.6703430045648057e-07
90 3.6703430045648057e-07
190 7.340686009129611e-07
300 7.340686009129611e-07
400 3.6703430045648057e-07
600 3.6703430045648057e-07
2000 3.6703430045648057e-07
4000 3.6703430045648057e-07
7000 3.6703430045648057e-07
80000 3.6703430045648057e-07
2400
1 1.4681372018259223e-06
10 1.4681372018259223e-06
40 3.6703430045648057e-07
70 3.6703430045648057e-07
80 3.6703430045648057e-07
160 3.6703430045648057e-07
180 3.6703430045648057e-07
900 3.6703430045648057e-07
1000 3.6703430045648057e-07
5000 3.6703430045648057e-07
10600
10 3.6703430045648057e-07
20 3.6703430045648057e-07
60 3.6703430045648057e-07
70 3.6703430045648057e-07
300 3.6703430045648057e-07
500 3.6703430045648057e-07
600 3.6703430045648057e-07
1000 3.6703430045648057e-07
100
1 0.0003890563584838694
10 0.0003644650603532852
20 9.79981582218803e-05
30 4.477818465569063e-05
40 3.5602327144278615e-05
50 2.752757253423604e-05
60 1.981985222464995e-05
70 1.945281792419347e-05
80 1.1745097614607378e-05
90 1.1011029013694416e-05
100 5.872548807303689e-06
110 5.872548807303689e-06
120 3.6703430045648058e-06
130 5.138480206390728e-06
140 3.303308704108325e-06
150 3.303308704108325e-06
160 4.037377305021286e-06
170 5.138480206390728e-06
180 2.569240103195364e-06
190 3.303308704108325e-06
200 1.798468072236755e-05
300 4.000673874975638e-05
400 3.486825854336565e-05
500 2.9362744036518446e-05
600 2.495833243104068e-05
700 1.8351715022824028e-05
800 1.5048406318715702e-05
900 1.945281792419347e-05
1000 4.8448527660255436e-05
2000 3.5602327144278615e-05
3000 1.5782474919628664e-05
4000 1.2112131915063859e-05
5000 5.872548807303689e-06
6000 4.037377305021286e-06
7000 7.340686009129611e-07
8000 3.6703430045648057e-07
9000 7.340686009129611e-07
20000 3.303308704108325e-06
60000 3.6703430045648057e-07
100000 7.340686009129611e-07
200000 7.340686009129611e-07
300000 3.6703430045648057e-07
19000
300 3.6703430045648057e-07
600
1 3.486825854336565e-05
10 3.707046434610454e-05
20 6.23958310776017e-06
30 3.6703430045648058e-06
40 2.569240103195364e-06
50 7.340686009129611e-07
60 1.4681372018259223e-06
70 1.8351715022824029e-06
80 1.4681372018259223e-06
90 1.1011029013694416e-06
100 3.6703430045648057e-07
110 7.340686009129611e-07
120 1.1011029013694416e-06
130 7.340686009129611e-07
140 3.6703430045648057e-07
150 3.6703430045648057e-07
180 7.340686009129611e-07
200 1.8351715022824029e-06
300 7.707720309586092e-06
400 3.6703430045648058e-06
500 2.2022058027388833e-06
600 1.8351715022824029e-06
700 1.8351715022824029e-06
800 1.4681372018259223e-06
900 1.4681372018259223e-06
1000 4.404411605477767e-06
2000 1.8351715022824029e-06
3000 1.1011029013694416e-06
4000 3.6703430045648057e-07
5000 7.340686009129611e-07
7000 3.6703430045648057e-07
8000 3.6703430045648057e-07
10000 3.6703430045648057e-07
3500
1 7.340686009129611e-07
10 3.6703430045648057e-07
400 3.6703430045648057e-07
800 3.6703430045648057e-07
1000 7.340686009129611e-07
12400
10 3.6703430045648057e-07
200 3.6703430045648057e-07
40
1 0.0009319000888590042
10 0.0008830845268982923
20 0.00022756126628301795
30 0.00011047732443740064
40 6.826837988490538e-05
50 6.643320838262298e-05
60 3.78045329470175e-05
70 3.303308704108325e-05
80 1.981985222464995e-05
90 2.2389092327845315e-05
100 1.6149509220085143e-05
110 1.32132348164333e-05
120 1.1745097614607378e-05
130 8.808823210955533e-06
140 1.0276960412781456e-05
150 1.1745097614607378e-05
160 1.4314337717802742e-05
170 9.542891811868495e-06
180 7.3406860091296115e-06
190 4.037377305021286e-06
200 4.4044116054777666e-05
300 8.11145804008822e-05
400 6.019362527486281e-05
500 5.211887066482024e-05
600 4.257597885295174e-05
700 3.303308704108325e-05
800 2.8995709736061964e-05
900 4.000673874975638e-05
1000 9.432781521731551e-05
2000 7.524203159357851e-05
3000 2.9362744036518446e-05
4000 1.358026911688978e-05
5000 9.542891811868495e-06
6000 6.973651708673131e-06
7000 4.037377305021286e-06
8000 3.303308704108325e-06
9000 2.2022058027388833e-06
10000 1.1011029013694416e-06
20000 1.5048406318715702e-05
40000 2.2022058027388833e-06
60000 2.569240103195364e-06
80000 3.6703430045648057e-07
100000 1.4681372018259223e-06
200000 1.1011029013694416e-06
400000 1.1011029013694416e-06
46
1 0.00019489521354239118
10 0.0002040710710538032
20 5.28529392657332e-05
30 2.9729778336974925e-05
40 1.5782474919628664e-05
50 1.2112131915063859e-05
60 8.808823210955533e-06
70 7.3406860091296115e-06
80 8.808823210955533e-06
90 6.60661740821665e-06
100 5.138480206390728e-06
110 2.9362744036518445e-06
120 2.2022058027388833e-06
130 2.9362744036518445e-06
140 1.8351715022824029e-06
150 5.138480206390728e-06
160 4.037377305021286e-06
170 5.138480206390728e-06
180 3.6703430045648057e-07
190 1.1011029013694416e-06
200 7.707720309586092e-06
300 1.908578362373699e-05
400 1.5048406318715702e-05
500 7.707720309586092e-06
600 1.1378063314150897e-05
700 8.808823210955533e-06
800 6.23958310776017e-06
900 1.0276960412781456e-05
1000 2.2389092327845315e-05
2000 1.5048406318715702e-05
3000 5.505514506847208e-06
4000 3.6703430045648058e-06
5000 1.8351715022824029e-06
6000 1.8351715022824029e-06
7000 3.6703430045648057e-07
8000 1.8351715022824029e-06
9000 3.6703430045648057e-07
20000 2.2022058027388833e-06
40000 3.6703430045648057e-07
1250
1 5.872548807303689e-06
10 8.074754610042572e-06
20 1.8351715022824029e-06
30 1.4681372018259223e-06
40 7.340686009129611e-07
50 3.6703430045648057e-07
60 3.6703430045648057e-07
80 3.6703430045648057e-07
170 3.6703430045648057e-07
200 7.340686009129611e-07
300 3.6703430045648057e-07
400 1.1011029013694416e-06
500 1.1011029013694416e-06
700 7.340686009129611e-07
800 7.340686009129611e-07
1000 1.8351715022824029e-06
2000 3.6703430045648057e-07
3000 3.6703430045648057e-07
8000 3.6703430045648057e-07
20000 7.340686009129611e-07
1550
1 6.23958310776017e-06
10 4.037377305021286e-06
20 7.340686009129611e-07
30 7.340686009129611e-07
60 7.340686009129611e-07
80 3.6703430045648057e-07
90 3.6703430045648057e-07
100 3.6703430045648057e-07
110 3.6703430045648057e-07
200 3.6703430045648057e-07
300 1.4681372018259223e-06
400 7.340686009129611e-07
500 3.6703430045648057e-07
600 1.4681372018259223e-06
800 7.340686009129611e-07
900 3.6703430045648057e-07
1000 1.4681372018259223e-06
2000 3.6703430045648057e-07
4000 3.6703430045648057e-07
1350
1 2.9362744036518445e-06
10 6.23958310776017e-06
20 7.340686009129611e-07
50 1.1011029013694416e-06
70 3.6703430045648057e-07
90 7.340686009129611e-07
120 3.6703430045648057e-07
190 3.6703430045648057e-07
200 3.6703430045648057e-07
300 1.4681372018259223e-06
400 7.340686009129611e-07
500 1.1011029013694416e-06
600 1.1011029013694416e-06
900 7.340686009129611e-07
1000 1.8351715022824029e-06
2000 3.6703430045648057e-07
3150
1 1.8351715022824029e-06
10 1.8351715022824029e-06
20 3.6703430045648057e-07
200 3.6703430045648057e-07
300 3.6703430045648057e-07
400 3.6703430045648057e-07
600 3.6703430045648057e-07
2000 3.6703430045648057e-07
3000 3.6703430045648057e-07
2500
1 1.1011029013694416e-06
10 1.8351715022824029e-06
20 7.340686009129611e-07
30 3.6703430045648057e-07
40 3.6703430045648057e-07
60 7.340686009129611e-07
70 3.6703430045648057e-07
130 3.6703430045648057e-07
300 3.6703430045648057e-07
500 3.6703430045648057e-07
700 1.1011029013694416e-06
900 3.6703430045648057e-07
1000 7.340686009129611e-07
2000 7.340686009129611e-07
262000
30 3.6703430045648057e-07
2050
1 1.8351715022824029e-06
10 3.6703430045648058e-06
20 7.340686009129611e-07
50 3.6703430045648057e-07
70 3.6703430045648057e-07
130 3.6703430045648057e-07
180 3.6703430045648057e-07
400 3.6703430045648057e-07
500 7.340686009129611e-07
900 3.6703430045648057e-07
1000 3.6703430045648057e-07
2000 3.6703430045648057e-07
4000 3.6703430045648057e-07
27000
10 3.6703430045648057e-07
25200
20 3.6703430045648057e-07
30 3.6703430045648057e-07
2000 3.6703430045648057e-07
63600
20 3.6703430045648057e-07
1900
1 4.404411605477767e-06
10 3.6703430045648058e-06
20 1.1011029013694416e-06
30 7.340686009129611e-07
50 3.6703430045648057e-07
70 3.6703430045648057e-07
140 3.6703430045648057e-07
150 3.6703430045648057e-07
200 3.6703430045648057e-07
300 7.340686009129611e-07
400 7.340686009129611e-07
500 7.340686009129611e-07
600 1.1011029013694416e-06
900 7.340686009129611e-07
1000 1.1011029013694416e-06
2000 3.6703430045648057e-07
3000 3.6703430045648057e-07
6000 3.6703430045648057e-07
100000 3.6703430045648057e-07
1100
1 5.505514506847208e-06
10 6.973651708673131e-06
20 2.2022058027388833e-06
30 3.6703430045648057e-07
40 1.1011029013694416e-06
50 7.340686009129611e-07
60 1.4681372018259223e-06
70 3.6703430045648057e-07
80 1.1011029013694416e-06
90 3.6703430045648057e-07
100 3.6703430045648057e-07
120 3.6703430045648057e-07
160 3.6703430045648057e-07
180 3.6703430045648057e-07
200 7.340686009129611e-07
300 7.340686009129611e-07
400 1.4681372018259223e-06
500 2.2022058027388833e-06
700 3.6703430045648057e-07
900 1.1011029013694416e-06
1000 1.4681372018259223e-06
2000 1.8351715022824029e-06
200000 3.6703430045648057e-07
57200
110 3.6703430045648057e-07
6
1 0.004249156096384675
10 0.003894600962143715
20 0.0010423774132964048
30 0.0005024699573249219
40 0.00032592645880535475
50 0.00024664704990675496
60 0.000179479772923219
70 0.00014901592598533112
80 0.00011084435873785713
90 0.00011378063314150897
100 8.69871292081859e-05
110 8.038051179996924e-05
120 6.569913978171002e-05
130 5.5789213669385046e-05
140 5.10177677634508e-05
150 4.551225325660359e-05
160 4.257597885295174e-05
170 3.376715564199621e-05
180 3.303308704108325e-05
190 4.0740807350669343e-05
200 0.00016736764100815514
300 0.00023490195229214757
400 0.00018792156183371805
500 0.0001699368811113505
600 0.00015195220038898295
700 0.00012148835345109507
800 0.000103870707029184
900 0.00013323345106570244
1000 0.00044447853785279794
2000 0.0006059736300536494
3000 0.00017140501831317643
4000 9.79981582218803e-05
5000 7.524203159357851e-05
6000 5.7624385171667445e-05
7000 3.927267014884342e-05
8000 3.927267014884342e-05
9000 1.908578362373699e-05
10000 9.909926112324976e-06
20000 0.00012002021624926915
40000 7.3406860091296115e-06
60000 2.9362744036518445e-06
80000 1.4681372018259223e-06
100000 2.569240103195364e-06
200000 1.4681372018259223e-06
300000 7.340686009129611e-07
400000 3.6703430045648057e-07
600000 3.6703430045648057e-07
700000 3.6703430045648057e-07
2200
1 2.569240103195364e-06
10 2.2022058027388833e-06
20 7.340686009129611e-07
40 3.6703430045648057e-07
50 3.6703430045648057e-07
60 3.6703430045648057e-07
110 3.6703430045648057e-07
200 3.6703430045648057e-07
400 1.1011029013694416e-06
500 7.340686009129611e-07
600 7.340686009129611e-07
700 3.6703430045648057e-07
1000 1.1011029013694416e-06
2000 3.6703430045648057e-07
3000 3.6703430045648057e-07
1750
1 4.404411605477767e-06
10 2.569240103195364e-06
20 3.6703430045648057e-07
30 3.6703430045648057e-07
100 7.340686009129611e-07
160 3.6703430045648057e-07
300 1.4681372018259223e-06
400 7.340686009129611e-07
500 7.340686009129611e-07
900 3.6703430045648057e-07
1000 1.4681372018259223e-06
2000 1.1011029013694416e-06
7000 3.6703430045648057e-07
20000 3.6703430045648057e-07
5
1 0.005911454443152076
10 0.005466608870998821
20 0.0014475832810003594
30 0.0007362708067157
40 0.00044668074365553686
50 0.0003552892028418732
60 0.0002565569760190799
70 0.00020664031115699856
80 0.0001717720526136329
90 0.00015158516608852648
100 0.00013286641676524597
110 0.00011378063314150897
120 9.79981582218803e-05
130 9.689705532051087e-05
140 7.744423739631739e-05
150 6.496507118079705e-05
160 6.753431128399242e-05
170 6.239583107760169e-05
180 5.982659097440633e-05
190 5.248590496527672e-05
200 0.00027344055384007803
300 0.0003266605274062677
400 0.00026573283353049194
500 0.00022352388897799665
600 0.0002059062425560856
700 0.00016333026370313384
800 0.0001475477887835052
900 0.0001813149444255014
1000 0.0006456133345029493
2000 0.0006511188490097965
3000 0.0002598602847231882
4000 0.00015488847479263479
5000 0.00011378063314150897
6000 7.891237459814332e-05
7000 5.615624796984153e-05
8000 4.587928755706007e-05
9000 4.881556196071191e-05
10000 1.7250612121454587e-05
20000 0.00017250612121454587
40000 1.358026911688978e-05
60000 7.3406860091296115e-06
80000 3.303308704108325e-06
100000 2.569240103195364e-06
200000 2.9362744036518445e-06
300000 7.340686009129611e-07
3
1 0.016109869515635845
10 0.014995186345149514
20 0.004086926935582911
30 0.002079616346386419
40 0.0013418774024688928
50 0.0010420103789959482
60 0.0007626972763485666
70 0.0006481825746061446
80 0.0005527536564874597
90 0.00048632044810483676
100 0.0003813486381742833
110 0.0003637309917523722
120 0.0003160165326930298
130 0.00028224937705103356
140 0.00022425795757890962
150 0.00021104472276247633
160 0.00019342707634056525
170 0.0001776446014209366
180 0.00016369729800359034
190 0.00016479840090495977
200 0.0007182861259933325
300 0.0008695042577814025
400 0.0007058069597778121
500 0.0006107450759595837
600 0.0005112787805358775
700 0.0004231905484263221
800 0.0003868541526811305
900 0.0003982322159952814
1000 0.0016468829061482282
2000 0.0013782137982140846
3000 0.0005648657884025236
4000 0.0003435441052272658
5000 0.00020517217395517263
6000 0.00014204227427665796
7000 9.79981582218803e-05
8000 7.634313449494796e-05
9000 5.872548807303689e-05
10000 2.3857229529671235e-05
20000 0.0002910582002619891
40000 2.7894606834692523e-05
60000 8.808823210955533e-06
80000 3.303308704108325e-06
100000 5.872548807303689e-06
200000 1.8351715022824029e-06
300000 1.8351715022824029e-06
400000 1.8351715022824029e-06
500000 7.340686009129611e-07
35600
1 3.6703430045648057e-07
5200
1 1.4681372018259223e-06
10 1.8351715022824029e-06
20 3.6703430045648057e-07
200 3.6703430045648057e-07
300 3.6703430045648057e-07
500 3.6703430045648057e-07
700 3.6703430045648057e-07
900 3.6703430045648057e-07
2000 3.6703430045648057e-07
1000
1 8.441788910499052e-06
10 1.2112131915063859e-05
20 2.2022058027388833e-06
30 1.1011029013694416e-06
40 7.340686009129611e-07
50 1.8351715022824029e-06
60 7.340686009129611e-07
70 3.6703430045648057e-07
80 7.340686009129611e-07
100 7.340686009129611e-07
120 1.4681372018259223e-06
130 3.6703430045648057e-07
180 3.6703430045648057e-07
190 3.6703430045648057e-07
200 1.1011029013694416e-06
300 3.303308704108325e-06
400 3.6703430045648057e-07
500 3.6703430045648057e-07
600 3.6703430045648057e-07
700 1.1011029013694416e-06
800 3.6703430045648057e-07
900 7.340686009129611e-07
1000 1.8351715022824029e-06
2000 1.8351715022824029e-06
3000 3.6703430045648057e-07
4000 3.6703430045648057e-07
7000 3.6703430045648057e-07
300000 3.6703430045648057e-07
43400
1 3.6703430045648057e-07
29400
60 3.6703430045648057e-07
72200
1 3.6703430045648057e-07
233600
10 3.6703430045648057e-07
1500
1 4.771445905934247e-06
10 4.037377305021286e-06
20 7.340686009129611e-07
40 7.340686009129611e-07
50 7.340686009129611e-07
60 3.6703430045648057e-07
70 3.6703430045648057e-07
80 3.6703430045648057e-07
100 3.6703430045648057e-07
110 3.6703430045648057e-07
120 3.6703430045648057e-07
150 3.6703430045648057e-07
200 1.1011029013694416e-06
300 1.1011029013694416e-06
500 7.340686009129611e-07
600 1.1011029013694416e-06
800 3.6703430045648057e-07
900 1.1011029013694416e-06
1000 1.4681372018259223e-06
2000 3.6703430045648057e-07
100000 3.6703430045648057e-07
4950
1 7.340686009129611e-07
10 3.6703430045648057e-07
70 3.6703430045648057e-07
400 3.6703430045648057e-07
2000 3.6703430045648057e-07
3000 3.6703430045648057e-07
26800
20 3.6703430045648057e-07
200
1 0.00011047732443740064
10 0.00013470158826752837
20 3.156494983925733e-05
30 1.5782474919628664e-05
40 1.1378063314150897e-05
50 8.441788910499052e-06
60 1.1378063314150897e-05
70 6.973651708673131e-06
80 4.404411605477767e-06
90 4.037377305021286e-06
100 1.4681372018259223e-06
110 3.303308704108325e-06
120 1.1011029013694416e-06
130 1.4681372018259223e-06
140 1.8351715022824029e-06
150 3.6703430045648057e-07
160 1.4681372018259223e-06
170 1.4681372018259223e-06
180 7.340686009129611e-07
190 3.6703430045648057e-07
200 9.542891811868495e-06
300 1.0643994713237936e-05
400 8.074754610042572e-06
500 8.074754610042572e-06
600 6.60661740821665e-06
700 5.138480206390728e-06
800 3.6703430045648058e-06
900 7.707720309586092e-06
1000 1.4681372018259223e-05
2000 9.542891811868495e-06
3000 4.771445905934247e-06
4000 2.569240103195364e-06
5000 1.1011029013694416e-06
6000 1.1011029013694416e-06
7000 7.340686009129611e-07
8000 3.6703430045648057e-07
9000 3.6703430045648057e-07
20000 1.1011029013694416e-06
40000 3.6703430045648057e-07
60000 3.6703430045648057e-07
20
1 0.0008797812181941839
10 0.0008184864900179517
20 0.00022022058027388832
30 0.00010350367272872752
40 6.643320838262298e-05
50 4.808149335979895e-05
60 3.927267014884342e-05
70 3.5602327144278615e-05
80 2.64264696328666e-05
90 2.128798942647587e-05
100 2.2389092327845315e-05
110 1.1011029013694416e-05
120 1.0276960412781456e-05
130 8.074754610042572e-06
140 9.175857511412014e-06
150 8.074754610042572e-06
160 8.808823210955533e-06
170 8.808823210955533e-06
180 7.707720309586092e-06
190 8.808823210955533e-06
200 4.331004745386471e-05
300 6.166176247668874e-05
400 4.991666486208136e-05
500 3.890563584838694e-05
600 3.486825854336565e-05
700 3.376715564199621e-05
800 1.908578362373699e-05
900 2.8628675435605485e-05
1000 8.405085480453405e-05
2000 0.0001398400684739191
3000 2.6793503933323082e-05
4000 1.2846200515976819e-05
5000 1.6149509220085143e-05
6000 6.23958310776017e-06
7000 4.771445905934247e-06
8000 4.037377305021286e-06
9000 2.569240103195364e-06
10000 1.8351715022824029e-06
20000 1.1011029013694416e-05
40000 2.9362744036518445e-06
60000 3.6703430045648057e-07
100000 7.340686009129611e-07
200000 3.6703430045648057e-07
62000
1 3.6703430045648057e-07
13600
1 7.340686009129611e-07
10 3.6703430045648057e-07
30 3.6703430045648057e-07
40 3.6703430045648057e-07
60 3.6703430045648057e-07
600 3.6703430045648057e-07
17000
10 3.6703430045648057e-07
80 3.6703430045648057e-07
22
1 0.0007318663951102223
10 0.0007164509544910501
20 0.00020847548265928096
30 0.0001020355355269016
40 6.166176247668874e-05
50 4.220894455249527e-05
60 2.5692401031953638e-05
70 2.3490195229214756e-05
80 2.4591298130584197e-05
90 1.7617646421911066e-05
100 1.247916621552034e-05
110 1.4681372018259223e-05
120 1.1011029013694416e-05
130 8.441788910499052e-06
140 6.60661740821665e-06
150 8.441788910499052e-06
160 8.808823210955533e-06
170 1.0276960412781456e-05
180 6.60661740821665e-06
190 4.771445905934247e-06
200 3.853860154793046e-05
300 5.28529392657332e-05
400 4.4044116054777666e-05
500 3.083088123834437e-05
600 3.2299018440170286e-05
700 2.2389092327845315e-05
800 2.2756126628301795e-05
900 3.6336395745191573e-05
1000 7.92794088985998e-05
2000 8.955636931138126e-05
3000 2.752757253423604e-05
4000 1.5782474919628664e-05
5000 1.0276960412781456e-05
6000 7.3406860091296115e-06
7000 5.138480206390728e-06
8000 3.6703430045648058e-06
9000 1.8351715022824029e-06
10000 1.1011029013694416e-06
20000 1.7617646421911066e-05
40000 3.303308704108325e-06
60000 3.6703430045648057e-07
100000 1.1011029013694416e-06
400000 7.340686009129611e-07
19200
1 3.6703430045648057e-07
320
1 5.615624796984153e-05
10 5.28529392657332e-05
20 1.358026911688978e-05
30 5.505514506847208e-06
40 4.771445905934247e-06
50 4.404411605477767e-06
60 1.4681372018259223e-06
70 1.4681372018259223e-06
80 3.6703430045648057e-07
90 1.4681372018259223e-06
100 1.1011029013694416e-06
110 7.340686009129611e-07
120 1.4681372018259223e-06
130 3.6703430045648057e-07
140 3.6703430045648057e-07
150 3.6703430045648057e-07
160 3.6703430045648057e-07
170 3.6703430045648057e-07
190 3.6703430045648057e-07
200 3.303308704108325e-06
300 4.771445905934247e-06
400 4.404411605477767e-06
500 2.2022058027388833e-06
600 2.569240103195364e-06
700 1.8351715022824029e-06
800 7.340686009129611e-07
900 2.9362744036518445e-06
1000 6.23958310776017e-06
2000 4.404411605477767e-06
3000 7.340686009129611e-07
4000 7.340686009129611e-07
5000 3.6703430045648057e-07
6000 7.340686009129611e-07
20000 3.6703430045648057e-07
200000 3.6703430045648057e-07
60
1 0.0009344693289621995
10 0.0008779460466919015
20 0.00024040746679899477
30 0.00011524877034333489
40 6.900244848581835e-05
50 8.11145804008822e-05
60 5.0283699162537835e-05
70 3.376715564199621e-05
80 2.0553920825562913e-05
90 3.6336395745191573e-05
100 1.7617646421911066e-05
110 1.2112131915063859e-05
120 1.798468072236755e-05
130 9.175857511412014e-06
140 9.542891811868495e-06
150 1.0643994713237936e-05
160 9.175857511412014e-06
170 1.3947303417346261e-05
180 1.1745097614607378e-05
190 8.808823210955533e-06
200 5.6890316570754486e-05
300 7.744423739631739e-05
400 7.5609065894035e-05
500 5.835845377258041e-05
600 4.954963056162488e-05
700 3.413418994245269e-05
800 3.193198413971381e-05
900 4.4044116054777666e-05
1000 0.00011524877034333489
2000 7.854534029768684e-05
3000 3.523529284382213e-05
4000 1.2112131915063859e-05
5000 1.0276960412781456e-05
6000 5.505514506847208e-06
7000 5.138480206390728e-06
8000 4.037377305021286e-06
9000 2.2022058027388833e-06
10000 2.569240103195364e-06
20000 9.909926112324976e-06
40000 1.8351715022824029e-06
60000 1.1011029013694416e-06
80000 1.8351715022824029e-06
100000 2.2022058027388833e-06
300000 1.1011029013694416e-06
400000 3.6703430045648057e-07
900
1 1.32132348164333e-05
10 1.3947303417346261e-05
20 2.569240103195364e-06
30 7.340686009129611e-07
40 2.2022058027388833e-06
50 1.8351715022824029e-06
60 3.6703430045648057e-07
70 3.6703430045648057e-07
110 3.6703430045648057e-07
120 7.340686009129611e-07
170 1.1011029013694416e-06
200 1.1011029013694416e-06
300 1.8351715022824029e-06
400 1.4681372018259223e-06
500 1.8351715022824029e-06
600 7.340686009129611e-07
700 1.1011029013694416e-06
800 1.1011029013694416e-06
900 1.1011029013694416e-06
1000 1.1011029013694416e-06
2000 1.1011029013694416e-06
3000 1.4681372018259223e-06
4000 7.340686009129611e-07
180
1 0.0001225894563524645
10 0.0001358026911688978
20 3.6336395745191573e-05
30 1.8351715022824028e-05
40 1.4314337717802742e-05
50 1.1011029013694416e-05
60 5.505514506847208e-06
70 5.505514506847208e-06
80 4.037377305021286e-06
90 2.569240103195364e-06
100 5.138480206390728e-06
110 1.8351715022824029e-06
120 1.8351715022824029e-06
130 2.2022058027388833e-06
140 1.8351715022824029e-06
150 1.4681372018259223e-06
160 1.4681372018259223e-06
170 1.1011029013694416e-06
180 1.4681372018259223e-06
190 1.1011029013694416e-06
200 9.542891811868495e-06
300 1.8351715022824028e-05
400 1.0643994713237936e-05
500 9.909926112324976e-06
600 8.441788910499052e-06
700 7.707720309586092e-06
800 8.441788910499052e-06
900 6.23958310776017e-06
1000 1.8351715022824028e-05
2000 1.1011029013694416e-05
3000 5.505514506847208e-06
4000 1.4681372018259223e-06
5000 1.8351715022824029e-06
7000 3.6703430045648057e-07
8000 3.6703430045648057e-07
20000 3.6703430045648057e-07
200000 7.340686009129611e-07
6000
1 1.1011029013694416e-06
10 7.340686009129611e-07
20 7.340686009129611e-07
30 3.6703430045648057e-07
40 3.6703430045648057e-07
60 3.6703430045648057e-07
70 3.6703430045648057e-07
80 3.6703430045648057e-07
190 3.6703430045648057e-07
200 3.6703430045648057e-07
900 3.6703430045648057e-07
2000 3.6703430045648057e-07
1400
1 5.505514506847208e-06
10 4.771445905934247e-06
20 2.569240103195364e-06
30 3.6703430045648057e-07
40 7.340686009129611e-07
50 3.6703430045648057e-07
70 3.6703430045648057e-07
80 7.340686009129611e-07
90 3.6703430045648057e-07
100 7.340686009129611e-07
160 3.6703430045648057e-07
300 3.6703430045648057e-07
400 1.4681372018259223e-06
500 1.1011029013694416e-06
600 7.340686009129611e-07
700 1.1011029013694416e-06
800 7.340686009129611e-07
900 3.6703430045648057e-07
1000 3.6703430045648057e-07
3000 3.6703430045648057e-07
5600
1 1.4681372018259223e-06
10 1.4681372018259223e-06
20 3.6703430045648057e-07
30 3.6703430045648057e-07
50 7.340686009129611e-07
60 3.6703430045648057e-07
70 3.6703430045648057e-07
400 7.340686009129611e-07
1000 3.6703430045648057e-07
3000 3.6703430045648057e-07
9
1 0.0019687719876485617
10 0.001803973586743602
20 0.00047714459059342474
30 0.00021875244307206242
40 0.00015011702888670055
50 0.00011451470174242194
60 8.368382050407757e-05
70 6.202879677714521e-05
80 6.386396827942762e-05
90 4.9182596261168394e-05
100 3.4501224242909174e-05
110 3.193198413971381e-05
120 2.605943533241012e-05
130 2.8261641135149002e-05
140 2.0553920825562913e-05
150 2.128798942647587e-05
160 2.2389092327845315e-05
170 1.6516543520541626e-05
180 1.5415440619172185e-05
190 1.3947303417346261e-05
200 7.5609065894035e-05
300 0.0001189191133478997
400 9.139154081366366e-05
500 9.542891811868494e-05
600 6.643320838262298e-05
700 5.872548807303689e-05
800 5.432107646755912e-05
900 6.569913978171002e-05
1000 0.00018388418452869676
2000 0.00040997731360988877
3000 7.634313449494796e-05
4000 4.477818465569063e-05
5000 2.5692401031953638e-05
6000 1.8718749323280507e-05
7000 1.8351715022824028e-05
8000 1.32132348164333e-05
9000 9.909926112324976e-06
10000 5.872548807303689e-06
20000 5.175183636436376e-05
40000 4.771445905934247e-06
60000 1.4681372018259223e-06
80000 1.1011029013694416e-06
100000 1.8351715022824029e-06
200000 7.340686009129611e-07
300000 7.340686009129611e-07
400000 3.6703430045648057e-07
1150
1 1.1745097614607378e-05
10 7.3406860091296115e-06
20 1.8351715022824029e-06
30 1.8351715022824029e-06
40 1.1011029013694416e-06
60 7.340686009129611e-07
80 3.6703430045648057e-07
90 3.6703430045648057e-07
100 3.6703430045648057e-07
110 7.340686009129611e-07
120 3.6703430045648057e-07
130 3.6703430045648057e-07
200 3.6703430045648057e-07
300 7.340686009129611e-07
400 7.340686009129611e-07
500 1.1011029013694416e-06
600 1.4681372018259223e-06
700 7.340686009129611e-07
800 7.340686009129611e-07
900 3.6703430045648057e-07
1000 1.1011029013694416e-06
2000 1.4681372018259223e-06
1650
1 4.771445905934247e-06
10 2.9362744036518445e-06
20 3.6703430045648057e-07
30 3.6703430045648057e-07
40 7.340686009129611e-07
60 1.1011029013694416e-06
90 3.6703430045648057e-07
200 3.6703430045648057e-07
300 7.340686009129611e-07
400 7.340686009129611e-07
500 7.340686009129611e-07
600 3.6703430045648057e-07
800 3.6703430045648057e-07
900 3.6703430045648057e-07
1000 1.1011029013694416e-06
2000 7.340686009129611e-07
3000 3.6703430045648057e-07
3550
1 7.340686009129611e-07
10 3.6703430045648057e-07
20 3.6703430045648057e-07
60 7.340686009129611e-07
400 7.340686009129611e-07
500 3.6703430045648057e-07
900 3.6703430045648057e-07
1000 1.1011029013694416e-06
4
1 0.008879293796643178
10 0.008305252150729242
20 0.002292863274951634
30 0.001139641502917372
40 0.000735536738114787
50 0.0005439448332765042
60 0.0004308982687359082
70 0.0003622628545505463
80 0.00027637682824372984
90 0.00024628001560629846
100 0.0002136139628656717
110 0.0001739742584163718
120 0.00015231923468943942
130 0.00015488847479263479
140 0.00012295649065292098
150 0.00011157842733877009
160 0.00010827511863466176
170 9.212560941457663e-05
180 8.441788910499053e-05
190 8.148161470133869e-05
200 0.00041438172521536656
300 0.0005355030443660051
400 0.00043750488614412484
500 0.0003791464323715444
600 0.0003354693506172232
700 0.00027637682824372984
800 0.00026866910793414374
900 0.0002950955775670104
1000 0.0010798149119429657
2000 0.0011146831704863314
3000 0.0003989662845961944
4000 0.0002378382266957994
5000 0.0001280949708593117
6000 9.432781521731551e-05
7000 7.5609065894035e-05
8000 6.496507118079705e-05
9000 3.1197915538800845e-05
10000 1.6516543520541626e-05
20000 0.00018461825312960972
40000 1.945281792419347e-05
60000 6.973651708673131e-06
80000 1.4681372018259223e-06
100000 2.569240103195364e-06
200000 2.569240103195364e-06
300000 7.340686009129611e-07
400000 7.340686009129611e-07
500000 7.340686009129611e-07
4050
1 1.1011029013694416e-06
10 1.1011029013694416e-06
40 3.6703430045648057e-07
150 3.6703430045648057e-07
500
1 3.7437498646561014e-05
10 4.8448527660255436e-05
20 8.441788910499052e-06
30 6.23958310776017e-06
40 4.037377305021286e-06
50 1.4681372018259223e-06
60 1.4681372018259223e-06
70 1.1011029013694416e-06
80 1.1011029013694416e-06
90 2.569240103195364e-06
100 1.8351715022824029e-06
110 3.6703430045648057e-07
130 3.6703430045648057e-07
140 7.340686009129611e-07
150 1.1011029013694416e-06
160 1.1011029013694416e-06
170 1.8351715022824029e-06
180 7.340686009129611e-07
200 1.8351715022824029e-06
300 3.6703430045648058e-06
400 4.404411605477767e-06
500 3.303308704108325e-06
600 2.9362744036518445e-06
700 2.569240103195364e-06
800 1.8351715022824029e-06
900 1.8351715022824029e-06
1000 5.505514506847208e-06
2000 3.303308704108325e-06
3000 4.037377305021286e-06
4000 1.4681372018259223e-06
7000 3.6703430045648057e-07
20000 1.1011029013694416e-06
100000 3.6703430045648057e-07
200000 3.6703430045648057e-07
300000 3.6703430045648057e-07
3950
1 3.6703430045648057e-07
10 7.340686009129611e-07
20 3.6703430045648057e-07
30 3.6703430045648057e-07
200 3.6703430045648057e-07
400 3.6703430045648057e-07
2000 3.6703430045648057e-07
280
1 6.166176247668874e-05
10 5.835845377258041e-05
20 1.7617646421911066e-05
30 6.23958310776017e-06
40 4.404411605477767e-06
50 2.569240103195364e-06
60 2.569240103195364e-06
70 1.4681372018259223e-06
80 3.6703430045648057e-07
90 2.569240103195364e-06
100 4.404411605477767e-06
110 7.340686009129611e-07
120 1.8351715022824029e-06
130 3.6703430045648057e-07
140 1.4681372018259223e-06
150 1.1011029013694416e-06
170 3.6703430045648057e-07
180 7.340686009129611e-07
190 1.1011029013694416e-06
200 4.771445905934247e-06
300 4.771445905934247e-06
400 4.037377305021286e-06
500 4.404411605477767e-06
600 4.037377305021286e-06
700 1.4681372018259223e-06
800 2.569240103195364e-06
900 4.404411605477767e-06
1000 1.358026911688978e-05
2000 4.771445905934247e-06
3000 1.8351715022824029e-06
4000 3.6703430045648057e-07
5000 3.6703430045648057e-07
6000 7.340686009129611e-07
9000 3.6703430045648057e-07
20000 3.6703430045648057e-07
100000 3.6703430045648057e-07
7400
1 7.340686009129611e-07
10 3.6703430045648057e-07
20 7.340686009129611e-07
40 3.6703430045648057e-07
800 3.6703430045648057e-07
2000 3.6703430045648057e-07
480
1 2.3123160928758274e-05
10 2.0553920825562913e-05
20 3.303308704108325e-06
30 3.303308704108325e-06
40 3.6703430045648057e-07
50 1.8351715022824029e-06
60 1.4681372018259223e-06
70 7.340686009129611e-07
80 1.8351715022824029e-06
90 3.6703430045648057e-07
100 1.1011029013694416e-06
110 7.340686009129611e-07
120 7.340686009129611e-07
130 3.6703430045648057e-07
140 3.6703430045648057e-07
160 3.6703430045648057e-07
170 3.6703430045648057e-07
190 3.6703430045648057e-07
200 1.1011029013694416e-06
300 7.340686009129611e-07
400 3.303308704108325e-06
500 2.9362744036518445e-06
600 1.1011029013694416e-06
700 2.9362744036518445e-06
900 1.4681372018259223e-06
1000 4.404411605477767e-06
2000 2.569240103195364e-06
3000 1.8351715022824029e-06
4000 1.1011029013694416e-06
20000 3.6703430045648057e-07
40000 3.6703430045648057e-07
2350
1 1.4681372018259223e-06
10 7.340686009129611e-07
20 7.340686009129611e-07
50 3.6703430045648057e-07
300 7.340686009129611e-07
500 3.6703430045648057e-07
4000 3.6703430045648057e-07
7600
1 1.1011029013694416e-06
10 1.4681372018259223e-06
80 3.6703430045648057e-07
120 3.6703430045648057e-07
650
1 2.716053823377956e-05
10 2.0920955126019392e-05
20 5.138480206390728e-06
30 2.2022058027388833e-06
40 1.4681372018259223e-06
50 2.2022058027388833e-06
60 1.1011029013694416e-06
70 1.1011029013694416e-06
80 2.569240103195364e-06
90 7.340686009129611e-07
100 1.1011029013694416e-06
120 7.340686009129611e-07
140 3.6703430045648057e-07
150 3.6703430045648057e-07
170 1.4681372018259223e-06
180 7.340686009129611e-07
190 3.6703430045648057e-07
200 3.6703430045648058e-06
300 3.303308704108325e-06
400 1.1011029013694416e-06
500 3.303308704108325e-06
600 2.2022058027388833e-06
700 1.1011029013694416e-06
800 1.8351715022824029e-06
900 1.1011029013694416e-06
1000 4.037377305021286e-06
2000 5.138480206390728e-06
3000 1.4681372018259223e-06
4000 3.6703430045648057e-07
6000 3.6703430045648057e-07
20000 7.340686009129611e-07
700
1 2.8261641135149002e-05
10 1.798468072236755e-05
20 3.6703430045648058e-06
30 2.569240103195364e-06
40 7.340686009129611e-07
50 2.2022058027388833e-06
60 7.340686009129611e-07
70 1.1011029013694416e-06
80 1.1011029013694416e-06
90 1.1011029013694416e-06
100 7.340686009129611e-07
110 3.6703430045648057e-07
120 3.6703430045648057e-07
130 1.4681372018259223e-06
150 7.340686009129611e-07
160 7.340686009129611e-07
170 3.6703430045648057e-07
180 7.340686009129611e-07
200 1.1011029013694416e-06
300 4.037377305021286e-06
400 2.2022058027388833e-06
500 1.1011029013694416e-06
600 1.8351715022824029e-06
700 2.2022058027388833e-06
800 1.4681372018259223e-06
900 1.1011029013694416e-06
1000 2.2022058027388833e-06
2000 2.2022058027388833e-06
3000 7.340686009129611e-07
4000 7.340686009129611e-07
5000 7.340686009129611e-07
100000 3.6703430045648057e-07
34
1 0.00034281003662635286
10 0.00033693748781904914
20 0.00010680698143283585
30 4.0740807350669343e-05
40 2.64264696328666e-05
50 1.7617646421911066e-05
60 2.0920955126019392e-05
70 1.2112131915063859e-05
80 1.0643994713237936e-05
90 7.707720309586092e-06
100 6.60661740821665e-06
110 8.074754610042572e-06
120 5.138480206390728e-06
130 6.60661740821665e-06
140 5.138480206390728e-06
150 4.771445905934247e-06
160 3.6703430045648058e-06
170 2.569240103195364e-06
180 4.771445905934247e-06
190 2.9362744036518445e-06
200 1.981985222464995e-05
300 2.8628675435605485e-05
400 2.3857229529671235e-05
500 2.3857229529671235e-05
600 1.7250612121454587e-05
700 1.4314337717802742e-05
800 6.60661740821665e-06
900 1.247916621552034e-05
1000 4.4044116054777666e-05
2000 3.376715564199621e-05
3000 1.2112131915063859e-05
4000 5.872548807303689e-06
5000 5.872548807303689e-06
6000 3.303308704108325e-06
7000 1.8351715022824029e-06
8000 1.4681372018259223e-06
9000 1.8351715022824029e-06
10000 1.1011029013694416e-06
20000 5.872548807303689e-06
40000 1.1011029013694416e-06
60000 3.6703430045648057e-07
80000 3.6703430045648057e-07
100000 3.6703430045648057e-07
28200
10 3.6703430045648057e-07
1050
1 1.0276960412781456e-05
10 1.1745097614607378e-05
20 2.2022058027388833e-06
30 1.1011029013694416e-06
40 7.340686009129611e-07
50 3.6703430045648057e-07
60 3.6703430045648057e-07
70 1.1011029013694416e-06
80 3.6703430045648057e-07
90 7.340686009129611e-07
120 3.6703430045648057e-07
130 7.340686009129611e-07
150 3.6703430045648057e-07
170 3.6703430045648057e-07
200 7.340686009129611e-07
300 7.340686009129611e-07
400 1.4681372018259223e-06
500 1.1011029013694416e-06
600 1.1011029013694416e-06
700 1.1011029013694416e-06
800 1.1011029013694416e-06
900 7.340686009129611e-07
1000 2.9362744036518445e-06
2000 3.303308704108325e-06
3000 3.6703430045648057e-07
4000 3.6703430045648057e-07
7000 3.6703430045648057e-07
8
1 0.002404441702290404
10 0.0022044080085416224
20 0.0005986329440445198
30 0.0002844515828537724
40 0.0002059062425560856
50 0.000132132348164333
60 0.00010680698143283585
70 8.992340361183773e-05
80 6.863541418536187e-05
90 5.835845377258041e-05
100 4.4044116054777666e-05
110 3.523529284382213e-05
120 3.303308704108325e-05
130 3.156494983925733e-05
140 3.156494983925733e-05
150 2.532536673149716e-05
160 2.018688652510643e-05
170 1.798468072236755e-05
180 2.0920955126019392e-05
190 2.128798942647587e-05
200 0.00010827511863466176
300 0.0001435104114784839
400 0.0001170839418456173
500 0.00010680698143283585
600 8.258271760270812e-05
700 6.680024268307947e-05
800 6.826837988490538e-05
900 8.331678620362109e-05
1000 0.00026499876492957895
2000 0.00042539275422906096
3000 9.359374661640254e-05
4000 6.60661740821665e-05
5000 3.486825854336565e-05
6000 2.8628675435605485e-05
7000 1.981985222464995e-05
8000 1.8351715022824028e-05
9000 1.32132348164333e-05
10000 5.505514506847208e-06
20000 7.487499729312203e-05
40000 7.707720309586092e-06
60000 2.569240103195364e-06
80000 7.340686009129611e-07
100000 1.1011029013694416e-06
200000 1.1011029013694416e-06
300000 7.340686009129611e-07
500000 3.6703430045648057e-07
7000
1 7.340686009129611e-07
10 3.6703430045648057e-07
30 3.6703430045648057e-07
40 3.6703430045648057e-07
500 3.6703430045648057e-07
32
1 0.0003883222898829564
10 0.00036116175164917685
20 0.00010900918723557473
30 4.881556196071191e-05
40 3.266605274062677e-05
50 1.908578362373699e-05
60 1.2846200515976819e-05
70 1.6883577820998105e-05
80 9.542891811868495e-06
90 7.3406860091296115e-06
100 5.138480206390728e-06
110 8.441788910499052e-06
120 2.9362744036518445e-06
130 5.138480206390728e-06
140 5.505514506847208e-06
150 4.404411605477767e-06
160 2.9362744036518445e-06
170 4.404411605477767e-06
180 2.2022058027388833e-06
190 4.037377305021286e-06
200 2.2756126628301795e-05
300 3.303308704108325e-05
400 2.532536673149716e-05
500 2.128798942647587e-05
600 2.2022058027388833e-05
700 1.4314337717802742e-05
800 1.6149509220085143e-05
900 1.6883577820998105e-05
1000 5.248590496527672e-05
2000 3.890563584838694e-05
3000 1.6149509220085143e-05
4000 4.404411605477767e-06
5000 4.771445905934247e-06
6000 4.404411605477767e-06
7000 1.4681372018259223e-06
8000 2.9362744036518445e-06
9000 1.4681372018259223e-06
20000 7.3406860091296115e-06
40000 1.1011029013694416e-06
100000 3.6703430045648057e-07
500000 3.6703430045648057e-07
1700
1 4.037377305021286e-06
10 4.404411605477767e-06
20 3.6703430045648057e-07
30 2.2022058027388833e-06
50 7.340686009129611e-07
60 3.6703430045648057e-07
70 3.6703430045648057e-07
110 3.6703430045648057e-07
120 3.6703430045648057e-07
140 3.6703430045648057e-07
160 3.6703430045648057e-07
300 7.340686009129611e-07
400 1.1011029013694416e-06
500 7.340686009129611e-07
800 3.6703430045648057e-07
1000 7.340686009129611e-07
2000 3.6703430045648057e-07
3000 3.6703430045648057e-07
6000 3.6703430045648057e-07
4750
1 1.4681372018259223e-06
24
1 0.0006353363740901678
10 0.0006228572078746475
20 0.00016112805790039497
30 6.863541418536187e-05
40 4.367708175432118e-05
50 3.817156724747398e-05
60 2.495833243104068e-05
70 2.0920955126019392e-05
80 1.8718749323280507e-05
90 1.1011029013694416e-05
100 1.358026911688978e-05
110 8.441788910499052e-06
120 9.909926112324976e-06
130 7.707720309586092e-06
140 6.23958310776017e-06
150 6.60661740821665e-06
160 5.138480206390728e-06
170 5.505514506847208e-06
180 8.441788910499052e-06
190 5.138480206390728e-06
200 3.7437498646561014e-05
300 4.698039045842951e-05
400 3.59693614447351e-05
500 2.752757253423604e-05
600 2.8261641135149002e-05
700 1.7617646421911066e-05
800 1.7617646421911066e-05
900 2.1655023726932354e-05
1000 6.643320838262298e-05
2000 7.597610019449148e-05
3000 2.0920955126019392e-05
4000 1.1378063314150897e-05
5000 7.3406860091296115e-06
6000 4.037377305021286e-06
7000 2.569240103195364e-06
8000 3.303308704108325e-06
9000 2.9362744036518445e-06
10000 1.1011029013694416e-06
20000 1.0643994713237936e-05
40000 1.1011029013694416e-06
80000 7.340686009129611e-07
100000 7.340686009129611e-07
200000 7.340686009129611e-07
300000 3.6703430045648057e-07
500000 3.6703430045648057e-07
600000 3.6703430045648057e-07
950
1 1.3947303417346261e-05
10 1.4314337717802742e-05
20 2.2022058027388833e-06
30 3.6703430045648057e-07
40 3.6703430045648057e-07
50 1.1011029013694416e-06
60 1.4681372018259223e-06
70 1.1011029013694416e-06
80 1.1011029013694416e-06
100 3.6703430045648057e-07
120 1.1011029013694416e-06
170 3.6703430045648057e-07
190 3.6703430045648057e-07
200 1.8351715022824029e-06
300 1.4681372018259223e-06
400 2.2022058027388833e-06
500 1.4681372018259223e-06
600 1.1011029013694416e-06
800 7.340686009129611e-07
900 7.340686009129611e-07
1000 4.037377305021286e-06
2000 1.8351715022824029e-06
3000 7.340686009129611e-07
5000 3.6703430045648057e-07
2600
1 2.9362744036518445e-06
10 1.4681372018259223e-06
20 7.340686009129611e-07
70 3.6703430045648057e-07
200 3.6703430045648057e-07
300 3.6703430045648057e-07
500 3.6703430045648057e-07
600 7.340686009129611e-07
900 3.6703430045648057e-07
1000 3.6703430045648057e-07
12800
1 7.340686009129611e-07
10 7.340686009129611e-07
260
1 7.487499729312203e-05
10 5.982659097440633e-05
20 1.945281792419347e-05
30 6.23958310776017e-06
40 6.23958310776017e-06
50 5.505514506847208e-06
60 5.872548807303689e-06
70 3.6703430045648058e-06
80 1.8351715022824029e-06
90 2.2022058027388833e-06
100 1.4681372018259223e-06
110 1.4681372018259223e-06
120 3.6703430045648057e-07
130 7.340686009129611e-07
140 7.340686009129611e-07
150 7.340686009129611e-07
160 7.340686009129611e-07
180 1.4681372018259223e-06
190 1.4681372018259223e-06
200 4.404411605477767e-06
300 1.1745097614607378e-05
400 7.707720309586092e-06
500 6.973651708673131e-06
600 5.872548807303689e-06
700 2.2022058027388833e-06
800 2.569240103195364e-06
900 4.037377305021286e-06
1000 8.441788910499052e-06
2000 6.60661740821665e-06
3000 3.303308704108325e-06
4000 3.6703430045648057e-07
5000 1.1011029013694416e-06
6000 3.6703430045648057e-07
8000 3.6703430045648057e-07
9000 3.6703430045648057e-07
20000 7.340686009129611e-07
420
1 2.64264696328666e-05
10 2.9362744036518446e-05
20 6.60661740821665e-06
30 3.303308704108325e-06
40 5.505514506847208e-06
50 2.9362744036518445e-06
60 3.6703430045648057e-07
70 7.340686009129611e-07
80 7.340686009129611e-07
90 1.1011029013694416e-06
100 3.6703430045648057e-07
110 3.6703430045648057e-07
120 1.1011029013694416e-06
130 3.6703430045648057e-07
140 3.6703430045648057e-07
150 3.6703430045648057e-07
160 1.1011029013694416e-06
170 7.340686009129611e-07
200 2.9362744036518445e-06
300 4.771445905934247e-06
400 2.569240103195364e-06
500 1.4681372018259223e-06
600 2.9362744036518445e-06
700 7.340686009129611e-07
800 1.8351715022824029e-06
900 2.569240103195364e-06
1000 2.569240103195364e-06
2000 2.9362744036518445e-06
3000 2.2022058027388833e-06
4000 3.6703430045648057e-07
5000 7.340686009129611e-07
20000 3.6703430045648057e-07
9400
1 3.6703430045648057e-07
10 3.6703430045648057e-07
20 3.6703430045648057e-07
160 3.6703430045648057e-07
1000 3.6703430045648057e-07
3700
1 1.8351715022824029e-06
10 7.340686009129611e-07
30 3.6703430045648057e-07
400 3.6703430045648057e-07
5400
1 7.340686009129611e-07
10 1.4681372018259223e-06
20 3.6703430045648057e-07
50 3.6703430045648057e-07
60 3.6703430045648057e-07
100 3.6703430045648057e-07
400 3.6703430045648057e-07
500 3.6703430045648057e-07
600 7.340686009129611e-07
1000 3.6703430045648057e-07
20200
30 3.6703430045648057e-07
340
1 3.59693614447351e-05
10 4.037377305021286e-05
20 1.2112131915063859e-05
30 4.404411605477767e-06
40 3.6703430045648058e-06
50 4.404411605477767e-06
60 1.8351715022824029e-06
70 1.1011029013694416e-06
80 1.4681372018259223e-06
90 3.6703430045648057e-07
100 1.4681372018259223e-06
110 3.6703430045648057e-07
130 3.6703430045648057e-07
150 3.6703430045648057e-07
160 7.340686009129611e-07
170 7.340686009129611e-07
180 7.340686009129611e-07
200 1.4681372018259223e-06
300 7.707720309586092e-06
400 4.037377305021286e-06
500 3.6703430045648058e-06
600 2.569240103195364e-06
700 2.569240103195364e-06
800 1.4681372018259223e-06
900 2.2022058027388833e-06
1000 8.441788910499052e-06
2000 4.771445905934247e-06
3000 1.8351715022824029e-06
4000 1.4681372018259223e-06
5000 3.6703430045648057e-07
6000 3.6703430045648057e-07
3050
1 1.1011029013694416e-06
10 1.1011029013694416e-06
20 7.340686009129611e-07
40 3.6703430045648057e-07
120 3.6703430045648057e-07
200 3.6703430045648057e-07
2000 3.6703430045648057e-07
4000 3.6703430045648057e-07
16
1 0.001310679486930092
10 0.0012515869645565987
20 0.00032225611580078995
30 0.0001471807544830487
40 8.69871292081859e-05
50 6.826837988490538e-05
60 6.019362527486281e-05
70 4.1107841651125826e-05
80 3.4501224242909174e-05
90 3.413418994245269e-05
100 2.8628675435605485e-05
110 2.0553920825562913e-05
120 2.2756126628301795e-05
130 1.7250612121454587e-05
140 1.0643994713237936e-05
150 1.32132348164333e-05
160 1.1745097614607378e-05
170 1.4314337717802742e-05
180 1.5782474919628664e-05
190 1.1011029013694416e-05
200 5.395404216710264e-05
300 7.230575718992666e-05
400 7.340686009129611e-05
500 6.680024268307947e-05
600 5.4688110768015605e-05
700 4.7347424758885995e-05
800 3.6703430045648056e-05
900 4.551225325660359e-05
1000 0.00012662683365748578
2000 0.0001941611449414782
3000 4.808149335979895e-05
4000 2.4591298130584197e-05
5000 1.5415440619172185e-05
6000 1.0276960412781456e-05
7000 6.23958310776017e-06
8000 8.074754610042572e-06
9000 5.505514506847208e-06
10000 2.9362744036518445e-06
20000 2.5692401031953638e-05
40000 2.569240103195364e-06
80000 7.340686009129611e-07
100000 7.340686009129611e-07
200000 3.6703430045648057e-07
400000 3.6703430045648057e-07
77000
20 3.6703430045648057e-07
10200
1 3.6703430045648057e-07
130 3.6703430045648057e-07
300 3.6703430045648057e-07
161800
1000 3.6703430045648057e-07
37800
40 3.6703430045648057e-07
3850
10 1.1011029013694416e-06
20 3.6703430045648057e-07
30 3.6703430045648057e-07
200 3.6703430045648057e-07
500 3.6703430045648057e-07
700 3.6703430045648057e-07
8600
1 3.6703430045648057e-07
20 7.340686009129611e-07
30 3.6703430045648057e-07
60 7.340686009129611e-07
140 3.6703430045648057e-07
800 3.6703430045648057e-07
1000 3.6703430045648057e-07
2000 3.6703430045648057e-07
13800
10 3.6703430045648057e-07
90 3.6703430045648057e-07
500 3.6703430045648057e-07
3800
1 7.340686009129611e-07
10 3.6703430045648057e-07
40 3.6703430045648057e-07
50 3.6703430045648057e-07
180 3.6703430045648057e-07
200 3.6703430045648057e-07
600 3.6703430045648057e-07
12600
60 3.6703430045648057e-07
300 3.6703430045648057e-07
23400
70 3.6703430045648057e-07
80 3.6703430045648057e-07
2000 3.6703430045648057e-07
53600
2000 3.6703430045648057e-07
34000
2000 3.6703430045648057e-07
11400
10 3.6703430045648057e-07
1000 3.6703430045648057e-07
4300
1 1.1011029013694416e-06
10 7.340686009129611e-07
200 3.6703430045648057e-07
300 7.340686009129611e-07
13400
1 7.340686009129611e-07
170 3.6703430045648057e-07
300 3.6703430045648057e-07
2000 3.6703430045648057e-07
2850
1 1.1011029013694416e-06
10 1.1011029013694416e-06
20 3.6703430045648057e-07
40 3.6703430045648057e-07
50 3.6703430045648057e-07
200 7.340686009129611e-07
300 1.1011029013694416e-06
500 3.6703430045648057e-07
800 3.6703430045648057e-07
1000 3.6703430045648057e-07
4000 3.6703430045648057e-07
23800
10 3.6703430045648057e-07
300 3.6703430045648057e-07
3900
1 7.340686009129611e-07
20 7.340686009129611e-07
1000 3.6703430045648057e-07
2000 3.6703430045648057e-07
26200
1 3.6703430045648057e-07
40 3.6703430045648057e-07
70 3.6703430045648057e-07
750
1 2.3490195229214756e-05
10 1.6149509220085143e-05
20 5.138480206390728e-06
30 1.8351715022824029e-06
40 2.569240103195364e-06
50 1.1011029013694416e-06
60 1.4681372018259223e-06
70 1.1011029013694416e-06
80 3.6703430045648057e-07
90 3.6703430045648057e-07
110 1.1011029013694416e-06
130 3.6703430045648057e-07
140 1.1011029013694416e-06
150 3.6703430045648057e-07
170 3.6703430045648057e-07
180 3.6703430045648057e-07
200 1.8351715022824029e-06
300 2.569240103195364e-06
400 1.4681372018259223e-06
500 1.8351715022824029e-06
600 2.569240103195364e-06
700 2.569240103195364e-06
800 2.2022058027388833e-06
900 3.303308704108325e-06
1000 4.037377305021286e-06
2000 4.404411605477767e-06
3000 1.1011029013694416e-06
4000 3.6703430045648057e-07
5000 3.6703430045648057e-07
7000 3.6703430045648057e-07
25400
60 3.6703430045648057e-07
5000 3.6703430045648057e-07
4200
1 7.340686009129611e-07
10 3.6703430045648057e-07
50 3.6703430045648057e-07
80 3.6703430045648057e-07
180 3.6703430045648057e-07
200 3.6703430045648057e-07
300 3.6703430045648057e-07
400 3.6703430045648057e-07
800 3.6703430045648057e-07
2300
1 2.9362744036518445e-06
10 2.2022058027388833e-06
20 7.340686009129611e-07
30 3.6703430045648057e-07
500 7.340686009129611e-07
800 3.6703430045648057e-07
1000 7.340686009129611e-07
2000 3.6703430045648057e-07
31400
10 3.6703430045648057e-07
20 3.6703430045648057e-07
2000 3.6703430045648057e-07
9200
1 3.6703430045648057e-07
10 3.6703430045648057e-07
30 3.6703430045648057e-07
200 3.6703430045648057e-07
700 3.6703430045648057e-07
800 3.6703430045648057e-07
3350
1 7.340686009129611e-07
10 1.8351715022824029e-06
20 3.6703430045648057e-07
30 1.1011029013694416e-06
40 3.6703430045648057e-07
200 3.6703430045648057e-07
900 3.6703430045648057e-07
1000 3.6703430045648057e-07
3000 3.6703430045648057e-07
4000 3.6703430045648057e-07
6800
1 1.1011029013694416e-06
10 3.6703430045648057e-07
20 3.6703430045648057e-07
300 3.6703430045648057e-07
1000 3.6703430045648057e-07
2000 3.6703430045648057e-07
12200
10 3.6703430045648057e-07
20 3.6703430045648057e-07
2000 3.6703430045648057e-07
3450
1 3.6703430045648057e-07
10 7.340686009129611e-07
30 3.6703430045648057e-07
50 3.6703430045648057e-07
150 3.6703430045648057e-07
200 3.6703430045648057e-07
2250
1 1.4681372018259223e-06
10 2.2022058027388833e-06
20 3.6703430045648057e-07
30 3.6703430045648057e-07
160 3.6703430045648057e-07
200 3.6703430045648057e-07
400 1.4681372018259223e-06
500 3.6703430045648057e-07
600 3.6703430045648057e-07
800 3.6703430045648057e-07
1000 1.1011029013694416e-06
2000 1.1011029013694416e-06
4000 3.6703430045648057e-07
2100
1 2.2022058027388833e-06
10 2.569240103195364e-06
20 1.1011029013694416e-06
30 3.6703430045648057e-07
50 3.6703430045648057e-07
60 3.6703430045648057e-07
200 3.6703430045648057e-07
300 3.6703430045648057e-07
400 1.1011029013694416e-06
500 3.6703430045648057e-07
600 7.340686009129611e-07
2000 3.6703430045648057e-07
9000 3.6703430045648057e-07
20000 3.6703430045648057e-07
200000 3.6703430045648057e-07
380
1 2.8628675435605485e-05
10 3.0463846937887887e-05
20 6.23958310776017e-06
30 4.404411605477767e-06
40 2.2022058027388833e-06
50 4.771445905934247e-06
60 7.340686009129611e-07
70 1.4681372018259223e-06
80 3.6703430045648057e-07
90 3.6703430045648057e-07
100 3.6703430045648057e-07
110 3.6703430045648057e-07
120 3.6703430045648057e-07
130 7.340686009129611e-07
140 7.340686009129611e-07
160 1.1011029013694416e-06
170 3.6703430045648057e-07
190 3.6703430045648057e-07
200 2.2022058027388833e-06
300 5.138480206390728e-06
400 3.6703430045648058e-06
500 2.569240103195364e-06
600 1.8351715022824029e-06
700 1.4681372018259223e-06
800 3.6703430045648057e-07
900 2.569240103195364e-06
1000 5.505514506847208e-06
2000 4.037377305021286e-06
3000 1.4681372018259223e-06
4000 1.1011029013694416e-06
5000 7.340686009129611e-07
8000 7.340686009129611e-07
10000 3.6703430045648057e-07
40000 3.6703430045648057e-07
500000 3.6703430045648057e-07
26400
10 3.6703430045648057e-07
46400
600 3.6703430045648057e-07
83400
1 3.6703430045648057e-07
95200
60 3.6703430045648057e-07
130600
900 3.6703430045648057e-07
48800
900 3.6703430045648057e-07
129600
1 3.6703430045648057e-07
49800
10 3.6703430045648057e-07
56400
30 3.6703430045648057e-07
41400
1 3.6703430045648057e-07
180 3.6703430045648057e-07
30800
10 3.6703430045648057e-07
1000 3.6703430045648057e-07
53800
20 3.6703430045648057e-07
26
1 0.000565966891303893
10 0.0005197205694463764
20 0.0001376378626711802
30 6.97365170867313e-05
40 3.927267014884342e-05
50 2.752757253423604e-05
60 2.5692401031953638e-05
70 2.1655023726932354e-05
80 1.6149509220085143e-05
90 9.909926112324976e-06
100 1.1378063314150897e-05
110 1.247916621552034e-05
120 6.23958310776017e-06
130 9.175857511412014e-06
140 5.138480206390728e-06
150 4.037377305021286e-06
160 2.2022058027388833e-06
170 5.872548807303689e-06
180 6.23958310776017e-06
190 4.404411605477767e-06
200 2.2756126628301795e-05
300 4.037377305021286e-05
400 3.0463846937887887e-05
500 2.9729778336974925e-05
600 2.716053823377956e-05
700 2.128798942647587e-05
800 1.3947303417346261e-05
900 2.0553920825562913e-05
1000 7.010355138718778e-05
2000 6.533210548125354e-05
3000 1.945281792419347e-05
4000 1.1011029013694416e-05
5000 6.973651708673131e-06
6000 6.973651708673131e-06
7000 2.569240103195364e-06
8000 2.9362744036518445e-06
9000 2.2022058027388833e-06
10000 7.340686009129611e-07
20000 1.0276960412781456e-05
40000 1.1011029013694416e-06
60000 1.4681372018259223e-06
200000 3.6703430045648057e-07
600000 3.6703430045648057e-07
6200
1 3.6703430045648057e-07
10 2.2022058027388833e-06
20 3.6703430045648057e-07
50 3.6703430045648057e-07
150 3.6703430045648057e-07
300 3.6703430045648057e-07
500 3.6703430045648057e-07
600 3.6703430045648057e-07
900 3.6703430045648057e-07
3000 3.6703430045648057e-07
8200
1 3.6703430045648057e-07
10 7.340686009129611e-07
20 3.6703430045648057e-07
30 7.340686009129611e-07
60 3.6703430045648057e-07
200 3.6703430045648057e-07
300 3.6703430045648057e-07
600 3.6703430045648057e-07
3000 3.6703430045648057e-07
3300
1 1.1011029013694416e-06
10 1.8351715022824029e-06
30 3.6703430045648057e-07
110 3.6703430045648057e-07
190 3.6703430045648057e-07
400 3.6703430045648057e-07
500 3.6703430045648057e-07
600 3.6703430045648057e-07
700 7.340686009129611e-07
16800
40 3.6703430045648057e-07
50 3.6703430045648057e-07
18400
20 3.6703430045648057e-07
2000 3.6703430045648057e-07
28
1 0.00048815561960711913
10 0.0004742083161897729
20 0.00013543565686844133
30 5.615624796984153e-05
40 3.59693614447351e-05
50 3.0463846937887887e-05
60 2.1655023726932354e-05
70 1.4314337717802742e-05
80 1.32132348164333e-05
90 1.0276960412781456e-05
100 1.0643994713237936e-05
110 8.441788910499052e-06
120 6.23958310776017e-06
130 5.505514506847208e-06
140 6.60661740821665e-06
150 4.404411605477767e-06
160 3.303308704108325e-06
170 3.303308704108325e-06
180 2.569240103195364e-06
190 5.505514506847208e-06
200 2.018688652510643e-05
300 3.6703430045648056e-05
400 3.083088123834437e-05
500 2.3123160928758274e-05
600 2.0920955126019392e-05
700 1.4681372018259223e-05
800 1.32132348164333e-05
900 1.8718749323280507e-05
1000 6.239583107760169e-05
2000 5.065073346299432e-05
3000 1.6883577820998105e-05
4000 8.441788910499052e-06
5000 7.3406860091296115e-06
6000 4.037377305021286e-06
7000 4.771445905934247e-06
8000 2.9362744036518445e-06
9000 1.4681372018259223e-06
10000 7.340686009129611e-07
20000 1.0276960412781456e-05
40000 2.2022058027388833e-06
60000 2.2022058027388833e-06
200000 3.6703430045648057e-07
300000 3.6703430045648057e-07
12000
3000 3.6703430045648057e-07
55000
70 3.6703430045648057e-07
22600
20 3.6703430045648057e-07
300
1 5.945955667394985e-05
10 5.3587007866646164e-05
20 1.4681372018259223e-05
30 8.074754610042572e-06
40 3.303308704108325e-06
50 1.8351715022824029e-06
60 5.138480206390728e-06
70 3.303308704108325e-06
80 1.4681372018259223e-06
90 1.4681372018259223e-06
100 1.8351715022824029e-06
110 1.4681372018259223e-06
140 1.1011029013694416e-06
150 7.340686009129611e-07
170 7.340686009129611e-07
190 1.1011029013694416e-06
200 6.23958310776017e-06
300 4.771445905934247e-06
400 4.404411605477767e-06
500 5.138480206390728e-06
600 4.404411605477767e-06
700 2.2022058027388833e-06
800 4.404411605477767e-06
900 3.6703430045648058e-06
1000 7.3406860091296115e-06
2000 7.3406860091296115e-06
3000 7.340686009129611e-07
4000 1.1011029013694416e-06
6000 7.340686009129611e-07
8000 3.6703430045648057e-07
20000 3.6703430045648057e-07
40000 7.340686009129611e-07
300000 3.6703430045648057e-07
440
1 2.018688652510643e-05
10 3.0463846937887887e-05
20 4.404411605477767e-06
30 4.037377305021286e-06
40 1.8351715022824029e-06
50 1.8351715022824029e-06
60 1.4681372018259223e-06
70 7.340686009129611e-07
80 3.6703430045648057e-07
90 3.6703430045648057e-07
110 7.340686009129611e-07
120 3.6703430045648057e-07
140 3.6703430045648057e-07
160 3.6703430045648057e-07
180 3.6703430045648057e-07
190 3.6703430045648057e-07
200 1.1011029013694416e-06
300 2.9362744036518445e-06
400 3.303308704108325e-06
500 1.8351715022824029e-06
600 7.340686009129611e-07
700 7.340686009129611e-07
800 1.1011029013694416e-06
900 2.569240103195364e-06
1000 1.4681372018259223e-06
2000 1.4681372018259223e-06
3000 1.8351715022824029e-06
4000 7.340686009129611e-07
5000 3.6703430045648057e-07
6000 3.6703430045648057e-07
40000 3.6703430045648057e-07
300000 3.6703430045648057e-07
700000 3.6703430045648057e-07
800
1 2.2389092327845315e-05
10 1.8351715022824028e-05
20 2.569240103195364e-06
30 2.569240103195364e-06
40 7.340686009129611e-07
50 1.1011029013694416e-06
60 1.1011029013694416e-06
70 2.9362744036518445e-06
80 7.340686009129611e-07
90 3.6703430045648057e-07
100 3.6703430045648057e-07
120 7.340686009129611e-07
150 3.6703430045648057e-07
160 3.6703430045648057e-07
170 1.1011029013694416e-06
190 3.6703430045648057e-07
200 2.9362744036518445e-06
300 1.4681372018259223e-06
400 1.4681372018259223e-06
500 1.8351715022824029e-06
600 1.8351715022824029e-06
700 7.340686009129611e-07
800 7.340686009129611e-07
900 1.1011029013694416e-06
1000 3.303308704108325e-06
2000 3.303308704108325e-06
3000 1.1011029013694416e-06
4000 3.6703430045648057e-07
5000 3.6703430045648057e-07
6000 3.6703430045648057e-07
20000 7.340686009129611e-07
16200
1000 3.6703430045648057e-07
13000
300 3.6703430045648057e-07
1000 3.6703430045648057e-07
121200
900 3.6703430045648057e-07
10000
10 7.340686009129611e-07
20 3.6703430045648057e-07
30 3.6703430045648057e-07
300 3.6703430045648057e-07
3000
1 1.1011029013694416e-06
10 7.340686009129611e-07
140 7.340686009129611e-07
400 3.6703430045648057e-07
600 3.6703430045648057e-07
2000 3.6703430045648057e-07
4000 3.6703430045648057e-07
21200
1 3.6703430045648057e-07
20 3.6703430045648057e-07
44
1 0.00021214582566384576
10 0.00019159190483828285
20 5.542217936892856e-05
30 2.0553920825562913e-05
40 1.7617646421911066e-05
50 2.2022058027388833e-05
60 8.074754610042572e-06
70 7.707720309586092e-06
80 4.771445905934247e-06
90 7.707720309586092e-06
100 5.138480206390728e-06
110 2.2022058027388833e-06
120 2.569240103195364e-06
130 2.9362744036518445e-06
140 3.303308704108325e-06
150 6.60661740821665e-06
160 5.138480206390728e-06
170 4.771445905934247e-06
180 1.8351715022824029e-06
190 1.8351715022824029e-06
200 1.2846200515976819e-05
300 2.1655023726932354e-05
400 1.5415440619172185e-05
500 1.0276960412781456e-05
600 1.0276960412781456e-05
700 8.074754610042572e-06
800 8.074754610042572e-06
900 8.808823210955533e-06
1000 2.4224263830127718e-05
2000 2.018688652510643e-05
3000 7.3406860091296115e-06
4000 2.9362744036518445e-06
5000 3.6703430045648058e-06
6000 1.1011029013694416e-06
7000 1.8351715022824029e-06
8000 7.340686009129611e-07
9000 3.6703430045648057e-07
20000 4.404411605477767e-06
40000 7.340686009129611e-07
100000 7.340686009129611e-07
30
1 0.0004474148122564498
10 0.0004110784165112582
20 0.00011634987324470434
30 5.0283699162537835e-05
40 2.8995709736061964e-05
50 2.4591298130584197e-05
60 1.5782474919628664e-05
70 1.7617646421911066e-05
80 1.5415440619172185e-05
90 1.32132348164333e-05
100 1.0643994713237936e-05
110 6.23958310776017e-06
120 5.138480206390728e-06
130 5.138480206390728e-06
140 3.6703430045648058e-06
150 4.404411605477767e-06
160 5.138480206390728e-06
170 5.138480206390728e-06
180 2.9362744036518445e-06
190 4.404411605477767e-06
200 1.945281792419347e-05
300 2.9362744036518446e-05
400 3.0096812637431404e-05
500 2.3857229529671235e-05
600 1.7617646421911066e-05
700 1.5048406318715702e-05
800 1.358026911688978e-05
900 1.8718749323280507e-05
1000 6.019362527486281e-05
2000 3.927267014884342e-05
3000 1.5415440619172185e-05
4000 9.175857511412014e-06
5000 4.037377305021286e-06
6000 4.404411605477767e-06
7000 1.4681372018259223e-06
8000 2.569240103195364e-06
9000 1.1011029013694416e-06
10000 7.340686009129611e-07
20000 8.074754610042572e-06
40000 1.4681372018259223e-06
60000 7.340686009129611e-07
80000 3.6703430045648057e-07
100000 3.6703430045648057e-07
200000 3.6703430045648057e-07
300000 7.340686009129611e-07
400000 3.6703430045648057e-07
360
1 3.6336395745191573e-05
10 3.890563584838694e-05
20 8.441788910499052e-06
30 2.2022058027388833e-06
40 2.569240103195364e-06
50 3.6703430045648058e-06
60 3.6703430045648058e-06
70 7.340686009129611e-07
80 1.4681372018259223e-06
90 1.4681372018259223e-06
100 3.6703430045648057e-07
110 1.1011029013694416e-06
120 7.340686009129611e-07
130 7.340686009129611e-07
140 2.2022058027388833e-06
150 3.6703430045648057e-07
160 7.340686009129611e-07
170 3.6703430045648057e-07
200 1.8351715022824029e-06
300 2.2022058027388833e-06
400 3.6703430045648058e-06
500 7.340686009129611e-07
600 2.9362744036518445e-06
700 1.1011029013694416e-06
800 1.1011029013694416e-06
900 3.303308704108325e-06
1000 8.808823210955533e-06
2000 6.60661740821665e-06
3000 1.8351715022824029e-06
4000 1.1011029013694416e-06
5000 7.340686009129611e-07
20000 3.6703430045648057e-07
100000 3.6703430045648057e-07
21000
10 3.6703430045648057e-07
900 3.6703430045648057e-07
24600
1 3.6703430045648057e-07
20 3.6703430045648057e-07
2000 3.6703430045648057e-07
11200
1 3.6703430045648057e-07
10 7.340686009129611e-07
200 3.6703430045648057e-07
95600
30 3.6703430045648057e-07
1600
1 3.6703430045648058e-06
10 4.771445905934247e-06
20 7.340686009129611e-07
30 3.6703430045648057e-07
40 7.340686009129611e-07
70 7.340686009129611e-07
110 7.340686009129611e-07
130 3.6703430045648057e-07
160 3.6703430045648057e-07
200 1.1011029013694416e-06
300 1.1011029013694416e-06
400 1.4681372018259223e-06
500 3.6703430045648057e-07
600 1.1011029013694416e-06
700 7.340686009129611e-07
900 3.6703430045648057e-07
1000 7.340686009129611e-07
2000 2.569240103195364e-06
4000 3.6703430045648057e-07
5000 3.6703430045648057e-07
80000 3.6703430045648057e-07
119800
80 3.6703430045648057e-07
42
1 0.0002341678836912346
10 0.00022058761457434482
20 5.175183636436376e-05
30 3.0463846937887887e-05
40 2.0920955126019392e-05
50 2.1655023726932354e-05
60 8.441788910499052e-06
70 6.23958310776017e-06
80 8.441788910499052e-06
90 6.60661740821665e-06
100 3.6703430045648058e-06
110 1.8351715022824029e-06
120 4.037377305021286e-06
130 1.8351715022824029e-06
140 2.9362744036518445e-06
150 3.303308704108325e-06
160 5.505514506847208e-06
170 3.303308704108325e-06
180 2.569240103195364e-06
190 2.569240103195364e-06
200 1.1011029013694416e-05
300 2.0920955126019392e-05
400 1.8351715022824028e-05
500 1.2112131915063859e-05
600 1.0276960412781456e-05
700 7.3406860091296115e-06
800 9.542891811868495e-06
900 9.542891811868495e-06
1000 2.3490195229214756e-05
2000 1.8351715022824028e-05
3000 7.707720309586092e-06
4000 4.037377305021286e-06
5000 3.303308704108325e-06
6000 1.8351715022824029e-06
7000 3.6703430045648057e-07
8000 1.1011029013694416e-06
9000 1.1011029013694416e-06
10000 7.340686009129611e-07
20000 3.6703430045648058e-06
40000 3.6703430045648057e-07
80000 3.6703430045648057e-07
31800
1 3.6703430045648057e-07
14200
10 3.6703430045648057e-07
200 3.6703430045648057e-07
500 3.6703430045648057e-07
36
1 0.00030684067518161776
10 0.0003042714350784224
20 8.88223007104683e-05
30 3.486825854336565e-05
40 2.2756126628301795e-05
50 1.798468072236755e-05
60 1.247916621552034e-05
70 7.707720309586092e-06
80 8.074754610042572e-06
90 7.707720309586092e-06
100 2.9362744036518445e-06
110 4.404411605477767e-06
120 4.771445905934247e-06
130 3.303308704108325e-06
140 4.037377305021286e-06
150 1.4681372018259223e-06
160 5.138480206390728e-06
170 2.569240103195364e-06
180 2.2022058027388833e-06
190 2.9362744036518445e-06
200 1.4314337717802742e-05
300 2.4591298130584197e-05
400 2.2756126628301795e-05
500 1.945281792419347e-05
600 1.5048406318715702e-05
700 7.3406860091296115e-06
800 9.909926112324976e-06
900 1.32132348164333e-05
1000 3.817156724747398e-05
2000 2.9362744036518446e-05
3000 1.1011029013694416e-05
4000 5.505514506847208e-06
5000 2.9362744036518445e-06
6000 1.8351715022824029e-06
7000 1.8351715022824029e-06
8000 2.9362744036518445e-06
9000 7.340686009129611e-07
20000 5.505514506847208e-06
40000 3.6703430045648057e-07
500000 3.6703430045648057e-07
18
1 0.0010489840307046213
10 0.0009994344001429966
20 0.00027307351953962154
30 0.00012479166215520338
40 7.010355138718778e-05
50 6.753431128399242e-05
60 4.771445905934247e-05
70 3.927267014884342e-05
80 2.64264696328666e-05
90 1.8718749323280507e-05
100 1.7617646421911066e-05
110 1.7250612121454587e-05
120 1.6883577820998105e-05
130 1.6149509220085143e-05
140 1.247916621552034e-05
150 1.2846200515976819e-05
160 7.3406860091296115e-06
170 9.175857511412014e-06
180 1.1745097614607378e-05
190 7.707720309586092e-06
200 4.9182596261168394e-05
300 6.42310025798841e-05
400 5.799141947212393e-05
500 5.505514506847208e-05
600 3.6336395745191573e-05
700 3.413418994245269e-05
800 2.8995709736061964e-05
900 4.2943013153408225e-05
1000 0.00011011029013694416
2000 0.00013470158826752837
3000 3.413418994245269e-05
4000 2.128798942647587e-05
5000 1.1011029013694416e-05
6000 6.23958310776017e-06
7000 4.404411605477767e-06
8000 5.872548807303689e-06
9000 3.6703430045648058e-06
10000 7.340686009129611e-07
20000 1.7617646421911066e-05
40000 3.303308704108325e-06
60000 3.6703430045648057e-07
80000 1.4681372018259223e-06
100000 1.8351715022824029e-06
300000 3.6703430045648057e-07
400000 3.6703430045648057e-07
50
1 9.579595241914142e-05
10 8.11145804008822e-05
20 2.2756126628301795e-05
30 1.358026911688978e-05
40 6.23958310776017e-06
50 6.60661740821665e-06
60 3.303308704108325e-06
70 4.404411605477767e-06
80 1.8351715022824029e-06
90 3.6703430045648058e-06
100 1.8351715022824029e-06
110 1.1011029013694416e-06
120 1.1011029013694416e-06
140 7.340686009129611e-07
150 2.2022058027388833e-06
160 1.1011029013694416e-06
170 3.6703430045648057e-07
180 7.340686009129611e-07
190 7.340686009129611e-07
200 6.23958310776017e-06
300 8.441788910499052e-06
400 4.771445905934247e-06
500 4.771445905934247e-06
600 6.973651708673131e-06
700 3.6703430045648058e-06
800 1.1011029013694416e-06
900 2.569240103195364e-06
1000 8.074754610042572e-06
2000 5.505514506847208e-06
3000 2.9362744036518445e-06
4000 1.4681372018259223e-06
5000 3.6703430045648057e-07
7000 7.340686009129611e-07
10000 3.6703430045648057e-07
20000 1.4681372018259223e-06
200000 3.6703430045648057e-07
9800
60 3.6703430045648057e-07
200 3.6703430045648057e-07
500 7.340686009129611e-07
11800
10 3.6703430045648057e-07
500 3.6703430045648057e-07
9600
10 3.6703430045648057e-07
20 7.340686009129611e-07
400 3.6703430045648057e-07
2000 3.6703430045648057e-07
21800
700 3.6703430045648057e-07
4450
50 7.340686009129611e-07
300 3.6703430045648057e-07
500 3.6703430045648057e-07
800 3.6703430045648057e-07
900 3.6703430045648057e-07
1000 3.6703430045648057e-07
29600
1 3.6703430045648057e-07
1000 3.6703430045648057e-07
3250
1 1.4681372018259223e-06
10 1.1011029013694416e-06
20 3.6703430045648057e-07
70 3.6703430045648057e-07
110 3.6703430045648057e-07
200 3.6703430045648057e-07
300 7.340686009129611e-07
400 3.6703430045648057e-07
800 3.6703430045648057e-07
1000 3.6703430045648057e-07
2000 3.6703430045648057e-07
5800
1 7.340686009129611e-07
10 1.1011029013694416e-06
20 3.6703430045648057e-07
60 3.6703430045648057e-07
500 3.6703430045648057e-07
600 3.6703430045648057e-07
1000 3.6703430045648057e-07
2000 3.6703430045648057e-07
1200
1 5.505514506847208e-06
10 8.441788910499052e-06
20 2.2022058027388833e-06
30 7.340686009129611e-07
40 3.6703430045648057e-07
50 1.4681372018259223e-06
70 3.6703430045648057e-07
100 7.340686009129611e-07
110 3.6703430045648057e-07
200 1.1011029013694416e-06
300 7.340686009129611e-07
400 3.6703430045648057e-07
500 1.1011029013694416e-06
600 7.340686009129611e-07
700 7.340686009129611e-07
800 7.340686009129611e-07
1000 2.2022058027388833e-06
2000 1.1011029013694416e-06
200000 3.6703430045648057e-07
1450
1 4.037377305021286e-06
10 5.505514506847208e-06
20 2.2022058027388833e-06
30 7.340686009129611e-07
40 1.4681372018259223e-06
50 7.340686009129611e-07
60 7.340686009129611e-07
80 3.6703430045648057e-07
100 3.6703430045648057e-07
110 3.6703430045648057e-07
200 1.1011029013694416e-06
300 3.6703430045648057e-07
400 7.340686009129611e-07
500 7.340686009129611e-07
600 1.8351715022824029e-06
700 3.6703430045648057e-07
900 7.340686009129611e-07
1000 7.340686009129611e-07
2000 1.1011029013694416e-06
3000 7.340686009129611e-07
4000 3.6703430045648057e-07
20000 3.6703430045648057e-07
5000
1 2.569240103195364e-06
10 1.4681372018259223e-06
200 3.6703430045648057e-07
300 3.6703430045648057e-07
500 3.6703430045648057e-07
800 3.6703430045648057e-07
1000 3.6703430045648057e-07
2000 1.1011029013694416e-06
3000 3.6703430045648057e-07
4000 3.6703430045648057e-07
3600
1 1.8351715022824029e-06
10 3.6703430045648057e-07
20 3.6703430045648057e-07
30 3.6703430045648057e-07
40 3.6703430045648057e-07
600 3.6703430045648057e-07
4400
1 7.340686009129611e-07
10 1.1011029013694416e-06
60 3.6703430045648057e-07
300 7.340686009129611e-07
15400
50 3.6703430045648057e-07
400 3.6703430045648057e-07
2800
1 2.9362744036518445e-06
10 1.1011029013694416e-06
30 3.6703430045648057e-07
40 3.6703430045648057e-07
130 3.6703430045648057e-07
300 3.6703430045648057e-07
400 3.6703430045648057e-07
1000 3.6703430045648057e-07
2950
1 1.4681372018259223e-06
10 1.4681372018259223e-06
80 3.6703430045648057e-07
200 3.6703430045648057e-07
800 3.6703430045648057e-07
2000 3.6703430045648057e-07
35800
2000 3.6703430045648057e-07
6400
10 1.1011029013694416e-06
200 3.6703430045648057e-07
900 3.6703430045648057e-07
2000 3.6703430045648057e-07
44600
600 3.6703430045648057e-07
92600
1 3.6703430045648057e-07
10400
1 3.6703430045648057e-07
30 3.6703430045648057e-07
80 3.6703430045648057e-07
1000 3.6703430045648057e-07
17400
10 3.6703430045648057e-07
2000
1 2.2022058027388833e-06
10 1.8351715022824029e-06
20 3.6703430045648057e-07
30 3.6703430045648057e-07
60 3.6703430045648057e-07
110 3.6703430045648057e-07
200 3.6703430045648057e-07
300 3.6703430045648057e-07
500 7.340686009129611e-07
700 7.340686009129611e-07
800 3.6703430045648057e-07
1000 1.1011029013694416e-06
100000 3.6703430045648057e-07
4350
1 7.340686009129611e-07
10 3.6703430045648057e-07
30 3.6703430045648057e-07
900 3.6703430045648057e-07
1000 3.6703430045648057e-07
2000 3.6703430045648057e-07
25800
60 3.6703430045648057e-07
1000 3.6703430045648057e-07
4550
10 7.340686009129611e-07
500 3.6703430045648057e-07
4000 3.6703430045648057e-07
7800
1 7.340686009129611e-07
10 3.6703430045648057e-07
400 3.6703430045648057e-07
900 3.6703430045648057e-07
1000 3.6703430045648057e-07
63400
3000 3.6703430045648057e-07
3100
1 1.1011029013694416e-06
10 7.340686009129611e-07
20 3.6703430045648057e-07
40 3.6703430045648057e-07
190 3.6703430045648057e-07
300 7.340686009129611e-07
400 3.6703430045648057e-07
1000 7.340686009129611e-07
2000 3.6703430045648057e-07
460
1 2.018688652510643e-05
10 2.8628675435605485e-05
20 4.771445905934247e-06
30 2.569240103195364e-06
40 2.9362744036518445e-06
50 1.1011029013694416e-06
60 2.2022058027388833e-06
80 3.6703430045648057e-07
90 1.8351715022824029e-06
100 3.6703430045648057e-07
110 3.6703430045648057e-07
120 7.340686009129611e-07
140 3.6703430045648057e-07
150 3.6703430045648057e-07
180 3.6703430045648057e-07
190 3.6703430045648057e-07
200 1.4681372018259223e-06
300 3.6703430045648058e-06
400 2.9362744036518445e-06
500 3.303308704108325e-06
600 1.8351715022824029e-06
700 1.4681372018259223e-06
800 1.1011029013694416e-06
900 7.340686009129611e-07
1000 1.8351715022824029e-06
2000 2.2022058027388833e-06
3000 7.340686009129611e-07
4000 7.340686009129611e-07
9000 3.6703430045648057e-07
20000 3.6703430045648057e-07
100000 3.6703430045648057e-07
20400
1 3.6703430045648057e-07
30 3.6703430045648057e-07
44400
30 3.6703430045648057e-07
17600
60 3.6703430045648057e-07
700 3.6703430045648057e-07
800 3.6703430045648057e-07
4900
1 3.6703430045648057e-07
20 3.6703430045648057e-07
400 3.6703430045648057e-07
4650
1 3.6703430045648057e-07
10 7.340686009129611e-07
300 3.6703430045648057e-07
900 3.6703430045648057e-07
2000 3.6703430045648057e-07
24000
80 3.6703430045648057e-07
4800
1 1.1011029013694416e-06
20 3.6703430045648057e-07
2000 3.6703430045648057e-07
4250
1 3.6703430045648057e-07
10 7.340686009129611e-07
30 3.6703430045648057e-07
50 3.6703430045648057e-07
300 7.340686009129611e-07
400 3.6703430045648057e-07
1000 3.6703430045648057e-07
15800
20 3.6703430045648057e-07
30 3.6703430045648057e-07
40 3.6703430045648057e-07
70 3.6703430045648057e-07
34400
20 3.6703430045648057e-07
4850
1 3.6703430045648057e-07
10 7.340686009129611e-07
60 3.6703430045648057e-07
18000
1 3.6703430045648057e-07
58000
2000 3.6703430045648057e-07
14000
700 3.6703430045648057e-07
900 3.6703430045648057e-07
1000 3.6703430045648057e-07
4150
1 7.340686009129611e-07
20 3.6703430045648057e-07
400 3.6703430045648057e-07
1000 3.6703430045648057e-07
4000
1 3.6703430045648057e-07
10 1.1011029013694416e-06
20 7.340686009129611e-07
100 7.340686009129611e-07
180 3.6703430045648057e-07
4600
1 7.340686009129611e-07
10 7.340686009129611e-07
20 7.340686009129611e-07
30 3.6703430045648057e-07
300 3.6703430045648057e-07
17200
10 3.6703430045648057e-07
70 3.6703430045648057e-07
110 3.6703430045648057e-07
4700
1 3.6703430045648057e-07
130 3.6703430045648057e-07
900 7.340686009129611e-07
10800
1 7.340686009129611e-07
900 3.6703430045648057e-07
3200
1 3.6703430045648057e-07
10 7.340686009129611e-07
20 3.6703430045648057e-07
200 3.6703430045648057e-07
700 3.6703430045648057e-07
900 3.6703430045648057e-07
1000 7.340686009129611e-07
14800
1000 3.6703430045648057e-07
15600
140 3.6703430045648057e-07
170 3.6703430045648057e-07
2650
1 1.8351715022824029e-06
10 1.1011029013694416e-06
30 3.6703430045648057e-07
40 3.6703430045648057e-07
50 3.6703430045648057e-07
110 3.6703430045648057e-07
200 3.6703430045648057e-07
400 3.6703430045648057e-07
500 3.6703430045648057e-07
600 3.6703430045648057e-07
3000 3.6703430045648057e-07
5000 3.6703430045648057e-07
47800
130 3.6703430045648057e-07
2700
1 7.340686009129611e-07
10 7.340686009129611e-07
90 3.6703430045648057e-07
200 3.6703430045648057e-07
300 3.6703430045648057e-07
400 3.6703430045648057e-07
500 7.340686009129611e-07
600 3.6703430045648057e-07
900 3.6703430045648057e-07
1000 3.6703430045648057e-07
3750
10 7.340686009129611e-07
50 3.6703430045648057e-07
80 3.6703430045648057e-07
300 3.6703430045648057e-07
4000 3.6703430045648057e-07
32800
10 3.6703430045648057e-07
9000
20 3.6703430045648057e-07
200 3.6703430045648057e-07
400 3.6703430045648057e-07
1000 3.6703430045648057e-07
26000
120 3.6703430045648057e-07
15200
130 3.6703430045648057e-07
700 3.6703430045648057e-07
11000
1 3.6703430045648057e-07
19600
10 7.340686009129611e-07
60 3.6703430045648057e-07
3400
1 1.1011029013694416e-06
10 3.6703430045648057e-07
70 3.6703430045648057e-07
200 3.6703430045648057e-07
300 3.6703430045648057e-07
1000 3.6703430045648057e-07
20000 3.6703430045648057e-07
27200
60 3.6703430045648057e-07
4100
10 1.4681372018259223e-06
30 3.6703430045648057e-07
300 3.6703430045648057e-07
1000 3.6703430045648057e-07
3650
1 3.6703430045648057e-07
10 3.6703430045648057e-07
30 3.6703430045648057e-07
70 3.6703430045648057e-07
150 3.6703430045648057e-07
700 3.6703430045648057e-07
1000 7.340686009129611e-07
3000 3.6703430045648057e-07
20000 3.6703430045648057e-07
2750
1 7.340686009129611e-07
10 2.569240103195364e-06
20 7.340686009129611e-07
30 3.6703430045648057e-07
40 7.340686009129611e-07
60 3.6703430045648057e-07
90 3.6703430045648057e-07
120 3.6703430045648057e-07
190 3.6703430045648057e-07
300 3.6703430045648057e-07
900 7.340686009129611e-07
1000 3.6703430045648057e-07
2000 3.6703430045648057e-07
300000 3.6703430045648057e-07
52000
90 3.6703430045648057e-07
13200
1 3.6703430045648057e-07
1000 3.6703430045648057e-07
24800
300 3.6703430045648057e-07
4500
10 3.6703430045648057e-07
500 3.6703430045648057e-07
22800
10 3.6703430045648057e-07
8400
1 7.340686009129611e-07
10 3.6703430045648057e-07
80 3.6703430045648057e-07
14400
150 3.6703430045648057e-07
16400
200 3.6703430045648057e-07
18200
700 3.6703430045648057e-07
23200
10 3.6703430045648057e-07
40400
1 3.6703430045648057e-07
8800
2000 3.6703430045648057e-07
68000
1 3.6703430045648057e-07
22000
1 3.6703430045648057e-07
42600
20 3.6703430045648057e-07
34200
500 3.6703430045648057e-07
24400
200000 3.6703430045648057e-07
133200
50 3.6703430045648057e-07
25600
50 3.6703430045648057e-07
91600
2000 3.6703430045648057e-07
42200
2000 3.6703430045648057e-07
56000
50 3.6703430045648057e-07
19400
60 3.6703430045648057e-07
20600
2000 3.6703430045648057e-07
22400
1 3.6703430045648057e-07
22200
10 3.6703430045648057e-07
102000
1000 3.6703430045648057e-07
