8
1 0.002867890446431624
10 0.0002097446741897066
20 0.004939579070445743
30 0.00020412286274700003
40 0.00024689973708832177
50 0.00018158450959942192
60 0.00021684859955821762
70 0.0001748894432449259
80 0.00020795591600339088
90 0.0001641057867502797
100 0.00016170374004294144
110 0.00011979569110640163
120 0.0001451960573520849
130 0.00012500864353509315
140 0.00014478719833806988
150 0.00011790471816658214
160 0.00015056233191103208
170 0.00011703589276180022
180 0.00014187407786321284
190 0.00011448052392420633
200 0.0008103585657777748
300 0.002392438520508905
400 0.000174020617840144
500 0.00013885874263485206
600 4.1396975169021035e-05
700 4.880754479804332e-05
800 0.0006616872068065622
900 0.0007583312562443632
1000 0.0022469869262730603
2000 0.00010722327642543968
3000 6.643958977744118e-06
4000 1.0221475350375565e-07
24
1 0.00028865446389460595
10 4.7529860379246376e-05
20 0.00040129512225574467
30 4.844979316078018e-05
40 5.473600050126115e-05
50 4.487227678814873e-05
60 5.2589490677682284e-05
70 4.042593501073536e-05
80 5.197620215665975e-05
90 4.119254566201353e-05
100 4.385012925311117e-05
110 2.749576869251027e-05
120 3.7768351419637715e-05
130 3.086885555813421e-05
140 3.597959323332199e-05
150 3.005113753010416e-05
160 3.4957445698284436e-05
170 2.6013654766705813e-05
180 3.1839895716419884e-05
190 2.4071574450134458e-05
200 0.00014826249995719757
300 0.0005374451739227472
400 2.4378218710645724e-05
500 8.074965526796696e-06
600 9.86372371311242e-06
700 1.22146630436988e-05
800 4.001707599672034e-05
900 6.505969060514047e-05
1000 0.0010856228969633888
2000 7.333908563894468e-05
3000 2.8109057213532805e-06
4000 1.5332213025563348e-07
60
1 6.720620042871934e-05
10 4.042593501073536e-05
20 5.064741036111093e-05
30 4.160140467602855e-05
40 4.783650463975764e-05
50 3.80238883033971e-05
60 4.574110219293065e-05
70 3.879049895467527e-05
80 4.42589882671262e-05
90 3.536630471229945e-05
100 3.6695096507848276e-05
110 2.4787077724660744e-05
120 3.2810935874705565e-05
130 2.8569023604299705e-05
140 3.500855307503631e-05
150 2.8109057213532805e-05
160 3.321979488872059e-05
170 2.698469492499149e-05
180 3.20443252234274e-05
190 2.6729158041232104e-05
200 0.00013512790413196498
300 0.0005881947990373619
400 1.4361172867277669e-05
500 1.6354360560600904e-06
600 1.6354360560600904e-06
700 2.044295070075113e-06
800 6.848388484751629e-06
900 1.6609897444360294e-05
1000 0.0006410398265988036
2000 4.6456605467456943e-05
3000 1.2265770420450678e-06
4000 2.555368837593891e-07
22
1 0.0004913463200925534
10 2.943784900908163e-05
20 0.0005547194672648819
30 3.475301619127692e-05
40 4.313462597858488e-05
50 3.3066472758464956e-05
60 4.0937008778254136e-05
70 3.5621841596058844e-05
80 4.568999481617878e-05
90 3.6592881754344525e-05
100 3.971043173620907e-05
110 2.678026541798398e-05
120 3.603070061007387e-05
130 3.178878833966801e-05
140 3.781945879638959e-05
150 2.9948922776600407e-05
160 3.4906338321532554e-05
170 2.703580230174337e-05
180 3.2350969483938665e-05
190 2.3202749045352534e-05
200 0.0001507156540412877
300 0.0006318916061602174
400 1.6814326951367803e-05
500 1.2061340913443166e-05
600 1.4412280244029546e-05
700 1.4923354011548325e-05
800 3.3270902265472464e-05
900 5.233395379392289e-05
1000 0.0009790129090589716
2000 3.838163994066025e-05
3000 2.299831953834502e-06
4000 1.0221475350375565e-07
4
1 0.008414625152689677
10 0.0011289108450722293
20 0.020803206599475117
30 0.0012117559027870232
40 0.0013157594144770947
50 0.0009912275721026705
60 0.0011793027185495809
70 0.0009348050281685973
80 0.0010641066913508483
90 0.0008461848368808411
100 0.0008391320188890821
110 0.0005618745000101448
120 0.0006902051230341101
130 0.0005775644646729714
140 0.0006998133098634631
150 0.0005891658391956475
160 0.0007314998834496273
170 0.0006142595611808196
180 0.0007764232676145279
190 0.0006636292871231335
200 0.004891742565805986
300 0.01172745642112315
400 0.0008472069844158788
500 0.0012319944239807669
600 0.00021490651924164627
700 0.0002828282229448919
800 0.003525489063098036
900 0.002749525761874275
1000 0.0036316390846116865
2000 1.7580937602645972e-05
3000 4.5996639076690044e-07
12
1 0.0025105476681824943
10 0.00024367997235295348
20 0.003490838261660263
30 0.00023330517487232227
40 0.00026453178206771965
50 0.00021005131845021785
60 0.0002495573206794194
70 0.00019717225950874464
80 0.0002337140338863373
90 0.0001866441398978578
100 0.00019553682345268457
110 0.00014049417869091215
120 0.00017090306785827946
130 0.000140136427053649
140 0.0001677855178764149
150 0.00013466793774119808
160 0.00015551974745596422
170 0.0001240376033768075
180 0.00014509384259858116
190 0.00011744475177581525
200 0.0007150433081355227
300 0.002505232501000299
400 0.00013032381071728845
500 9.730844533557538e-05
600 9.26576740511545e-05
700 8.683143310144042e-05
800 0.00029933590563574843
900 0.00040579257140990993
1000 0.002921093225630329
2000 0.0002733733582457945
3000 3.117549981864547e-06
9
1 0.002174874417676161
10 0.00013906317214185956
20 0.003639765157515235
30 0.00013379911233641614
40 0.00015260662698110718
50 0.00011862022144110844
60 0.00014376505080303232
70 0.0001124873362308831
80 0.00013190813939659667
90 0.0001074277059324472
100 0.00010998307477004108
110 7.660995775106486e-05
120 9.480418387473336e-05
130 7.967640035617753e-05
140 9.730844533557538e-05
150 7.936975609566627e-05
160 0.0001000171363034249
170 7.957418560267377e-05
180 9.301542568841764e-05
190 7.55878102160273e-05
200 0.0005213463502459057
300 0.0016350783044228273
400 8.534931917563597e-05
500 0.00014044307131416028
600 0.00017509387275193344
700 0.00019563903820618832
800 0.00028604798768026016
900 0.000232589671597796
1000 0.001325214279176192
2000 5.9540093915937665e-05
3000 3.884160633142715e-06
4000 6.643958977744117e-07
20
1 0.0008054522576095946
10 6.281096602805784e-05
20 0.0008696431228099531
30 7.185697171314022e-05
40 9.015341259031249e-05
50 7.226583072715525e-05
60 9.567300927951528e-05
70 7.901200445840312e-05
80 9.98127067964174e-05
90 8.284505771479396e-05
100 8.417384951034278e-05
110 6.0511134074223346e-05
120 7.640552824405735e-05
130 6.183992586977217e-05
140 7.758099790935054e-05
150 5.897791277166701e-05
160 6.84327774707644e-05
170 5.1414021012389094e-05
180 6.158438898601278e-05
190 4.620106858369755e-05
200 0.0002735266803760501
300 0.001195554864356678
400 2.9693385892841016e-05
500 1.9165266281954186e-05
600 1.4770031881292691e-05
700 1.4565602374285181e-05
800 6.511079798189235e-05
900 0.00011514491982198074
1000 0.0022019102199779044
2000 5.473600050126115e-05
3000 2.6064762143457693e-06
4000 4.5996639076690044e-07
2
1 0.023142084589148054
10 0.002904227791302209
20 0.07421164188222949
30 0.0036839219310288575
40 0.0033701737451490793
50 0.002414056940874949
60 0.0028404968924926177
70 0.0025799514858115447
80 0.002455964989811489
90 0.0016877189024772615
100 0.0019226595134056437
110 0.0015877017661738366
120 0.0020646358060223604
130 0.001793255635469889
140 0.002394942781969747
150 0.002095351339450239
160 0.002623188326543633
170 0.00214599874981135
180 0.0026938187212147283
190 0.002322012555344817
200 0.017752300636895018
300 0.0181872244130535
400 0.0033838705221185825
500 0.004683939971932851
600 0.000273168928738787
700 0.00030567322035298126
800 0.0005160311830637104
900 0.0003785012322244072
1000 0.0026423024854488357
2000 1.502556876505208e-05
3000 1.5332213025563348e-07
5
1 0.0055519987660634955
10 0.0006836633788098697
20 0.012030267628378026
30 0.0008866618792683284
40 0.0010866450444984262
50 0.0009244302306879661
60 0.0011635105391332506
70 0.001007326395779512
80 0.001301040489972554
90 0.001123595677890034
100 0.0011788938595355659
110 0.0008085698075914591
120 0.0010283315276245336
130 0.0008604437949946151
140 0.0010346177349650147
150 0.000832028093520571
160 0.0009453331477794841
170 0.0007218916966202743
180 0.0008069343715353989
190 0.0006353158004025933
200 0.003441928502108716
300 0.01495912917527464
400 0.00019139712593578247
500 0.0001917548775730456
600 9.439532486071834e-05
700 9.761508959608665e-05
800 0.0004865422266778769
900 0.0005135269216028684
1000 0.014762570204286918
2000 2.657583591097647e-05
3000 7.666106512781674e-07
4000 5.1107376751877825e-08
10
1 0.0037211281013042243
10 0.00020805813075689463
20 0.005069391807395514
30 0.00025226601164726894
40 0.0003129304678517479
50 0.00026540060747250155
60 0.0003312780161056721
70 0.00028339040408916253
80 0.0003626068380545732
90 0.0003136459711262742
100 0.00032141429239255966
110 0.00021398658646011245
120 0.00028957439667613976
130 0.0002502217165771938
140 0.00030000030153352284
150 0.00022988098062994646
160 0.0002772064115021853
170 0.00021163564712952607
180 0.0002360138658401718
190 0.00018868843496793294
200 0.0010267983063219773
300 0.0048797834396460465
400 0.00013456572298769433
500 0.00014187407786321284
600 6.511079798189235e-05
700 7.870536019789186e-05
800 0.00014969350650625014
900 0.00015357766713939287
1000 0.007839820486361306
2000 6.879052910802756e-05
3000 1.737650809563846e-06
4000 1.482113925804457e-06
36
1 0.00013793880985331824
10 2.16695277427962e-05
20 0.0001389609573883558
30 2.2947212161593143e-05
40 2.9897815399848528e-05
50 2.3867144943126945e-05
60 2.8415701474044072e-05
70 2.325385642210441e-05
80 2.938674163232975e-05
90 2.3202749045352534e-05
100 2.5042614608420135e-05
110 1.742761547239034e-05
120 2.115845397527742e-05
130 1.860308513768353e-05
140 2.3304963798856288e-05
150 1.9625232672721086e-05
160 2.207838675681122e-05
170 1.666100482111217e-05
180 1.8449763007427896e-05
190 1.5587749909322738e-05
200 8.708696998519981e-05
300 0.00036296458969183634
400 8.279395033804208e-06
500 2.095402446826991e-06
600 1.2776844187969456e-06
700 1.5843286793082126e-06
800 1.1345837638916878e-05
900 2.35093933058638e-05
1000 0.000684327774707644
2000 3.270872112120181e-05
3000 1.3798991723007012e-06
4000 5.1107376751877825e-08
30
1 0.00011647371161752956
10 2.821127196703656e-05
20 0.00011080079279807113
30 3.005113753010416e-05
40 3.638845224733701e-05
50 2.9897815399848528e-05
60 3.5519626842555086e-05
70 3.0357781790615427e-05
80 3.689952601485579e-05
90 3.0000030153352282e-05
100 3.265761374444993e-05
110 2.2180601510314977e-05
120 2.7189124431999003e-05
130 2.6013654766705813e-05
140 2.9488956385833504e-05
150 2.6013654766705813e-05
160 3.3884190786495e-05
170 2.2436138394074365e-05
180 2.519593673867577e-05
190 1.972744742622484e-05
200 0.00012572414680961944
300 0.0004777517578765539
400 1.1448052392420632e-05
500 6.33731471723285e-06
600 6.848388484751629e-06
700 1.0170367973623688e-05
800 1.9369695788961695e-05
900 2.7189124431999003e-05
1000 0.0009421644904208678
2000 4.548556530917126e-05
3000 9.199327815338009e-07
4000 5.1107376751877825e-08
18
1 0.0009103245947044478
10 8.795579538998174e-05
20 0.001141227722869432
30 8.448049377085404e-05
40 9.413978797695895e-05
50 7.28280118714259e-05
60 8.729139949220733e-05
70 6.899495861503506e-05
80 8.448049377085404e-05
90 6.424197257711042e-05
100 7.17036495828846e-05
110 5.120959150538158e-05
120 6.270875127455409e-05
130 4.6354390713953186e-05
140 6.137995947900526e-05
150 4.6354390713953186e-05
160 5.46337857477574e-05
170 4.303241122508113e-05
180 5.110737675187783e-05
190 3.582627110306635e-05
200 0.0002145487676043831
300 0.000782709474955009
400 4.7887612016509524e-05
500 2.6933587548239616e-05
600 2.4889292478164502e-05
700 2.4940399854916378e-05
800 5.233395379392289e-05
900 6.84327774707644e-05
1000 0.001250750831248706
2000 0.00012623522057713822
3000 3.0664426051126696e-06
4000 4.088590140150226e-07
140
1 8.381609787307964e-06
10 4.752986037924637e-06
20 5.724026196210316e-06
30 5.87734832646595e-06
40 7.51278438252604e-06
50 6.59285160099224e-06
60 7.257247498766651e-06
70 7.001710615007262e-06
80 8.586039294315474e-06
90 8.023858150044819e-06
100 6.490636847488484e-06
110 5.519596689202805e-06
120 6.439529470736606e-06
130 5.570704065954683e-06
140 7.717213889533552e-06
150 6.439529470736606e-06
160 9.60818682935303e-06
170 7.666106512781673e-06
180 7.614999136029796e-06
190 6.797281107999751e-06
200 3.592848585657011e-05
300 0.0001618059547964452
400 9.199327815338009e-07
800 4.088590140150226e-07
900 1.0732549117894343e-06
1000 6.82283479637569e-05
2000 1.5843286793082126e-06
3000 1.5332213025563348e-07
40
1 0.00042741099177595425
10 4.9778584956329004e-05
20 0.00046466826942807317
30 5.243616854742665e-05
40 6.066445620447898e-05
50 5.080073249136656e-05
60 5.959120129268955e-05
70 4.880754479804332e-05
80 5.994895292995269e-05
90 4.8705330044539565e-05
100 5.028965872384778e-05
110 3.3015365381713073e-05
120 4.2010263690043575e-05
130 3.7870566173141466e-05
140 4.502559891840436e-05
150 3.761502928938208e-05
160 4.4718954657893096e-05
170 3.413972767025439e-05
180 3.75639219126302e-05
190 2.9948922776600407e-05
200 0.00018076679157139186
300 0.0007715680668230995
400 1.5332213025563347e-05
500 4.139697516902104e-06
600 4.548556530917126e-06
700 4.395234400661493e-06
800 1.579217941633025e-05
900 3.0408889167367306e-05
1000 0.0012109381847589932
2000 5.611589967356185e-05
3000 1.8398655630676018e-06
4000 3.0664426051126696e-07
3
1 0.013861138293137296
10 0.0012977696178604337
20 0.03476635521660916
30 0.0013805124608217239
40 0.0014033574582298133
50 0.0010603247454712091
60 0.00125739479022645
70 0.001074583703584983
80 0.0011437830917070256
90 0.0008602904728643594
100 0.0008883995300778923
110 0.0006382800282542021
120 0.0008033568551627675
130 0.000709472604069568
140 0.0009080758701273652
150 0.0007769854487587986
160 0.0009630674075123858
170 0.0007999837682971436
180 0.0010276160243500075
190 0.0008829310407654414
200 0.006901795693457341
300 0.013046077848698349
400 0.00025993211816005064
500 0.0017249250727526286
600 0.0029028478921299086
700 0.0032438363098184373
800 0.0022203599829853323
900 0.0002683137279473586
1000 0.0019266458887922902
2000 1.666100482111217e-05
3000 1.0221475350375565e-07
28
1 0.00010737659855569531
10 2.0596272831006763e-05
20 0.0001507156540412877
30 1.8756407267939162e-05
40 2.53492588689314e-05
50 1.8245333500420384e-05
60 2.3662715436119433e-05
70 1.9829662179728598e-05
80 2.44293260873976e-05
90 1.901194415169855e-05
100 2.2436138394074365e-05
110 1.4974461388300203e-05
120 1.9523017919217328e-05
130 1.7274293342134706e-05
140 2.1516205612540566e-05
150 1.7785367109653484e-05
160 1.972744742622484e-05
170 1.5843286793082125e-05
180 1.8756407267939162e-05
190 1.6303253183849025e-05
200 9.868834450787609e-05
300 0.00035923375118894924
400 1.318570320198448e-05
500 4.906308168180271e-06
600 7.05281799175914e-06
700 9.965938466616176e-06
800 2.2589460524329998e-05
900 3.8228317810404615e-05
1000 0.0006007672137183238
2000 2.519593673867577e-05
3000 1.2265770420450678e-06
4000 1.0221475350375565e-07
16
1 0.001200921138915625
10 7.640552824405735e-05
20 0.0014468498358456612
30 8.948901669253807e-05
40 0.00011361169851942441
50 9.812616336360543e-05
60 0.00011626928211052206
70 0.00010645666577416151
80 0.00013017048858703282
90 0.00011284508786814624
100 0.0001191824025853791
110 8.023858150044819e-05
120 0.00010339022316904884
130 8.698475523169606e-05
140 0.00010962532313277794
150 8.371388311957588e-05
160 9.776841172634229e-05
170 7.630331349055359e-05
180 8.606482245016226e-05
190 6.52130127353961e-05
200 0.0004060992156704212
300 0.00186485707029927
400 4.676324972796821e-05
500 3.20443252234274e-05
600 2.5298151492179523e-05
700 2.6473621157472713e-05
800 0.00012163555666946922
900 0.00020197635292342118
1000 0.002490769113379518
2000 4.696767923497572e-05
3000 5.826240949714072e-06
4000 2.044295070075113e-07
48
1 0.00016957427606273062
10 1.1345837638916878e-05
20 0.00020964245943620285
30 1.1856911406435656e-05
40 1.410563598351828e-05
50 1.2367985173954435e-05
60 1.2367985173954435e-05
70 1.0630334364390587e-05
80 1.2879058941473213e-05
90 1.0221475350375565e-05
100 1.0425904857383077e-05
110 7.717213889533552e-06
120 8.94379093157862e-06
130 8.739361424571109e-06
140 1.0885871248149977e-05
150 8.126072903548575e-06
160 9.710401582856787e-06
170 9.60818682935303e-06
180 9.761508959608664e-06
190 6.746173731247873e-06
200 3.71039555218633e-05
300 0.00016415689412703157
400 2.708690967849525e-06
500 1.0732549117894343e-06
600 1.3798991723007012e-06
700 6.132885210225339e-07
800 3.117549981864547e-06
900 7.614999136029796e-06
1000 0.00025645681654092294
2000 1.5689964662826492e-05
3000 7.666106512781674e-07
4000 5.1107376751877825e-08
14
1 0.0015642434802447245
10 0.0001082965313372291
20 0.002212182802705032
30 0.00011126075918883803
40 0.00013901206476510768
50 0.00011555377883599576
60 0.00014136300409569406
70 0.00011458273867771009
80 0.00014621820488712245
90 0.00012153334191596547
100 0.0001277173345029427
110 8.391831262658339e-05
120 0.00011228290672387558
130 9.097113061834252e-05
140 0.00010328800841554508
150 8.586039294315475e-05
160 0.00010098817646171059
170 7.916532658865875e-05
180 9.250435192089887e-05
190 7.201029384339586e-05
200 0.0004022150550372785
300 0.001628996526589354
400 6.485526109813296e-05
500 5.8160194743636966e-05
600 4.349237761584803e-05
700 4.2214693197051084e-05
800 7.477009218799726e-05
900 0.00010359465267605635
1000 0.0028739211168883456
2000 8.074965526796697e-05
3000 7.461677005774162e-06
4000 1.5332213025563348e-07
46
1 0.0002692336607288924
10 1.2827951564721334e-05
20 0.00029974476464976344
30 1.1601374522676267e-05
40 1.4463387620781425e-05
50 1.2265770420450678e-05
60 1.5894394169834004e-05
70 1.2521307304210068e-05
80 1.5127783518555837e-05
90 1.3645669592751379e-05
100 1.3594562215999502e-05
110 8.023858150044819e-06
120 1.1192515508661243e-05
130 1.0068153220119932e-05
140 1.2470199927458189e-05
150 9.454864699097398e-06
160 1.1499159769172511e-05
170 8.94379093157862e-06
180 1.0885871248149977e-05
190 8.48382454081172e-06
200 4.8245363653772666e-05
300 0.0002051450102820376
400 3.6797311261352035e-06
500 6.643958977744117e-07
600 1.2265770420450678e-06
700 8.68825404781923e-07
800 2.1976172003307465e-06
900 7.921643396541063e-06
1000 0.0003387908004881981
2000 9.046005685082375e-06
3000 1.0221475350375565e-07
32
1 0.0001090120346117554
10 2.422489658039009e-05
20 0.00011545156408249201
30 2.4173789203638212e-05
40 3.0408889167367306e-05
50 2.463375559440511e-05
60 2.959117113933726e-05
70 2.4071574450134458e-05
80 3.265761374444993e-05
90 2.7546876069262148e-05
100 2.7546876069262148e-05
110 1.737650809563846e-05
120 2.325385642210441e-05
130 2.3202749045352534e-05
140 2.6678050664480225e-05
150 1.8858622021442916e-05
160 2.4480433464149478e-05
170 1.8705299891187283e-05
180 2.1822849873051832e-05
190 1.6814326951367803e-05
200 0.00010175478711298875
300 0.00039669545834807566
400 1.0681441741142466e-05
500 5.366274558947172e-06
600 4.088590140150226e-06
700 4.804093414676515e-06
800 1.5689964662826492e-05
900 2.8977882618314726e-05
1000 0.0006569342207686376
2000 2.6729158041232104e-05
3000 1.3287917955488234e-06
4000 2.555368837593891e-07
7
1 0.0037144841423264806
10 0.0001804601473108806
20 0.006573533012580029
30 0.00017826253011054985
40 0.0002092847077989397
50 0.00016282810233148276
60 0.0001940547095268801
70 0.00016170374004294144
80 0.00018858622021442918
90 0.00015572417696297174
100 0.00016124377365217454
110 0.00012577525418637134
120 0.00015914837120534754
130 0.00012761511974943894
140 0.00015986387447987385
150 0.0001279217640099502
160 0.0001477514261896788
170 0.00012097116077169482
180 0.0001461159901336187
190 0.00011555377883599576
200 0.0007234760252995825
300 0.0027123195915989082
400 0.00016466796789455036
500 0.00012408871075355937
600 0.0001090120346117554
700 0.00013052824022429598
800 0.00017713816782200854
900 0.00011928461733888285
1000 0.0020468504389127068
2000 5.432714148724613e-05
3000 8.023858150044819e-06
4000 5.1107376751877825e-08
180
1 5.775133572962194e-06
10 5.621811442706561e-06
20 7.001710615007262e-06
30 6.848388484751629e-06
40 9.097113061834252e-06
50 7.308354875518529e-06
60 7.308354875518529e-06
70 6.541744224240362e-06
80 8.637146671067353e-06
90 6.643958977744118e-06
100 7.410569629022285e-06
110 4.344127023909615e-06
120 4.855200791428393e-06
130 5.2129524286915386e-06
140 6.388422093984728e-06
150 4.957415544932149e-06
160 5.0596302984359046e-06
170 4.497449154165249e-06
180 5.1618450519396606e-06
190 4.548556530917126e-06
200 2.115845397527742e-05
300 9.454864699097398e-05
400 1.17546966529319e-06
1000 2.4787077724660744e-05
2000 4.344127023909615e-06
6
1 0.004923786891029414
10 0.0008913126505527493
20 0.00902162746637173
30 0.0008436294680432473
40 0.0009420111682906121
50 0.0007297622326400635
60 0.0008317214492600597
70 0.000663424857616126
80 0.0007715680668230995
90 0.0006052135554957373
100 0.0006651625084256899
110 0.00048511122012882433
120 0.0005933566440893016
130 0.0004812781668724335
140 0.0005659630901502951
150 0.0004573088071758028
160 0.0005406649386581155
170 0.0004148385770949923
180 0.0004941572258139067
190 0.0003927090829614292
200 0.002404806505682859
300 0.007818662032386028
400 0.0006662868707142312
500 0.0006490125773720966
600 0.0006878030763267718
700 0.0006976668000398842
800 0.0005474111123893634
900 0.00017683152356149729
1000 0.005091572408905828
2000 0.0003776324068196253
3000 1.17546966529319e-06
4000 1.0221475350375565e-07
44
1 0.0002502217165771938
10 1.4054528606766403e-05
20 0.0002926919466580043
30 1.3901206476510768e-05
40 1.742761547239034e-05
50 1.4258958113773913e-05
60 1.4412280244029546e-05
70 1.2776844187969457e-05
80 1.6303253183849025e-05
90 1.2367985173954435e-05
100 1.3441240085743868e-05
110 9.250435192089886e-06
120 1.1856911406435656e-05
130 1.0528119610886831e-05
140 1.1703589276180021e-05
150 1.057922698763871e-05
160 1.1345837638916878e-05
170 9.761508959608664e-06
180 1.1192515508661243e-05
190 7.76832126628543e-06
200 4.533224317891563e-05
300 0.0001735606514493771
400 4.139697516902104e-06
500 1.17546966529319e-06
600 1.6354360560600904e-06
700 4.088590140150226e-07
800 3.52640899587957e-06
900 1.0732549117894343e-05
1000 0.00032601395630022867
2000 1.3696776969503258e-05
3000 6.643958977744117e-07
1
1 0.040516497282339685
10 0.001402233095941272
20 0.1995131306861109
30 0.005325797516559684
40 0.0017904958371252877
50 0.0020011604440965283
60 0.004999272486491937
70 0.009063791052192028
80 0.005449324046168973
90 0.002156833513682748
100 0.0019764244737486194
110 0.0017156746375605386
120 0.0028745855127861202
130 0.003196766415829958
140 0.005193429410772321
150 0.004925422327085474
160 0.005025183926505139
170 0.0029887082850730633
180 0.0028192873311405882
190 0.0019332898477700344
200 0.012204441568348426
300 0.04097355055263173
400 7.247026023416275e-05
500 9.618408304703407e-05
600 6.296428815831348e-05
700 6.873942173127568e-05
800 0.00012332210010228118
900 0.00010032378056393617
1000 0.0009132377151793049
2000 3.7512814535878324e-05
3000 1.17546966529319e-06
80
1 1.7734259732901605e-05
10 1.7172078588630948e-05
20 1.783647448640536e-05
30 1.645657531410466e-05
40 1.880751464469104e-05
50 1.5229998272059593e-05
60 1.926748103545794e-05
70 1.574107203957837e-05
80 1.850087038417977e-05
90 1.6047716300089637e-05
100 1.599660892333776e-05
110 1.2776844187969457e-05
120 1.3901206476510768e-05
130 1.17546966529319e-05
140 1.4258958113773913e-05
150 1.17546966529319e-05
160 1.4718924504540814e-05
170 1.08347638713981e-05
180 1.2827951564721334e-05
190 1.0017045843368053e-05
200 6.618405289368179e-05
300 0.00024899513953514875
400 5.366274558947172e-06
500 6.643958977744117e-07
600 1.1243622885413123e-06
700 1.0221475350375565e-06
800 2.4531540840901357e-06
900 5.672918819458439e-06
1000 0.0002039695406167444
2000 1.6507682690856537e-05
3000 4.5996639076690044e-07
4000 1.0221475350375565e-07
100
1 5.4582678371005515e-05
10 8.790468801322986e-06
20 5.902902014841889e-05
30 7.921643396541063e-06
40 1.0885871248149977e-05
50 8.637146671067353e-06
60 9.710401582856787e-06
70 8.841576178074863e-06
80 9.65929420610491e-06
90 1.0017045843368053e-05
100 8.892683554826742e-06
110 5.775133572962194e-06
120 8.330502410556085e-06
130 6.950603238255384e-06
140 7.819428643037307e-06
150 5.826240949714072e-06
160 7.717213889533552e-06
170 4.906308168180271e-06
180 8.381609787307964e-06
190 5.468489312450928e-06
200 3.889271370817902e-05
300 0.00012787065663319832
400 2.964227851608914e-06
500 5.1107376751877825e-08
600 5.1107376751877825e-08
700 3.0664426051126696e-07
800 1.2265770420450678e-06
900 3.0664426051126696e-06
1000 8.141405116574138e-05
2000 9.199327815338008e-06
3000 2.044295070075113e-07
4000 1.0221475350375565e-07
38
1 0.0001354856557692281
10 1.8296440877172263e-05
20 0.00018817736120041415
30 1.666100482111217e-05
40 2.1925064626555586e-05
50 1.7785367109653484e-05
60 1.9880769556480473e-05
70 1.742761547239034e-05
80 2.115845397527742e-05
90 1.7580937602645972e-05
100 1.8194226123668505e-05
110 1.0936978624901855e-05
120 1.6558790067608416e-05
130 1.2367985173954435e-05
140 1.7529830225894093e-05
150 1.2470199927458189e-05
160 1.5689964662826492e-05
170 1.4054528606766403e-05
180 1.4361172867277669e-05
190 1.1294730262164999e-05
200 6.281096602805784e-05
300 0.0002511927567354795
400 5.468489312450928e-06
500 1.9931876933232354e-06
600 1.0732549117894343e-06
700 1.3287917955488234e-06
800 8.177180280300452e-06
900 1.6558790067608416e-05
1000 0.00042071592542145827
2000 1.9880769556480473e-05
3000 4.5996639076690044e-07
4000 1.0221475350375565e-07
42
1 0.00020672933896134581
10 1.507667614180396e-05
20 0.00023979581171981076
30 1.339013270899199e-05
40 1.788758186315724e-05
50 1.5383320402315226e-05
60 1.742761547239034e-05
70 1.4667817127788935e-05
80 1.8398655630676017e-05
90 1.3901206476510768e-05
100 1.5229998272059593e-05
110 1.0988086001653733e-05
120 1.4412280244029546e-05
130 1.26746294344657e-05
140 1.3594562215999502e-05
150 1.2521307304210068e-05
160 1.4361172867277669e-05
170 1.103919337840561e-05
180 1.1652481899428144e-05
190 9.097113061834252e-06
200 5.6013684920058095e-05
300 0.00023918252319878822
400 4.650771284420882e-06
500 7.666106512781674e-07
600 1.2776844187969456e-06
700 1.1243622885413123e-06
800 6.388422093984728e-06
900 1.2163555666946922e-05
1000 0.0004072746853357144
2000 1.8756407267939162e-05
3000 4.088590140150226e-07
4000 1.0221475350375565e-07
220
1 2.095402446826991e-06
10 2.657583591097647e-06
20 2.1976172003307465e-06
30 2.299831953834502e-06
40 2.095402446826991e-06
50 1.5332213025563348e-06
60 1.737650809563846e-06
70 1.5332213025563348e-06
80 1.6354360560600904e-06
90 1.1243622885413123e-06
100 1.3287917955488234e-06
110 8.177180280300452e-07
120 1.2776844187969456e-06
130 9.710401582856787e-07
140 1.0221475350375565e-06
150 6.643958977744117e-07
160 8.177180280300452e-07
170 8.177180280300452e-07
180 5.621811442706561e-07
190 8.68825404781923e-07
200 3.52640899587957e-06
300 8.381609787307964e-06
400 3.5775163726314475e-07
1000 7.155032745262895e-07
2000 2.555368837593891e-07
26
1 0.00019323699149885007
10 3.3270902265472464e-05
20 0.0002652983927189978
30 3.715506289861518e-05
40 4.676324972796821e-05
50 3.6235130117081377e-05
60 4.579220956968253e-05
70 3.812610305690086e-05
80 4.65588202209607e-05
90 4.0221505503727846e-05
100 4.267465958781798e-05
110 2.9028989995066604e-05
120 3.833053256390837e-05
130 3.429304980051002e-05
140 3.781945879638959e-05
150 2.933563425557787e-05
160 3.689952601485579e-05
170 2.9488956385833504e-05
180 3.4241942423758145e-05
190 2.3713822812871312e-05
200 0.00014862025159446073
300 0.0006374112028494203
400 1.4974461388300203e-05
500 6.541744224240362e-06
600 7.05281799175914e-06
700 1.0630334364390587e-05
800 2.5962547389953934e-05
900 3.148214407915674e-05
1000 0.0010924712854481404
2000 3.7052848145111425e-05
3000 1.5332213025563348e-06
4000 1.5332213025563348e-07
34
1 0.00010379908218306386
10 1.4616709751037058e-05
20 0.00011294730262164999
30 1.5229998272059593e-05
40 1.8705299891187283e-05
50 1.482113925804457e-05
60 2.0545165454254885e-05
70 1.3645669592751379e-05
80 1.8347548253924138e-05
90 1.614993105359339e-05
100 1.8756407267939162e-05
110 1.0170367973623688e-05
120 1.4872246634796447e-05
130 1.1908018783187533e-05
140 1.6303253183849025e-05
150 1.3083488448480723e-05
160 1.4974461388300203e-05
170 1.2112448290195045e-05
180 1.553664253257086e-05
190 1.2061340913443166e-05
200 7.00682135268245e-05
300 0.00025906329275526867
400 6.695066354495995e-06
500 4.957415544932149e-06
600 2.1465098235788685e-06
700 2.4531540840901357e-06
800 1.0272582727127442e-05
900 2.1413990859036808e-05
1000 0.0004649749136885845
2000 1.7478722849142218e-05
3000 4.088590140150226e-07
4000 1.5332213025563348e-07
120
1 0.00012153334191596547
10 5.87734832646595e-06
20 0.00011826246980384528
30 6.797281107999751e-06
40 8.637146671067353e-06
50 6.899495861503507e-06
60 9.097113061834252e-06
70 6.439529470736606e-06
80 1.0630334364390587e-05
90 7.359462252270407e-06
100 7.001710615007262e-06
110 5.0085229216840266e-06
120 6.183992586977217e-06
130 6.439529470736606e-06
140 7.103925368511018e-06
150 6.183992586977217e-06
160 8.279395033804208e-06
170 5.928455703217828e-06
180 8.177180280300452e-06
190 6.132885210225339e-06
200 3.996596861996846e-05
300 0.00011044304116080798
400 1.5332213025563348e-06
600 1.0221475350375565e-07
700 5.1107376751877825e-08
800 1.3798991723007012e-06
900 6.439529470736606e-06
1000 6.516190535864422e-05
2000 3.730838502887081e-06
3000 2.044295070075113e-07
160
1 7.51278438252604e-06
10 7.001710615007262e-06
20 8.279395033804208e-06
30 6.848388484751629e-06
40 9.710401582856787e-06
50 7.155032745262896e-06
60 9.352649945593642e-06
70 7.614999136029796e-06
80 1.0732549117894343e-05
90 8.22828765705233e-06
100 8.126072903548575e-06
110 6.183992586977217e-06
120 8.023858150044819e-06
130 7.155032745262896e-06
140 8.739361424571109e-06
150 7.308354875518529e-06
160 8.68825404781923e-06
170 5.775133572962194e-06
180 7.308354875518529e-06
190 4.650771284420882e-06
200 2.9488956385833504e-05
300 0.00013293028693163423
400 1.6354360560600904e-06
1000 5.938677178568203e-05
2000 2.044295070075113e-06
3000 1.0221475350375565e-07
200
1 3.0153352283607916e-06
10 4.804093414676515e-06
20 5.2129524286915386e-06
30 3.3730868656239364e-06
40 4.650771284420882e-06
50 3.884160633142715e-06
60 4.70187866117276e-06
70 2.964227851608914e-06
80 3.884160633142715e-06
90 2.8109057213532805e-06
100 3.577516372631448e-06
110 2.1465098235788685e-06
120 2.4020467073382577e-06
130 2.5042614608420133e-06
140 3.730838502887081e-06
150 2.1976172003307465e-06
160 3.219764735368303e-06
170 1.9420803165713574e-06
180 1.8909729398194796e-06
190 1.5843286793082126e-06
200 9.65929420610491e-06
300 2.4582648217653232e-05
400 1.2776844187969456e-06
1000 8.841576178074863e-06
2000 2.862013098105158e-06
240
1 2.555368837593891e-07
10 4.5996639076690044e-07
20 4.088590140150226e-07
30 4.5996639076690044e-07
40 4.088590140150226e-07
50 3.0664426051126696e-07
60 3.0664426051126696e-07
70 1.5332213025563348e-07
80 3.0664426051126696e-07
90 2.044295070075113e-07
100 1.0221475350375565e-07
110 2.555368837593891e-07
120 2.555368837593891e-07
140 3.0664426051126696e-07
150 2.044295070075113e-07
160 1.5332213025563348e-07
170 1.5332213025563348e-07
180 2.044295070075113e-07
190 1.5332213025563348e-07
200 6.132885210225339e-07
300 1.788758186315724e-06
400 3.5775163726314475e-07
1000 2.044295070075113e-07
2000 1.0221475350375565e-07
3000 5.1107376751877825e-08
50
1 6.265764389780222e-05
10 6.490636847488484e-06
20 7.574113234628293e-05
30 4.752986037924637e-06
40 6.235099963729094e-06
50 6.33731471723285e-06
60 6.439529470736606e-06
70 5.1618450519396606e-06
80 7.614999136029796e-06
90 6.132885210225339e-06
100 4.957415544932149e-06
110 3.321979488872059e-06
120 5.1107376751877826e-06
130 4.037482763398348e-06
140 5.264059805443416e-06
150 4.804093414676515e-06
160 5.0085229216840266e-06
170 3.475301619127692e-06
180 3.781945879638959e-06
190 2.657583591097647e-06
200 2.0340735947247376e-05
300 7.119257581536581e-05
400 2.5042614608420133e-06
500 7.155032745262895e-07
600 6.643958977744117e-07
700 1.5332213025563348e-07
800 1.0221475350375565e-06
900 3.6797311261352035e-06
1000 0.00011386723540318379
2000 6.132885210225339e-06
3000 3.0664426051126696e-07
260
1 5.1107376751877825e-08
30 5.1107376751877825e-08
40 5.1107376751877825e-08
50 1.5332213025563348e-07
70 5.1107376751877825e-08
80 5.1107376751877825e-08
90 1.5332213025563348e-07
120 5.1107376751877825e-08
150 5.1107376751877825e-08
160 5.1107376751877825e-08
170 5.1107376751877825e-08
190 5.1107376751877825e-08
200 8.177180280300452e-07
300 1.8909729398194796e-06
400 5.1107376751877825e-08
320
1 1.0221475350375565e-07
10 2.555368837593891e-07
20 1.5332213025563348e-07
30 1.5332213025563348e-07
50 5.1107376751877825e-08
60 5.1107376751877825e-08
70 1.0221475350375565e-07
80 1.0221475350375565e-07
90 1.0221475350375565e-07
100 5.1107376751877825e-08
120 1.5332213025563348e-07
130 1.0221475350375565e-07
150 2.044295070075113e-07
160 3.0664426051126696e-07
170 1.5332213025563348e-07
180 2.044295070075113e-07
190 1.5332213025563348e-07
200 1.3798991723007012e-06
300 2.4531540840901357e-06
900 1.0221475350375565e-07
1000 1.0221475350375565e-07
440
1 6.643958977744117e-07
10 2.555368837593891e-07
20 2.555368837593891e-07
30 4.088590140150226e-07
40 4.5996639076690044e-07
50 4.088590140150226e-07
60 5.621811442706561e-07
70 3.0664426051126696e-07
80 9.199327815338009e-07
90 8.68825404781923e-07
100 8.68825404781923e-07
110 5.621811442706561e-07
120 9.199327815338009e-07
130 6.643958977744117e-07
140 1.1243622885413123e-06
150 4.5996639076690044e-07
160 4.088590140150226e-07
170 4.088590140150226e-07
180 4.5996639076690044e-07
190 2.555368837593891e-07
200 1.788758186315724e-06
300 1.4258958113773913e-05
1000 2.5553688375938913e-06
420
1 5.110737675187782e-07
10 4.088590140150226e-07
20 8.177180280300452e-07
30 1.2776844187969456e-06
40 7.155032745262895e-07
50 5.621811442706561e-07
60 1.3287917955488234e-06
70 7.666106512781674e-07
80 1.17546966529319e-06
90 7.666106512781674e-07
100 1.3287917955488234e-06
110 6.132885210225339e-07
120 1.2776844187969456e-06
130 1.0732549117894343e-06
140 1.0221475350375565e-06
150 1.2776844187969456e-06
160 8.177180280300452e-07
170 9.199327815338009e-07
180 1.3798991723007012e-06
190 8.68825404781923e-07
200 3.6286237493833255e-06
300 1.625214580709715e-05
1000 1.2776844187969456e-06
340
1 1.5332213025563348e-07
10 2.044295070075113e-07
20 1.0221475350375565e-07
30 2.044295070075113e-07
40 3.0664426051126696e-07
50 2.044295070075113e-07
60 3.0664426051126696e-07
70 2.555368837593891e-07
80 5.621811442706561e-07
90 4.5996639076690044e-07
100 3.5775163726314475e-07
110 3.0664426051126696e-07
120 4.088590140150226e-07
130 5.110737675187782e-07
140 5.110737675187782e-07
150 2.555368837593891e-07
160 7.155032745262895e-07
170 4.5996639076690044e-07
180 6.132885210225339e-07
190 5.621811442706561e-07
200 3.577516372631448e-06
300 8.330502410556085e-06
900 2.044295070075113e-07
1000 1.5332213025563348e-07
360
1 5.1107376751877825e-08
20 5.1107376751877825e-08
30 5.1107376751877825e-08
40 1.0221475350375565e-07
50 1.0221475350375565e-07
60 1.0221475350375565e-07
80 1.0221475350375565e-07
90 1.5332213025563348e-07
110 1.0221475350375565e-07
120 2.044295070075113e-07
130 2.044295070075113e-07
140 1.0221475350375565e-07
150 2.044295070075113e-07
160 1.5332213025563348e-07
170 1.0221475350375565e-07
180 1.5332213025563348e-07
190 2.555368837593891e-07
200 1.2265770420450678e-06
300 4.548556530917126e-06
800 3.5775163726314475e-07
900 2.555368837593891e-07
1000 7.155032745262895e-07
500
1 5.621811442706561e-07
10 1.0732549117894343e-06
20 1.5843286793082126e-06
30 1.2776844187969456e-06
40 1.1243622885413123e-06
50 8.177180280300452e-07
60 1.17546966529319e-06
70 9.710401582856787e-07
80 9.199327815338009e-07
90 8.68825404781923e-07
100 6.643958977744117e-07
110 6.132885210225339e-07
120 4.088590140150226e-07
130 2.555368837593891e-07
140 4.088590140150226e-07
150 4.5996639076690044e-07
160 2.044295070075113e-07
170 6.132885210225339e-07
180 4.088590140150226e-07
190 4.5996639076690044e-07
200 2.657583591097647e-06
300 1.0681441741142466e-05
400 7.155032745262895e-07
1000 5.621811442706561e-07
2000 2.044295070075113e-07
460
1 1.0221475350375565e-07
20 1.5332213025563348e-07
30 2.044295070075113e-07
40 1.5332213025563348e-07
50 2.044295070075113e-07
60 4.5996639076690044e-07
70 5.1107376751877825e-08
80 2.044295070075113e-07
90 3.0664426051126696e-07
100 1.5332213025563348e-07
110 1.5332213025563348e-07
120 2.044295070075113e-07
130 1.0221475350375565e-07
140 1.5332213025563348e-07
150 1.5332213025563348e-07
160 5.1107376751877825e-08
170 1.0221475350375565e-07
180 5.1107376751877825e-08
190 1.5332213025563348e-07
200 4.088590140150226e-07
300 2.1976172003307465e-06
1000 1.3287917955488234e-06
280
40 1.0221475350375565e-07
140 5.1107376751877825e-08
180 5.1107376751877825e-08
300 3.0664426051126696e-07
400
10 5.1107376751877825e-08
20 1.0221475350375565e-07
30 1.5332213025563348e-07
50 5.1107376751877825e-08
60 4.088590140150226e-07
70 1.0221475350375565e-07
80 2.044295070075113e-07
90 3.0664426051126696e-07
110 1.0221475350375565e-07
120 5.1107376751877825e-08
130 1.0221475350375565e-07
140 3.5775163726314475e-07
150 2.555368837593891e-07
160 2.555368837593891e-07
170 2.555368837593891e-07
180 3.0664426051126696e-07
190 2.044295070075113e-07
200 1.0732549117894343e-06
300 2.964227851608914e-06
1000 1.0221475350375565e-07
550
1 5.1107376751877825e-08
10 1.5332213025563348e-07
20 1.5332213025563348e-07
30 1.0221475350375565e-07
40 2.555368837593891e-07
50 5.1107376751877825e-08
60 1.5332213025563348e-07
70 5.1107376751877825e-08
80 5.1107376751877825e-08
90 5.1107376751877825e-08
100 1.0221475350375565e-07
110 5.1107376751877825e-08
120 2.044295070075113e-07
130 1.0221475350375565e-07
140 5.1107376751877825e-08
160 1.0221475350375565e-07
170 5.1107376751877825e-08
180 1.0221475350375565e-07
200 2.044295070075113e-07
300 1.5843286793082126e-06
1000 1.0221475350375565e-07
2000 1.0221475350375565e-07
600
80 5.1107376751877825e-08
90 5.1107376751877825e-08
120 5.1107376751877825e-08
200 1.0221475350375565e-07
300 5.1107376751877825e-08
480
1 1.5332213025563348e-07
30 1.0221475350375565e-07
40 1.0221475350375565e-07
50 5.1107376751877825e-08
60 2.044295070075113e-07
70 1.0221475350375565e-07
80 1.0221475350375565e-07
90 1.0221475350375565e-07
100 1.0221475350375565e-07
110 1.5332213025563348e-07
130 5.1107376751877825e-08
140 1.0221475350375565e-07
150 5.1107376751877825e-08
160 1.0221475350375565e-07
170 1.0221475350375565e-07
180 1.0221475350375565e-07
190 5.1107376751877825e-08
200 1.0221475350375565e-07
300 1.2776844187969456e-06
400 5.1107376751877825e-08
1000 5.1107376751877825e-08
380
100 1.0221475350375565e-07
160 1.0221475350375565e-07
200 5.1107376751877825e-08
300 2.044295070075113e-07
900 5.1107376751877825e-08
1000 1.0221475350375565e-07
700
130 5.1107376751877825e-08
750
400 5.1107376751877825e-08
300
90 5.1107376751877825e-08
110 5.1107376751877825e-08
200 5.1107376751877825e-08
300 5.1107376751877825e-08
