8
1 0.0007071725440099504
10 0.0008735472268481936
20 0.00012277746344325067
30 0.00025228685046955167
40 0.001258869710030406
50 0.00048117225229326184
60 8.751500657965389e-05
70 0.0006911441545264974
80 0.00015483424241015688
90 4.776460066069021e-05
100 0.00012373916681225787
110 4.584119392267584e-05
120 4.071210928797086e-05
130 5.1290846347049896e-05
140 0.00010803134511847383
150 3.6865295811942114e-05
160 3.718586360161117e-05
170 2.5004287594186824e-05
180 2.9812804439222753e-05
190 3.3980185704920554e-05
200 0.00016541297946923592
300 0.0003667295513814067
400 0.0003737820427541261
500 0.00033499334020416964
600 0.00029043441744017005
700 0.00026158331636995445
800 0.00022696199508569578
900 0.00018721158916673212
1000 0.0007728889408921082
2000 0.0014335791554000445
3000 0.0004484743377470175
4000 0.00033306993346615525
5000 0.00020612508875720675
6000 0.00017182433526261715
7000 6.924264256851736e-05
8000 3.8788702549956486e-05
9000 1.731066064212934e-05
10000 4.8085168450359275e-06
20000 6.763980362017204e-05
40000 3.846813476028742e-06
60000 1.2822711586762474e-06
240
1 4.071210928797086e-05
10 4.455892276399959e-05
20 4.487949055366866e-06
30 9.617033690071855e-07
40 8.975898110733731e-06
50 2.5645423173524947e-06
60 1.2822711586762474e-06
70 7.373059162388423e-06
90 9.617033690071855e-07
100 1.6028389483453093e-06
120 6.411355793381237e-07
130 9.617033690071855e-07
140 6.411355793381237e-07
160 9.617033690071855e-07
180 6.411355793381237e-07
190 9.617033690071855e-07
200 3.5262456863596804e-06
300 5.449652424374051e-06
400 6.090788003712175e-06
500 5.449652424374051e-06
600 2.5645423173524947e-06
700 5.1290846347049894e-06
800 5.770220214043113e-06
900 3.2056778966906185e-06
1000 1.2502143797093412e-05
2000 1.4746118324776845e-05
3000 8.014194741726546e-06
4000 5.770220214043113e-06
5000 1.2822711586762474e-06
6000 2.8851101070215566e-06
8000 3.2056778966906184e-07
9000 9.617033690071855e-07
10000 3.2056778966906184e-07
20000 9.617033690071855e-07
1
1 0.02243910414125499
10 0.021399823367147894
20 0.0090073137541213
30 0.021017385994072702
40 0.0715632327979317
50 0.026324065184254352
60 0.008783236869142626
70 0.0183182052050592
80 0.01071273439516071
90 0.0059660871335309095
100 0.01039120490212264
110 0.00456167964699075
120 0.0031854821259414677
130 0.002997629401195397
140 0.010429352469093258
150 0.0038891284242650584
160 0.003114636644424605
170 0.002041375684612586
180 0.002779002168641097
190 0.0027392517627221336
200 0.013844681700227443
300 0.02289398983479539
400 0.022889181317950355
500 0.022193549214368488
600 0.01873622560278766
700 0.01693110837916117
800 0.014125819651767211
900 0.011999493502892323
1000 0.04112307719432659
2000 0.040589331824527605
3000 0.013491095428222468
4000 0.008243721279129595
5000 0.0048800034621321285
6000 0.0030043613247784477
7000 0.001176483788085457
8000 0.0008588011085234167
9000 0.00039942746592765106
10000 0.00015194913230313532
20000 0.00141466565580957
40000 0.00012213632786391257
60000 5.834333771976926e-05
80000 1.057873705907904e-05
100000 4.167381265697804e-06
200000 9.617033690071855e-07
300000 3.2056778966906184e-07
2
1 0.006282166974144605
10 0.006276076186140893
20 0.0020971544800150025
30 0.01217837032952766
40 0.019282473116383737
50 0.007942387556840676
60 0.002072791328000154
70 0.009121115319453817
80 0.008127034603690056
90 0.0011412213312218603
100 0.002588584901577674
110 0.0008931018620180063
120 0.0006837710953641089
130 0.0006933881290541807
140 0.002664559467729242
150 0.001207899431473025
160 0.0006183752662716203
170 0.0004225083467838235
180 0.0005478503525444267
190 0.000559390792972513
200 0.0031319473050667344
300 0.005914155151604522
400 0.00624978962738803
500 0.005996220505759802
600 0.005425609840148872
700 0.005079396627306285
800 0.005039005085807983
900 0.004451404327344592
1000 0.01918053255926898
2000 0.02983428248113058
3000 0.009190357962022335
4000 0.005404131798241045
5000 0.0034852130092820404
6000 0.0027802844397997735
7000 0.001369145029676563
8000 0.0006978760781095476
9000 0.0003689735259090902
10000 0.0001301505226056391
20000 0.0010706964174946665
40000 7.180718488586985e-05
60000 3.2697914546244306e-05
80000 4.487949055366866e-06
100000 2.8851101070215566e-06
200000 9.617033690071855e-07
300000 6.411355793381237e-07
400000 3.2056778966906184e-07
1200
1 4.167381265697804e-06
10 7.052491372719361e-06
40 1.923406738014371e-06
50 2.8851101070215566e-06
100 3.2056778966906184e-07
130 3.2056778966906184e-07
180 3.2056778966906184e-07
200 3.2056778966906184e-07
300 1.2822711586762474e-06
400 6.411355793381237e-07
700 6.411355793381237e-07
1000 9.617033690071855e-07
2000 6.411355793381237e-07
4000 9.617033690071855e-07
6000 3.2056778966906184e-07
3
1 0.003191893481734849
10 0.0037362175885929157
20 0.0009960041225017752
30 0.0018753215695640117
40 0.009317302806731282
50 0.003213692091432345
60 0.0007539754413016334
70 0.002857541277110017
80 0.0012245689565358161
90 0.0005045737009391033
100 0.0008296294396635321
110 0.00035999762779835646
120 0.00027184148563936443
130 0.0003093479170306447
140 0.0011524412038602773
150 0.000336916746942184
160 0.00022471802055801235
170 0.00015066686114445906
180 0.00021830666476463113
190 0.0002317705119307317
200 0.0012101434060007084
300 0.0023683548300750287
400 0.00254915506344838
500 0.0023186668226763242
600 0.002161268037948815
700 0.0020045103888006437
800 0.0017179227848365024
900 0.001410177706754203
1000 0.00556281285412723
2000 0.0177649052000904
3000 0.0025780061645185952
4000 0.0015890545333895395
5000 0.001000171503767473
6000 0.0007328179671834753
7000 0.00035839478885001114
8000 0.000212536444550588
9000 0.00011316042975317882
10000 4.007097370863273e-05
20000 0.0003907721356065864
40000 2.6607126542532134e-05
60000 8.334762531395608e-06
80000 9.617033690071855e-07
100000 1.6028389483453093e-06
200000 3.2056778966906184e-07
12
1 0.0006590873755595912
10 0.0008270648973461795
20 0.00011187815859450258
30 0.00017823569105599837
40 0.0009466366828927396
50 0.0004029537116140107
60 5.8663905509438316e-05
70 0.0007074931117996195
80 9.713204026972574e-05
90 3.2697914546244306e-05
100 9.07206844763445e-05
110 3.462132128425868e-05
120 3.622416023260399e-05
130 5.2573117505726144e-05
140 7.373059162388423e-05
150 2.917166885988463e-05
160 2.3722016435510577e-05
170 1.4746118324776845e-05
180 2.276031306650339e-05
190 2.115747411815808e-05
200 0.00013399733608166785
300 0.0002862670361744722
400 0.00029364009533686065
500 0.00026414785868730697
600 0.00022119177487165266
700 0.0002218329104509908
800 0.0001907378348530918
900 0.00014233209861306347
1000 0.0006545994265042243
2000 0.0014438373246694546
3000 0.0004218672112044854
4000 0.0002981280443922275
5000 0.00019202010601176804
6000 0.0001269448447089485
7000 6.2190151195798e-05
8000 2.1478041907827143e-05
9000 1.4425550535107783e-05
10000 6.411355793381237e-06
20000 5.1611414136718955e-05
40000 2.5645423173524947e-06
60000 3.2056778966906184e-07
80000 3.2056778966906184e-07
100000 3.2056778966906184e-07
700
1 1.4746118324776845e-05
10 2.6607126542532134e-05
20 1.6028389483453093e-06
30 9.617033690071855e-07
40 7.373059162388423e-06
50 1.6028389483453093e-06
60 3.2056778966906184e-07
70 9.617033690071855e-07
80 6.411355793381237e-07
90 6.411355793381237e-07
120 3.2056778966906184e-07
130 3.2056778966906184e-07
150 3.2056778966906184e-07
160 3.2056778966906184e-07
180 6.411355793381237e-07
200 9.617033690071855e-07
300 1.6028389483453093e-06
400 2.8851101070215566e-06
500 1.923406738014371e-06
600 2.243974527683433e-06
700 1.2822711586762474e-06
800 6.411355793381237e-07
900 1.923406738014371e-06
1000 3.846813476028742e-06
2000 2.5645423173524947e-06
3000 1.923406738014371e-06
4000 1.6028389483453093e-06
6000 6.411355793381237e-07
8000 6.411355793381237e-07
20
1 0.0003202472218793928
10 0.00038019339854750736
20 3.7826999180949297e-05
30 6.731923583050299e-05
40 0.0003606387633776946
50 0.00011989235333622913
60 1.923406738014371e-05
70 0.0002814585193294363
80 2.8851101070215567e-05
90 1.3143279376431536e-05
100 2.6927694332201196e-05
110 1.1540440428086226e-05
120 1.057873705907904e-05
130 1.6348957273122153e-05
140 1.9875202959481834e-05
150 9.937601479740917e-06
160 9.296465900402793e-06
170 6.090788003712175e-06
180 8.334762531395608e-06
190 1.0258169269409979e-05
200 5.225254971605708e-05
300 0.00010931361627715008
400 0.0001150838364911932
500 9.969658258707823e-05
600 8.495046426230139e-05
700 7.950081183792734e-05
800 6.796037140984111e-05
900 5.097027855738083e-05
1000 0.00023497618982742233
2000 0.0003638444412743852
3000 0.00017310660642129338
4000 0.00012053348891556726
5000 8.078308299660358e-05
6000 5.4817092033409574e-05
7000 2.596599096319401e-05
8000 9.617033690071855e-06
9000 8.014194741726546e-06
10000 3.2056778966906185e-06
20000 2.0195770749150896e-05
40000 3.2056778966906184e-07
60000 6.411355793381237e-07
80000 6.411355793381237e-07
850
1 1.057873705907904e-05
10 2.0195770749150896e-05
20 9.617033690071855e-07
30 9.617033690071855e-07
40 4.487949055366866e-06
70 9.617033690071855e-07
150 3.2056778966906184e-07
180 6.411355793381237e-07
190 6.411355793381237e-07
200 3.2056778966906184e-07
300 1.6028389483453093e-06
400 1.6028389483453093e-06
500 2.5645423173524947e-06
600 2.8851101070215566e-06
700 1.6028389483453093e-06
800 6.411355793381237e-07
900 3.2056778966906184e-07
1000 1.2822711586762474e-06
2000 4.167381265697804e-06
3000 9.617033690071855e-07
4000 9.617033690071855e-07
5000 3.2056778966906184e-07
6000 6.411355793381237e-07
7000 6.411355793381237e-07
420
1 1.602838948345309e-05
10 2.3722016435510577e-05
20 2.5645423173524947e-06
30 1.2822711586762474e-06
40 4.487949055366866e-06
50 1.2822711586762474e-06
60 1.2822711586762474e-06
70 1.923406738014371e-06
80 3.2056778966906184e-07
90 9.617033690071855e-07
100 9.617033690071855e-07
110 3.2056778966906184e-07
120 6.411355793381237e-07
150 6.411355793381237e-07
170 3.2056778966906184e-07
180 3.2056778966906184e-07
190 6.411355793381237e-07
200 1.2822711586762474e-06
300 2.5645423173524947e-06
400 2.8851101070215566e-06
500 3.846813476028742e-06
600 9.617033690071855e-07
700 3.2056778966906184e-07
800 1.6028389483453093e-06
900 1.6028389483453093e-06
1000 3.5262456863596804e-06
2000 3.846813476028742e-06
3000 1.6028389483453093e-06
4000 1.2822711586762474e-06
5000 3.2056778966906184e-07
6000 3.2056778966906184e-07
8000 3.2056778966906184e-07
20000 3.2056778966906184e-07
200
1 6.315185456480518e-05
10 6.315185456480518e-05
20 1.0258169269409979e-05
30 7.052491372719361e-06
40 7.693626952057484e-06
50 6.411355793381237e-06
60 3.2056778966906185e-06
70 1.6348957273122153e-05
80 6.411355793381237e-07
90 3.2056778966906184e-07
100 4.167381265697804e-06
110 3.2056778966906184e-07
120 1.2822711586762474e-06
130 1.6028389483453093e-06
140 9.617033690071855e-07
150 6.411355793381237e-07
160 6.411355793381237e-07
170 6.411355793381237e-07
180 1.923406738014371e-06
190 2.243974527683433e-06
200 4.487949055366866e-06
300 9.937601479740917e-06
400 8.014194741726546e-06
500 5.1290846347049894e-06
600 5.449652424374051e-06
700 4.8085168450359275e-06
800 3.846813476028742e-06
900 4.167381265697804e-06
1000 1.3143279376431536e-05
2000 1.6669525062791215e-05
3000 1.1540440428086226e-05
4000 5.449652424374051e-06
5000 2.243974527683433e-06
6000 3.2056778966906185e-06
7000 1.923406738014371e-06
8000 6.411355793381237e-07
9000 6.411355793381237e-07
20000 1.6028389483453093e-06
9
1 0.0005975383599431313
10 0.000689220747788483
20 0.00011187815859450258
30 0.00016669525062791216
40 0.0010024154782951563
50 0.0003708969326471046
60 6.507526130281955e-05
70 0.0006004234700501529
80 9.841431142840198e-05
90 3.3659617915251495e-05
100 9.777317584906387e-05
110 3.1095075597899e-05
120 3.462132128425868e-05
130 4.455892276399959e-05
140 7.661570173090578e-05
150 3.1095075597899e-05
160 2.115747411815808e-05
170 1.9554635169812772e-05
180 2.5645423173524948e-05
190 3.8788702549956486e-05
200 0.00014585834429942313
300 0.0002740854601670479
400 0.0003022954256579253
500 0.0002699180789013501
600 0.00022952653740304827
700 0.0002141392834989333
800 0.00018913499590474648
900 0.00014938458998578282
1000 0.0006177341306922822
2000 0.0011671873221850541
3000 0.00039141327118592453
4000 0.00027248262121870256
5000 0.00017118319968327902
6000 0.00012373916681225787
7000 4.776460066069021e-05
8000 2.6927694332201196e-05
9000 1.3463847166100598e-05
10000 4.8085168450359275e-06
20000 5.417595645407145e-05
40000 3.5262456863596804e-06
60000 6.411355793381237e-07
7
1 0.0008777146081138913
10 0.0010187644355682786
20 0.00017150376747294808
30 0.00032313233198641433
40 0.0016964447429286753
50 0.0006055525546848578
60 9.649090469038762e-05
70 0.0008071896943866977
80 0.00020388111422952332
90 6.026674445778363e-05
100 0.00017118319968327902
110 5.6740498771423945e-05
120 4.359721939499241e-05
130 7.693626952057484e-05
140 0.00016413070831055966
150 6.026674445778363e-05
160 4.712346508135209e-05
170 2.788939770120838e-05
180 3.8788702549956486e-05
190 4.071210928797086e-05
200 0.000212536444550588
300 0.00046610556617881593
400 0.0004635410238614634
500 0.00044687149879867223
600 0.00037121750043677364
700 0.0003410841282078818
800 0.0003032571290269325
900 0.0002461960624658395
1000 0.0009649090469038762
2000 0.0016711198875448193
3000 0.0006084376647918794
4000 0.00041064733856606823
5000 0.0002461960624658395
6000 0.00019426408053945147
7000 8.623273542097764e-05
8000 5.225254971605708e-05
9000 2.5324855383855886e-05
10000 5.770220214043113e-06
20000 8.302705752428701e-05
40000 5.770220214043113e-06
60000 1.2822711586762474e-06
80000 6.411355793381237e-07
500
1 2.5324855383855886e-05
10 3.333905012558243e-05
20 7.373059162388423e-06
30 1.923406738014371e-06
40 3.5262456863596804e-06
50 6.411355793381237e-07
60 3.2056778966906185e-06
70 2.5645423173524947e-06
80 9.617033690071855e-07
90 1.2822711586762474e-06
100 1.6028389483453093e-06
110 3.2056778966906184e-07
120 1.2822711586762474e-06
130 3.2056778966906184e-07
140 6.411355793381237e-07
170 3.2056778966906184e-07
180 6.411355793381237e-07
190 9.617033690071855e-07
200 6.411355793381237e-07
300 1.923406738014371e-06
400 2.8851101070215566e-06
500 3.2056778966906185e-06
600 2.243974527683433e-06
700 2.243974527683433e-06
800 2.243974527683433e-06
900 1.2822711586762474e-06
1000 4.8085168450359275e-06
2000 1.0258169269409979e-05
3000 3.5262456863596804e-06
4000 1.6028389483453093e-06
5000 6.411355793381237e-07
6000 1.2822711586762474e-06
8000 3.2056778966906184e-07
20000 3.2056778966906184e-07
2300
1 2.243974527683433e-06
10 3.2056778966906185e-06
20 3.2056778966906184e-07
180 3.2056778966906184e-07
400 1.2822711586762474e-06
2000 3.2056778966906184e-07
3000 6.411355793381237e-07
950
1 8.334762531395608e-06
10 9.617033690071855e-06
20 9.617033690071855e-07
40 2.5645423173524947e-06
50 3.2056778966906184e-07
90 6.411355793381237e-07
110 3.2056778966906184e-07
120 3.2056778966906184e-07
140 6.411355793381237e-07
180 3.2056778966906184e-07
200 6.411355793381237e-07
300 2.243974527683433e-06
400 1.2822711586762474e-06
500 2.243974527683433e-06
600 6.411355793381237e-07
700 1.2822711586762474e-06
800 1.2822711586762474e-06
1000 1.6028389483453093e-06
2000 6.411355793381237e-07
3000 1.2822711586762474e-06
4000 3.2056778966906184e-07
8000 3.2056778966906184e-07
140
1 8.495046426230139e-05
10 0.00011796894659821476
20 1.1540440428086226e-05
30 7.373059162388423e-06
40 3.3980185704920554e-05
50 2.083690632848902e-05
60 4.167381265697804e-06
70 1.923406738014371e-05
80 2.5645423173524947e-06
90 1.923406738014371e-06
100 2.5645423173524947e-06
110 1.2822711586762474e-06
120 6.411355793381237e-07
130 2.8851101070215566e-06
140 1.2822711586762474e-06
150 1.2822711586762474e-06
160 3.5262456863596804e-06
170 1.2822711586762474e-06
180 1.923406738014371e-06
190 3.5262456863596804e-06
200 9.296465900402793e-06
300 1.5066686114445907e-05
400 1.570782169378403e-05
500 1.6669525062791215e-05
600 1.6348957273122153e-05
700 1.570782169378403e-05
800 1.0258169269409979e-05
900 8.014194741726546e-06
1000 3.52624568635968e-05
2000 4.87263040296974e-05
3000 1.9554635169812772e-05
4000 1.5387253904114967e-05
5000 5.1290846347049894e-06
6000 4.167381265697804e-06
7000 3.846813476028742e-06
8000 9.617033690071855e-07
9000 1.2822711586762474e-06
10000 6.411355793381237e-07
20000 3.2056778966906185e-06
40000 3.2056778966906184e-07
4600
1 9.617033690071855e-07
10 1.6028389483453093e-06
80 3.2056778966906184e-07
1750
1 4.8085168450359275e-06
10 3.2056778966906185e-06
110 6.411355793381237e-07
140 3.2056778966906184e-07
160 3.2056778966906184e-07
180 3.2056778966906184e-07
200 6.411355793381237e-07
300 3.2056778966906184e-07
500 3.2056778966906184e-07
700 3.2056778966906184e-07
2000 9.617033690071855e-07
3000 1.6028389483453093e-06
4000 3.2056778966906184e-07
5000 6.411355793381237e-07
380
1 1.6669525062791215e-05
10 3.0774507808229935e-05
20 1.0258169269409979e-05
30 3.2056778966906184e-07
40 8.975898110733731e-06
50 1.6028389483453093e-06
60 9.617033690071855e-07
70 1.923406738014371e-06
100 3.2056778966906184e-07
130 6.411355793381237e-07
140 6.411355793381237e-07
170 3.2056778966906184e-07
190 3.2056778966906184e-07
200 9.617033690071855e-07
300 3.5262456863596804e-06
400 2.8851101070215566e-06
500 3.2056778966906185e-06
600 1.6028389483453093e-06
700 1.923406738014371e-06
800 3.2056778966906185e-06
900 2.5645423173524947e-06
1000 7.693626952057484e-06
2000 3.5262456863596804e-06
3000 2.243974527683433e-06
4000 2.243974527683433e-06
5000 6.411355793381237e-07
6000 3.2056778966906184e-07
7000 3.2056778966906184e-07
9000 6.411355793381237e-07
20000 9.617033690071855e-07
1350
1 3.5262456863596804e-06
10 5.449652424374051e-06
20 3.2056778966906184e-07
40 3.846813476028742e-06
50 3.2056778966906184e-07
70 3.2056778966906184e-07
120 3.2056778966906184e-07
190 3.2056778966906184e-07
200 3.2056778966906184e-07
300 1.2822711586762474e-06
400 1.6028389483453093e-06
500 2.243974527683433e-06
600 3.2056778966906184e-07
800 3.2056778966906184e-07
900 3.2056778966906184e-07
1000 3.2056778966906184e-07
2000 3.2056778966906184e-07
9000 3.2056778966906184e-07
20000 3.2056778966906184e-07
650
1 1.5066686114445907e-05
10 2.8851101070215567e-05
20 6.411355793381237e-06
30 1.2822711586762474e-06
40 3.5262456863596804e-06
50 1.6028389483453093e-06
60 3.2056778966906184e-07
70 1.6028389483453093e-06
90 6.411355793381237e-07
110 3.2056778966906184e-07
120 3.2056778966906184e-07
130 3.2056778966906184e-07
150 3.2056778966906184e-07
160 3.2056778966906184e-07
170 3.2056778966906184e-07
180 9.617033690071855e-07
190 6.411355793381237e-07
200 1.2822711586762474e-06
300 1.923406738014371e-06
400 1.6028389483453093e-06
500 1.6028389483453093e-06
600 1.2822711586762474e-06
700 1.6028389483453093e-06
800 3.2056778966906184e-07
900 3.2056778966906184e-07
1000 5.1290846347049894e-06
2000 1.6028389483453093e-06
3000 9.617033690071855e-07
4000 6.411355793381237e-07
5000 3.2056778966906184e-07
6000 1.2822711586762474e-06
20000 3.2056778966906184e-07
10
1 0.0009100919548704666
10 0.0011174993147863496
20 0.00015803992030684748
30 0.0002477989014141848
40 0.0014092160033851958
50 0.000564840445396887
60 9.007954889700638e-05
70 0.0009245175054055744
80 0.00015162856451346625
90 4.8405736240028336e-05
100 0.00013784414955769658
110 4.1994380446647105e-05
120 3.52624568635968e-05
130 6.603696467182674e-05
140 0.00011251929417384071
150 3.975040591896367e-05
160 3.6865295811942114e-05
170 2.4683719804517762e-05
180 2.9812804439222753e-05
190 3.301848233591337e-05
200 0.0002317705119307317
300 0.0004051976861416942
400 0.00044398638869165064
500 0.00038019339854750736
600 0.0003285819844107884
700 0.00029171668859884626
800 0.00029107555301950813
900 0.00024234924898981075
1000 0.0008937429975973445
2000 0.0015999538382382877
3000 0.0005702900978212611
4000 0.0003901310000272483
5000 0.0002567747995249185
6000 0.00018913499590474648
7000 9.264409121435888e-05
8000 3.2697914546244306e-05
9000 1.923406738014371e-05
10000 1.0258169269409979e-05
20000 7.05249137271936e-05
40000 3.5262456863596804e-06
80000 3.2056778966906184e-07
3800
1 1.923406738014371e-06
10 6.411355793381237e-07
70 3.2056778966906184e-07
1000 3.2056778966906184e-07
2000 3.2056778966906184e-07
1450
1 6.090788003712175e-06
10 3.5262456863596804e-06
40 2.243974527683433e-06
50 3.2056778966906184e-07
140 3.2056778966906184e-07
180 3.2056778966906184e-07
190 3.2056778966906184e-07
200 3.2056778966906184e-07
300 3.2056778966906184e-07
400 3.2056778966906184e-07
500 3.2056778966906184e-07
700 3.2056778966906184e-07
1000 9.617033690071855e-07
2000 9.617033690071855e-07
5000 3.2056778966906184e-07
22
1 0.00024940174036253013
10 0.0003404429926285437
20 3.750643139128024e-05
30 5.6419930981754886e-05
40 0.0003099890526099828
50 0.00010161998932509261
60 1.731066064212934e-05
70 0.0002477989014141848
80 2.1478041907827143e-05
90 8.975898110733731e-06
100 1.6990092852460277e-05
110 7.693626952057484e-06
120 8.65533032106467e-06
130 1.3463847166100598e-05
140 1.602838948345309e-05
150 1.1219872638417165e-05
160 1.0258169269409979e-05
170 4.167381265697804e-06
180 7.052491372719361e-06
190 1.2502143797093412e-05
200 4.808516845035928e-05
300 9.264409121435888e-05
400 9.456749795237324e-05
500 8.655330321064669e-05
600 6.892207477884829e-05
700 6.315185456480518e-05
800 5.225254971605708e-05
900 4.1994380446647105e-05
1000 0.00020452224980886145
2000 0.0003093479170306447
3000 0.00013720301397835848
4000 9.969658258707823e-05
5000 6.251071898546707e-05
6000 4.584119392267584e-05
7000 2.43631520148487e-05
8000 1.057873705907904e-05
9000 6.090788003712175e-06
10000 9.617033690071855e-07
20000 2.243974527683433e-05
40000 1.923406738014371e-06
60000 3.2056778966906184e-07
750
1 1.570782169378403e-05
10 2.0516338538819958e-05
20 4.8085168450359275e-06
30 1.923406738014371e-06
40 5.1290846347049894e-06
50 6.411355793381237e-07
70 6.411355793381237e-07
90 3.2056778966906184e-07
100 3.2056778966906184e-07
120 3.2056778966906184e-07
140 3.2056778966906184e-07
150 9.617033690071855e-07
160 6.411355793381237e-07
180 9.617033690071855e-07
200 6.411355793381237e-07
300 1.923406738014371e-06
400 2.5645423173524947e-06
500 1.2822711586762474e-06
600 2.8851101070215566e-06
700 1.923406738014371e-06
800 6.411355793381237e-07
900 3.2056778966906184e-07
1000 3.2056778966906185e-06
2000 3.5262456863596804e-06
3000 1.6028389483453093e-06
4000 6.411355793381237e-07
5000 9.617033690071855e-07
9000 3.2056778966906184e-07
20000 3.2056778966906184e-07
16
1 0.0004369338973189313
10 0.0005148318702085133
20 5.9946176668114564e-05
30 9.168238784535168e-05
40 0.0005298985563229593
50 0.00024042584225179639
60 3.0453940018560876e-05
70 0.00042475232131150694
80 4.776460066069021e-05
90 1.5387253904114967e-05
100 3.5903592442934925e-05
110 2.1478041907827143e-05
120 1.570782169378403e-05
130 2.43631520148487e-05
140 3.52624568635968e-05
150 1.8592931800805586e-05
160 1.4746118324776845e-05
170 1.1219872638417165e-05
180 1.218157600742435e-05
190 1.3143279376431536e-05
200 7.180718488586985e-05
300 0.0001561165135688331
400 0.00018689102137706305
500 0.00015291083567214249
600 0.00013912642071637284
700 0.00011925121775689101
800 9.552920132138042e-05
900 0.00010514623501145229
1000 0.00037666715286114764
2000 0.0005821511060390163
3000 0.0002535691216282279
4000 0.00018560875021838682
5000 0.00011059588743582633
6000 9.104125226601356e-05
7000 3.750643139128024e-05
8000 2.0195770749150896e-05
9000 8.65533032106467e-06
10000 3.5262456863596804e-06
20000 2.6607126542532134e-05
40000 2.5645423173524947e-06
60000 9.617033690071855e-07
1600
1 2.8851101070215566e-06
10 1.923406738014371e-06
90 3.2056778966906184e-07
120 3.2056778966906184e-07
130 3.2056778966906184e-07
200 3.2056778966906184e-07
300 6.411355793381237e-07
400 6.411355793381237e-07
800 1.2822711586762474e-06
900 3.2056778966906184e-07
2000 9.617033690071855e-07
40
1 0.0003596770600086874
10 0.00044655093100900317
20 4.487949055366866e-05
30 4.968800739870458e-05
40 0.00020227827528117802
50 6.988377814785549e-05
60 1.923406738014371e-05
70 0.00029043441744017005
80 1.8913499590474648e-05
90 1.218157600742435e-05
100 2.1798609697496205e-05
110 1.1219872638417165e-05
120 8.65533032106467e-06
130 1.5387253904114967e-05
140 1.602838948345309e-05
150 8.65533032106467e-06
160 9.937601479740917e-06
170 5.449652424374051e-06
180 8.65533032106467e-06
190 7.693626952057484e-06
200 4.295608381565429e-05
300 8.591216763130857e-05
400 8.943841331766825e-05
500 6.571639688215768e-05
600 5.802276993010019e-05
700 5.417595645407145e-05
800 5.1611414136718955e-05
900 4.520005834333772e-05
1000 0.00019522578390845867
2000 0.0003083862136616375
3000 0.00014008812408538004
4000 0.00010226112490443073
5000 6.892207477884829e-05
6000 4.6161761712344906e-05
7000 1.9554635169812772e-05
8000 1.0258169269409979e-05
9000 5.770220214043113e-06
10000 1.2822711586762474e-06
20000 2.3722016435510577e-05
40000 9.617033690071855e-07
5
1 0.001425885528447987
10 0.0017538263772794373
20 0.00036929409369875925
30 0.000647867502921174
40 0.003334225580347912
50 0.0012088611348420322
60 0.00024940174036253013
70 0.001296055573632017
80 0.0004622587527027872
90 0.00014938458998578282
100 0.0002942812309161988
110 0.00011732781101887663
120 8.879727773833013e-05
130 0.00012470087018126507
140 0.0003519834330566299
150 0.0001083519129081429
160 8.975898110733732e-05
170 5.54582276127477e-05
180 7.533343057222953e-05
190 9.104125226601356e-05
200 0.0004260345924701832
300 0.0008931018620180063
400 0.0009360579458336605
500 0.0008466195325159923
600 0.0007302534248661229
700 0.0006821682564157637
800 0.0006061936902641959
900 0.0005109850567324845
1000 0.0019394351274978241
2000 0.0037653892574528005
3000 0.001078069476657055
4000 0.0007183924166483676
5000 0.00046802897291683027
6000 0.00033563447578350777
7000 0.00015323140346181155
8000 8.014194741726547e-05
9000 4.584119392267584e-05
10000 2.083690632848902e-05
20000 0.00015387253904114968
40000 1.3463847166100598e-05
60000 3.5262456863596804e-06
80000 9.617033690071855e-07
100000 3.2056778966906184e-07
200000 3.2056778966906184e-07
400
1 1.1861008217755288e-05
10 2.083690632848902e-05
20 2.5645423173524947e-06
30 1.2822711586762474e-06
40 7.373059162388423e-06
50 1.923406738014371e-06
60 1.2822711586762474e-06
70 6.411355793381237e-07
80 6.411355793381237e-07
90 1.2822711586762474e-06
110 9.617033690071855e-07
130 9.617033690071855e-07
140 3.2056778966906184e-07
150 3.2056778966906184e-07
170 3.2056778966906184e-07
200 1.923406738014371e-06
300 3.5262456863596804e-06
400 3.2056778966906185e-06
500 2.243974527683433e-06
600 9.617033690071855e-07
700 9.617033690071855e-07
800 1.2822711586762474e-06
900 1.2822711586762474e-06
1000 3.846813476028742e-06
2000 5.449652424374051e-06
3000 1.6028389483453093e-06
4000 1.6028389483453093e-06
5000 6.411355793381237e-07
6000 9.617033690071855e-07
20000 9.617033690071855e-07
31000
1 3.2056778966906184e-07
14
1 0.0005433624034890598
10 0.0006555611298732315
20 8.687387100031576e-05
30 0.00013047109039530816
40 0.0006677427058806558
50 0.0002792145448017529
60 4.039154149830179e-05
70 0.0005308602596919664
80 6.122844782679082e-05
90 2.6607126542532134e-05
100 5.417595645407145e-05
110 2.404258422517964e-05
120 1.6990092852460277e-05
130 3.654472802227305e-05
140 4.520005834333772e-05
150 2.3722016435510577e-05
160 2.43631520148487e-05
170 1.3463847166100598e-05
180 1.602838948345309e-05
190 1.76312284317984e-05
200 0.00010161998932509261
300 0.00020388111422952332
400 0.00022728256287536484
500 0.00019426408053945147
600 0.0001772739876869912
700 0.00015162856451346625
800 0.00013175336155398442
900 0.00011476326870152414
1000 0.0004901481504039956
2000 0.000814242185759417
3000 0.00031095075597898996
4000 0.00023722016435510576
5000 0.00014233209861306347
6000 0.00011283986196350977
7000 4.359721939499241e-05
8000 1.8272364011136525e-05
9000 1.4104982745438722e-05
10000 3.5262456863596804e-06
20000 3.654472802227305e-05
40000 1.6028389483453093e-06
60000 9.617033690071855e-07
300000 3.2056778966906184e-07
60
1 0.000388848728868572
10 0.0004959183706180387
20 4.4238354974330534e-05
30 5.1290846347049896e-05
40 0.00022632085950635765
50 6.379299014414331e-05
60 1.7951796221467463e-05
70 0.00027087978227035724
80 1.731066064212934e-05
90 9.296465900402793e-06
100 1.0899304848748103e-05
110 8.014194741726546e-06
120 1.0258169269409979e-05
130 1.4746118324776845e-05
140 1.602838948345309e-05
150 8.65533032106467e-06
160 8.65533032106467e-06
170 6.090788003712175e-06
180 9.937601479740917e-06
190 9.617033690071855e-06
200 4.520005834333772e-05
300 9.104125226601356e-05
400 9.232352342468981e-05
500 6.956321035818642e-05
600 6.186958340612894e-05
700 5.28936852953952e-05
800 4.584119392267584e-05
900 4.455892276399959e-05
1000 0.00020291941086051615
2000 0.00027184148563936443
3000 0.00013495903945067505
4000 9.809374363873292e-05
5000 6.411355793381237e-05
6000 4.552062613300678e-05
7000 2.0516338538819958e-05
8000 9.296465900402793e-06
9000 6.731923583050299e-06
10000 9.617033690071855e-07
20000 2.4683719804517762e-05
40000 6.411355793381237e-07
500000 3.2056778966906184e-07
360
1 1.9554635169812772e-05
10 2.596599096319401e-05
20 6.090788003712175e-06
30 3.2056778966906184e-07
40 6.411355793381237e-06
50 1.6028389483453093e-06
60 1.923406738014371e-06
70 1.923406738014371e-06
80 6.411355793381237e-07
90 3.2056778966906184e-07
120 9.617033690071855e-07
130 9.617033690071855e-07
140 3.2056778966906184e-07
180 9.617033690071855e-07
200 6.411355793381237e-07
300 2.243974527683433e-06
400 1.923406738014371e-06
500 1.2822711586762474e-06
600 1.923406738014371e-06
700 1.2822711586762474e-06
800 1.2822711586762474e-06
900 1.2822711586762474e-06
1000 5.449652424374051e-06
2000 6.411355793381237e-06
3000 9.617033690071855e-07
4000 1.923406738014371e-06
5000 1.6028389483453093e-06
6000 1.923406738014371e-06
7000 3.2056778966906184e-07
8000 3.2056778966906184e-07
10000 6.411355793381237e-07
44
1 8.110365078627265e-05
10 0.00011604553986020038
20 9.296465900402793e-06
30 8.65533032106467e-06
40 4.584119392267584e-05
50 1.6669525062791215e-05
60 6.090788003712175e-06
70 6.763980362017204e-05
80 2.5645423173524947e-06
90 2.8851101070215566e-06
100 7.052491372719361e-06
110 2.5645423173524947e-06
120 2.8851101070215566e-06
130 2.5645423173524947e-06
140 3.5262456863596804e-06
150 2.5645423173524947e-06
160 1.923406738014371e-06
170 1.2822711586762474e-06
180 2.8851101070215566e-06
190 6.411355793381237e-07
200 1.2822711586762474e-05
300 1.9554635169812772e-05
400 1.8913499590474648e-05
500 1.7951796221467463e-05
600 1.76312284317984e-05
700 1.4104982745438722e-05
800 1.378441495576966e-05
900 7.693626952057484e-06
1000 4.231494823631616e-05
2000 6.443412572348143e-05
3000 3.975040591896367e-05
4000 2.2119177487165267e-05
5000 2.0195770749150896e-05
6000 1.4746118324776845e-05
7000 7.373059162388423e-06
8000 2.5645423173524947e-06
9000 1.6028389483453093e-06
10000 3.2056778966906184e-07
20000 3.2056778966906185e-06
40000 3.2056778966906184e-07
100000 3.2056778966906184e-07
2250
1 2.8851101070215566e-06
10 2.5645423173524947e-06
400 9.617033690071855e-07
600 3.2056778966906184e-07
800 3.2056778966906184e-07
1000 3.2056778966906184e-07
4000 3.2056778966906184e-07
20000 3.2056778966906184e-07
26
1 0.00021125417339191174
10 0.0002548513927869042
20 2.276031306650339e-05
30 3.814756697061836e-05
40 0.000186570453587394
50 7.373059162388423e-05
60 1.4104982745438722e-05
70 0.0001638101405208906
80 1.9875202959481834e-05
90 7.693626952057484e-06
100 1.2502143797093412e-05
110 6.090788003712175e-06
120 9.937601479740917e-06
130 1.4746118324776845e-05
140 1.057873705907904e-05
150 6.731923583050299e-06
160 5.770220214043113e-06
170 3.846813476028742e-06
180 6.731923583050299e-06
190 6.731923583050299e-06
200 2.8851101070215567e-05
300 5.064971076771177e-05
400 5.54582276127477e-05
500 5.2573117505726144e-05
600 4.584119392267584e-05
700 4.6482329502013964e-05
800 3.7826999180949297e-05
900 3.430075349458962e-05
1000 0.0001394469885060419
2000 0.0002628655875286307
3000 0.00010290226048376886
4000 7.950081183792734e-05
5000 5.513765982307864e-05
6000 4.071210928797086e-05
7000 1.2502143797093412e-05
8000 8.334762531395608e-06
9000 4.487949055366866e-06
10000 2.8851101070215566e-06
20000 1.4104982745438722e-05
40000 9.617033690071855e-07
80000 3.2056778966906184e-07
46
1 7.148661709620079e-05
10 9.584976911104949e-05
20 8.014194741726546e-06
30 1.0258169269409979e-05
40 4.1032677077639916e-05
50 1.4746118324776845e-05
60 2.8851101070215566e-06
70 5.3534820874733326e-05
80 4.8085168450359275e-06
90 1.923406738014371e-06
100 4.167381265697804e-06
110 2.243974527683433e-06
120 3.5262456863596804e-06
130 3.846813476028742e-06
140 2.243974527683433e-06
150 1.6028389483453093e-06
160 1.923406738014371e-06
170 2.8851101070215566e-06
180 1.2822711586762474e-06
190 9.617033690071855e-07
200 8.65533032106467e-06
300 2.1798609697496205e-05
400 2.243974527683433e-05
500 1.6669525062791215e-05
600 1.378441495576966e-05
700 1.1219872638417165e-05
800 1.2822711586762474e-05
900 1.0258169269409979e-05
1000 4.1032677077639916e-05
2000 6.379299014414331e-05
3000 3.1095075597899e-05
4000 2.8209965490877443e-05
5000 1.6348957273122153e-05
6000 1.5066686114445907e-05
7000 5.1290846347049894e-06
8000 2.243974527683433e-06
9000 9.617033690071855e-07
10000 3.2056778966906184e-07
20000 5.449652424374051e-06
40000 3.2056778966906184e-07
4350
1 6.411355793381237e-07
10 3.2056778966906184e-07
2000 3.2056778966906184e-07
4
1 0.002068303378944787
10 0.0024039378547282947
20 0.000580227699301002
30 0.001679134082286546
40 0.005307640893550657
50 0.001990084838265536
60 0.00040551825393136324
70 0.0021426751061480094
80 0.001145709280277227
90 0.00024811946920385387
100 0.0004776460066069021
110 0.00021317758012992614
120 0.00015066686114445906
130 0.0001721449030522862
140 0.0005876007584633904
150 0.0001949052161187896
160 0.00012053348891556726
170 9.200295563502075e-05
180 0.00012085405670523631
190 0.00013047109039530816
200 0.000694990968002526
300 0.0014143450880199008
400 0.0015512275342085902
500 0.0013434996065030383
600 0.0012563051677130534
700 0.0011659050510263779
800 0.00098061686859766
900 0.0008469401003056614
1000 0.003492906636234098
2000 0.006761736387489521
3000 0.0019080194841102562
4000 0.0011995646689416295
5000 0.0007732095086817771
6000 0.000580548267090671
7000 0.0002974869088128894
8000 0.0001586810558861856
9000 7.30894560445461e-05
10000 1.9554635169812772e-05
20000 0.00021990950371297642
40000 1.6348957273122153e-05
60000 3.846813476028742e-06
80000 1.2822711586762474e-06
100000 6.411355793381237e-07
30
1 0.00015739878472750937
10 0.00018945556369441555
20 2.3080880856172453e-05
30 3.333905012558243e-05
40 0.00011828951438788381
50 4.6161761712344906e-05
60 8.334762531395608e-06
70 0.00012373916681225787
80 1.057873705907904e-05
90 4.487949055366866e-06
100 6.731923583050299e-06
110 4.487949055366866e-06
120 3.846813476028742e-06
130 9.296465900402793e-06
140 8.014194741726546e-06
150 2.8851101070215566e-06
160 2.5645423173524947e-06
170 4.487949055366866e-06
180 4.487949055366866e-06
190 2.8851101070215566e-06
200 2.4683719804517762e-05
300 4.776460066069021e-05
400 4.231494823631616e-05
500 4.007097370863273e-05
600 3.205677896690618e-05
700 3.430075349458962e-05
800 3.333905012558243e-05
900 2.115747411815808e-05
1000 0.00010097885374575448
2000 0.00018560875021838682
3000 8.559159984163951e-05
4000 5.9625608878445505e-05
5000 4.071210928797086e-05
6000 2.596599096319401e-05
7000 1.4425550535107783e-05
8000 7.373059162388423e-06
9000 2.8851101070215566e-06
10000 6.411355793381237e-07
20000 1.0258169269409979e-05
40000 9.617033690071855e-07
100000 3.2056778966906184e-07
160
1 7.693626952057484e-05
10 8.975898110733732e-05
20 9.296465900402793e-06
30 6.411355793381237e-06
40 2.6927694332201196e-05
50 2.6927694332201196e-05
60 4.8085168450359275e-06
70 2.0195770749150896e-05
80 1.923406738014371e-06
90 2.243974527683433e-06
100 2.5645423173524947e-06
110 9.617033690071855e-07
120 3.2056778966906185e-06
130 1.2822711586762474e-06
140 1.923406738014371e-06
150 9.617033690071855e-07
160 1.2822711586762474e-06
170 1.6028389483453093e-06
180 2.243974527683433e-06
190 1.923406738014371e-06
200 6.731923583050299e-06
300 1.6990092852460277e-05
400 9.617033690071855e-06
500 1.4746118324776845e-05
600 9.937601479740917e-06
700 8.65533032106467e-06
800 6.411355793381237e-06
900 6.411355793381237e-06
1000 2.3080880856172453e-05
2000 2.6927694332201196e-05
3000 1.9875202959481834e-05
4000 9.937601479740917e-06
5000 8.65533032106467e-06
6000 8.014194741726546e-06
7000 2.243974527683433e-06
8000 1.2822711586762474e-06
9000 1.2822711586762474e-06
10000 3.2056778966906184e-07
20000 4.487949055366866e-06
40000 3.2056778966906184e-07
60000 3.2056778966906184e-07
80000 3.2056778966906184e-07
460
1 1.4425550535107783e-05
10 1.731066064212934e-05
20 3.846813476028742e-06
30 6.411355793381237e-07
40 2.243974527683433e-06
50 1.2822711586762474e-06
60 9.617033690071855e-07
70 6.411355793381237e-07
80 9.617033690071855e-07
90 3.2056778966906184e-07
120 3.2056778966906184e-07
130 6.411355793381237e-07
150 3.2056778966906184e-07
180 3.2056778966906184e-07
200 2.243974527683433e-06
300 1.6028389483453093e-06
400 2.243974527683433e-06
500 9.617033690071855e-07
600 9.617033690071855e-07
700 3.2056778966906184e-07
800 3.2056778966906184e-07
900 1.2822711586762474e-06
1000 2.5645423173524947e-06
2000 2.8851101070215566e-06
3000 9.617033690071855e-07
5000 6.411355793381237e-07
7000 6.411355793381237e-07
8000 6.411355793381237e-07
20000 3.2056778966906184e-07
3000
1 1.6028389483453093e-06
10 6.411355793381237e-07
40 3.2056778966906184e-07
300 6.411355793381237e-07
2000 3.2056778966906184e-07
600
1 2.1478041907827143e-05
10 2.6286558752863072e-05
20 3.5262456863596804e-06
30 9.617033690071855e-07
40 1.6028389483453093e-06
50 2.5645423173524947e-06
60 1.923406738014371e-06
70 1.6028389483453093e-06
80 3.2056778966906184e-07
90 6.411355793381237e-07
100 3.2056778966906184e-07
110 6.411355793381237e-07
120 9.617033690071855e-07
140 6.411355793381237e-07
150 3.2056778966906184e-07
170 3.2056778966906184e-07
180 6.411355793381237e-07
190 3.2056778966906184e-07
200 6.411355793381237e-07
300 2.243974527683433e-06
400 1.6028389483453093e-06
500 9.617033690071855e-07
600 2.243974527683433e-06
700 1.2822711586762474e-06
800 1.6028389483453093e-06
900 6.411355793381237e-07
1000 2.243974527683433e-06
2000 2.8851101070215566e-06
3000 1.6028389483453093e-06
4000 3.2056778966906184e-07
5000 3.2056778966906184e-07
6000 6.411355793381237e-07
20000 9.617033690071855e-07
24
1 0.00021061303781257364
10 0.0002769705702740694
20 2.4683719804517762e-05
30 4.3276651605323345e-05
40 0.00025004287594186826
50 8.623273542097764e-05
60 1.2822711586762474e-05
70 0.00021221587676091894
80 1.6669525062791215e-05
90 4.8085168450359275e-06
100 1.5066686114445907e-05
110 7.052491372719361e-06
120 7.693626952057484e-06
130 1.218157600742435e-05
140 1.378441495576966e-05
150 6.411355793381237e-06
160 8.334762531395608e-06
170 4.487949055366866e-06
180 7.373059162388423e-06
190 6.731923583050299e-06
200 3.814756697061836e-05
300 8.110365078627265e-05
400 7.276888825487703e-05
500 7.084548151686267e-05
600 5.385538866440239e-05
700 5.513765982307864e-05
800 3.814756697061836e-05
900 3.558302465326587e-05
1000 0.0001596427592551928
2000 0.0002772911380637385
3000 0.00012566257355027223
4000 9.488806574204231e-05
5000 5.000857518837365e-05
6000 4.231494823631616e-05
7000 1.8913499590474648e-05
8000 1.0258169269409979e-05
9000 5.1290846347049894e-06
10000 1.923406738014371e-06
20000 1.2822711586762474e-05
40000 6.411355793381237e-07
60000 3.2056778966906184e-07
100000 3.2056778966906184e-07
120
1 0.00014521720872008503
10 0.00015675764914817124
20 1.218157600742435e-05
30 6.731923583050299e-06
40 1.9554635169812772e-05
50 2.0516338538819958e-05
60 5.770220214043113e-06
70 4.263551602598523e-05
80 5.449652424374051e-06
90 3.2056778966906185e-06
100 4.8085168450359275e-06
110 1.6028389483453093e-06
120 3.2056778966906185e-06
130 3.846813476028742e-06
140 4.8085168450359275e-06
150 1.923406738014371e-06
160 2.8851101070215566e-06
170 1.923406738014371e-06
180 3.846813476028742e-06
190 3.2056778966906185e-06
200 1.0899304848748103e-05
300 3.0453940018560876e-05
400 2.3080880856172453e-05
500 2.0516338538819958e-05
600 1.8913499590474648e-05
700 1.4425550535107783e-05
800 1.378441495576966e-05
900 1.3463847166100598e-05
1000 7.148661709620079e-05
2000 6.763980362017204e-05
3000 2.756882991153932e-05
4000 1.8272364011136525e-05
5000 1.2822711586762474e-05
6000 8.65533032106467e-06
7000 5.1290846347049894e-06
8000 1.923406738014371e-06
9000 2.5645423173524947e-06
10000 6.411355793381237e-07
20000 4.167381265697804e-06
40000 9.617033690071855e-07
47600
1 3.2056778966906184e-07
11800
1 1.2822711586762474e-06
300 3.2056778966906184e-07
1400
1 6.090788003712175e-06
10 2.5645423173524947e-06
40 4.167381265697804e-06
90 3.2056778966906184e-07
120 3.2056778966906184e-07
160 3.2056778966906184e-07
200 3.2056778966906184e-07
300 1.6028389483453093e-06
400 6.411355793381237e-07
500 3.2056778966906184e-07
600 6.411355793381237e-07
800 6.411355793381237e-07
1000 6.411355793381237e-07
2000 3.2056778966906184e-07
3000 6.411355793381237e-07
5000 3.2056778966906184e-07
42
1 9.713204026972574e-05
10 0.00011316042975317882
20 1.4425550535107783e-05
30 8.65533032106467e-06
40 5.3534820874733326e-05
50 2.43631520148487e-05
60 7.693626952057484e-06
70 7.116604930653173e-05
80 5.1290846347049894e-06
90 1.2822711586762474e-06
100 8.334762531395608e-06
110 2.5645423173524947e-06
120 4.167381265697804e-06
130 4.8085168450359275e-06
140 3.2056778966906185e-06
150 2.8851101070215566e-06
160 3.5262456863596804e-06
170 1.2822711586762474e-06
180 1.2822711586762474e-06
190 2.243974527683433e-06
200 1.0899304848748103e-05
300 1.923406738014371e-05
400 2.1478041907827143e-05
500 1.76312284317984e-05
600 1.570782169378403e-05
700 1.6348957273122153e-05
800 1.4104982745438722e-05
900 1.4104982745438722e-05
1000 4.9367439609035525e-05
2000 7.629513394123672e-05
3000 3.430075349458962e-05
4000 2.6607126542532134e-05
5000 1.9554635169812772e-05
6000 1.057873705907904e-05
7000 5.449652424374051e-06
8000 2.5645423173524947e-06
9000 3.2056778966906184e-07
10000 3.2056778966906184e-07
20000 5.449652424374051e-06
40000 3.2056778966906184e-07
60000 3.2056778966906184e-07
80
1 0.00024555492688650135
10 0.0003301848233591337
20 3.0453940018560876e-05
30 2.5004287594186824e-05
40 0.00012053348891556726
50 4.231494823631616e-05
60 1.4425550535107783e-05
70 0.00015419310683081875
80 1.218157600742435e-05
90 5.770220214043113e-06
100 8.014194741726546e-06
110 8.014194741726546e-06
120 4.8085168450359275e-06
130 8.334762531395608e-06
140 9.296465900402793e-06
150 6.090788003712175e-06
160 6.411355793381237e-06
170 2.5645423173524947e-06
180 2.5645423173524947e-06
190 3.846813476028742e-06
200 2.917166885988463e-05
300 5.225254971605708e-05
400 5.28936852953952e-05
500 4.1994380446647105e-05
600 3.462132128425868e-05
700 3.430075349458962e-05
800 2.6286558752863072e-05
900 2.5645423173524948e-05
1000 0.00011476326870152414
2000 0.0001420115308233944
3000 6.956321035818642e-05
4000 4.808516845035928e-05
5000 3.718586360161117e-05
6000 3.1095075597899e-05
7000 1.0258169269409979e-05
8000 7.373059162388423e-06
9000 3.5262456863596804e-06
10000 9.617033690071855e-07
20000 1.4746118324776845e-05
38
1 0.0001000171503767473
10 0.00013656187839902035
20 1.218157600742435e-05
30 1.76312284317984e-05
40 5.802276993010019e-05
50 2.8851101070215567e-05
60 6.411355793381237e-06
70 8.462989647263233e-05
80 6.411355793381237e-06
90 3.846813476028742e-06
100 8.975898110733731e-06
110 9.617033690071855e-07
120 2.243974527683433e-06
130 3.846813476028742e-06
140 4.8085168450359275e-06
150 2.5645423173524947e-06
160 1.6028389483453093e-06
170 6.411355793381237e-07
180 5.1290846347049894e-06
190 2.8851101070215566e-06
200 1.2822711586762474e-05
300 2.596599096319401e-05
400 2.3722016435510577e-05
500 1.9875202959481834e-05
600 1.731066064212934e-05
700 1.570782169378403e-05
800 1.2502143797093412e-05
900 1.3463847166100598e-05
1000 5.385538866440239e-05
2000 0.00010322282827343791
3000 4.231494823631616e-05
4000 3.8788702549956486e-05
5000 2.43631520148487e-05
6000 1.5066686114445907e-05
7000 9.937601479740917e-06
8000 1.6028389483453093e-06
9000 2.243974527683433e-06
10000 2.243974527683433e-06
20000 6.731923583050299e-06
40000 6.411355793381237e-07
6200
1 1.6028389483453093e-06
10 1.2822711586762474e-06
300 3.2056778966906184e-07
300
1 2.43631520148487e-05
10 3.942983812929461e-05
20 5.770220214043113e-06
30 2.8851101070215566e-06
40 4.8085168450359275e-06
50 3.5262456863596804e-06
60 5.449652424374051e-06
70 2.5645423173524947e-06
80 3.2056778966906184e-07
90 1.2822711586762474e-06
100 3.2056778966906184e-07
120 6.411355793381237e-07
140 3.2056778966906184e-07
150 3.2056778966906184e-07
160 9.617033690071855e-07
170 6.411355793381237e-07
180 1.2822711586762474e-06
190 3.2056778966906184e-07
200 1.2822711586762474e-06
300 4.167381265697804e-06
400 6.411355793381237e-07
500 3.2056778966906185e-06
600 9.617033690071855e-07
700 1.2822711586762474e-06
800 9.617033690071855e-07
900 2.5645423173524947e-06
1000 9.296465900402793e-06
2000 8.975898110733731e-06
3000 3.5262456863596804e-06
4000 1.6028389483453093e-06
5000 1.2822711586762474e-06
6000 1.2822711586762474e-06
7000 1.2822711586762474e-06
9000 3.2056778966906184e-07
10000 6.411355793381237e-07
20000 1.923406738014371e-06
400000 3.2056778966906184e-07
48
1 6.956321035818642e-05
10 9.969658258707823e-05
20 1.057873705907904e-05
30 7.052491372719361e-06
40 4.391778718466147e-05
50 1.4104982745438722e-05
60 3.5262456863596804e-06
70 5.4496524243740515e-05
80 1.923406738014371e-06
90 1.923406738014371e-06
100 4.487949055366866e-06
110 3.846813476028742e-06
120 2.8851101070215566e-06
130 3.846813476028742e-06
140 3.5262456863596804e-06
150 2.8851101070215566e-06
160 3.846813476028742e-06
170 3.2056778966906184e-07
180 2.8851101070215566e-06
190 1.2822711586762474e-06
200 7.373059162388423e-06
300 1.6669525062791215e-05
400 1.570782169378403e-05
500 1.6990092852460277e-05
600 1.1861008217755288e-05
700 1.1861008217755288e-05
800 1.0258169269409979e-05
900 6.731923583050299e-06
1000 3.237734675657525e-05
2000 6.026674445778363e-05
3000 2.9812804439222753e-05
4000 2.4683719804517762e-05
5000 1.2822711586762474e-05
6000 1.1540440428086226e-05
7000 4.487949055366866e-06
8000 1.923406738014371e-06
9000 9.617033690071855e-07
10000 1.2822711586762474e-06
20000 4.8085168450359275e-06
40000 3.2056778966906184e-07
60000 3.2056778966906184e-07
1950
1 2.243974527683433e-06
10 3.2056778966906185e-06
30 3.2056778966906184e-07
50 3.2056778966906184e-07
190 3.2056778966906184e-07
300 3.2056778966906184e-07
400 3.2056778966906184e-07
500 3.2056778966906184e-07
900 3.2056778966906184e-07
1000 1.923406738014371e-06
2000 9.617033690071855e-07
20000 3.2056778966906184e-07
1300
1 5.770220214043113e-06
10 6.731923583050299e-06
20 3.2056778966906184e-07
40 1.6028389483453093e-06
50 6.411355793381237e-07
60 3.2056778966906184e-07
70 3.2056778966906184e-07
90 6.411355793381237e-07
180 3.2056778966906184e-07
190 3.2056778966906184e-07
300 1.2822711586762474e-06
400 9.617033690071855e-07
500 1.2822711586762474e-06
600 1.6028389483453093e-06
700 1.2822711586762474e-06
800 6.411355793381237e-07
2000 3.2056778966906184e-07
4000 6.411355793381237e-07
900
1 1.0258169269409979e-05
10 1.2822711586762474e-05
20 9.617033690071855e-07
30 6.411355793381237e-07
40 3.2056778966906185e-06
60 3.2056778966906184e-07
70 6.411355793381237e-07
100 3.2056778966906184e-07
190 3.2056778966906184e-07
300 1.923406738014371e-06
400 9.617033690071855e-07
500 1.2822711586762474e-06
600 9.617033690071855e-07
700 2.243974527683433e-06
800 6.411355793381237e-07
900 3.2056778966906184e-07
1000 1.923406738014371e-06
2000 1.923406738014371e-06
3000 6.411355793381237e-07
4000 3.2056778966906184e-07
6000 3.2056778966906184e-07
20000 6.411355793381237e-07
1700
1 5.1290846347049894e-06
10 3.5262456863596804e-06
60 3.2056778966906184e-07
80 3.2056778966906184e-07
170 3.2056778966906184e-07
200 6.411355793381237e-07
300 3.2056778966906184e-07
400 3.2056778966906184e-07
800 3.2056778966906184e-07
900 3.2056778966906184e-07
1000 3.2056778966906184e-07
2000 3.2056778966906184e-07
3000 3.2056778966906184e-07
5000 3.2056778966906184e-07
6000 3.2056778966906184e-07
20000 6.411355793381237e-07
2450
1 6.411355793381237e-07
10 1.2822711586762474e-06
60 3.2056778966906184e-07
70 3.2056778966906184e-07
170 3.2056778966906184e-07
300 6.411355793381237e-07
1000 6.411355793381237e-07
2000 6.411355793381237e-07
3000 3.2056778966906184e-07
6
1 0.0011005092219338894
10 0.0012992612515287077
20 0.0002503634437315373
30 0.000492392124931679
40 0.00242605703221546
50 0.0008655330321064669
60 0.00014842288661677563
70 0.0010601176804355876
80 0.00035422740758431334
90 8.783557436932294e-05
100 0.0002083690632848902
110 8.8156142158992e-05
120 7.212775267553892e-05
130 8.879727773833013e-05
140 0.00022087120708198362
150 7.885967625858922e-05
160 6.122844782679082e-05
170 4.231494823631616e-05
180 5.032914297804271e-05
190 6.122844782679082e-05
200 0.0003051805357649469
300 0.0006536377231352171
400 0.0006770391717810586
500 0.000590485868570412
600 0.0005379127510646858
700 0.0004891864470349884
800 0.0004189821010974638
900 0.0003507011618979537
1000 0.0013752358176802753
2000 0.003012375519520174
3000 0.0008023811775416618
4000 0.0005831128094080235
5000 0.0003503805941082846
6000 0.000274726595746386
7000 0.00012822711586762473
8000 5.802276993010019e-05
9000 3.141564338756806e-05
10000 1.057873705907904e-05
20000 0.00010610793838045947
40000 6.731923583050299e-06
60000 2.5645423173524947e-06
80000 3.2056778966906184e-07
100000 3.2056778966906184e-07
800
1 1.2502143797093412e-05
10 1.8913499590474648e-05
20 1.923406738014371e-06
30 3.2056778966906184e-07
40 6.731923583050299e-06
50 3.2056778966906184e-07
60 9.617033690071855e-07
70 1.2822711586762474e-06
90 6.411355793381237e-07
100 3.2056778966906184e-07
110 3.2056778966906184e-07
120 3.2056778966906184e-07
130 3.2056778966906184e-07
170 3.2056778966906184e-07
180 3.2056778966906184e-07
200 3.2056778966906184e-07
300 2.5645423173524947e-06
400 2.8851101070215566e-06
500 1.6028389483453093e-06
600 1.2822711586762474e-06
700 2.8851101070215566e-06
800 1.6028389483453093e-06
900 2.243974527683433e-06
1000 3.846813476028742e-06
2000 3.5262456863596804e-06
3000 9.617033690071855e-07
4000 1.6028389483453093e-06
5000 3.2056778966906184e-07
20000 6.411355793381237e-07
2650
1 1.2822711586762474e-06
10 1.2822711586762474e-06
40 3.2056778966906184e-07
300 9.617033690071855e-07
400 3.2056778966906184e-07
700 3.2056778966906184e-07
1000 3.2056778966906184e-07
4000 3.2056778966906184e-07
5000 3.2056778966906184e-07
6000 3.2056778966906184e-07
50
1 2.917166885988463e-05
10 4.231494823631616e-05
20 5.449652424374051e-06
30 3.846813476028742e-06
40 1.923406738014371e-05
50 6.090788003712175e-06
60 1.6028389483453093e-06
70 3.141564338756806e-05
90 3.2056778966906184e-07
100 2.8851101070215566e-06
110 1.923406738014371e-06
120 6.411355793381237e-07
130 2.243974527683433e-06
140 1.6028389483453093e-06
150 1.2822711586762474e-06
160 6.411355793381237e-07
170 6.411355793381237e-07
180 1.2822711586762474e-06
190 1.6028389483453093e-06
200 2.5645423173524947e-06
300 8.334762531395608e-06
400 9.937601479740917e-06
500 8.014194741726546e-06
600 5.449652424374051e-06
700 5.770220214043113e-06
800 5.770220214043113e-06
900 5.449652424374051e-06
1000 1.6348957273122153e-05
2000 2.9812804439222753e-05
3000 1.3143279376431536e-05
4000 1.0899304848748103e-05
5000 5.770220214043113e-06
6000 5.1290846347049894e-06
7000 3.846813476028742e-06
8000 6.411355793381237e-07
10000 3.2056778966906184e-07
20000 1.923406738014371e-06
60000 3.2056778966906184e-07
180
1 6.443412572348143e-05
10 8.783557436932294e-05
20 1.3143279376431536e-05
30 6.731923583050299e-06
40 1.6669525062791215e-05
50 7.052491372719361e-06
60 3.2056778966906185e-06
70 1.6348957273122153e-05
80 2.243974527683433e-06
90 1.2822711586762474e-06
100 4.487949055366866e-06
110 1.923406738014371e-06
120 1.6028389483453093e-06
130 3.2056778966906185e-06
140 1.6028389483453093e-06
150 3.2056778966906184e-07
160 9.617033690071855e-07
170 1.6028389483453093e-06
180 4.487949055366866e-06
190 1.6028389483453093e-06
200 7.373059162388423e-06
300 1.0899304848748103e-05
400 1.1540440428086226e-05
500 5.770220214043113e-06
600 6.090788003712175e-06
700 7.052491372719361e-06
800 5.449652424374051e-06
900 3.5262456863596804e-06
1000 1.76312284317984e-05
2000 2.3080880856172453e-05
3000 8.334762531395608e-06
4000 1.4104982745438722e-05
5000 4.8085168450359275e-06
6000 2.243974527683433e-06
7000 6.411355793381237e-07
8000 6.411355793381237e-07
9000 3.2056778966906184e-07
10000 3.2056778966906184e-07
20000 3.2056778966906185e-06
40000 3.2056778966906184e-07
60000 6.411355793381237e-07
1000
1 6.731923583050299e-06
10 7.693626952057484e-06
20 6.411355793381237e-07
40 9.617033690071855e-07
50 6.411355793381237e-07
70 9.617033690071855e-07
80 3.2056778966906184e-07
110 3.2056778966906184e-07
120 9.617033690071855e-07
170 3.2056778966906184e-07
190 3.2056778966906184e-07
200 6.411355793381237e-07
300 9.617033690071855e-07
400 6.411355793381237e-07
500 3.2056778966906184e-07
600 6.411355793381237e-07
800 3.2056778966906184e-07
900 6.411355793381237e-07
1000 6.411355793381237e-07
2000 3.2056778966906184e-07
3000 3.2056778966906184e-07
4000 3.2056778966906184e-07
6000 3.2056778966906184e-07
28
1 0.00017919739442500557
10 0.0002192683681336383
20 2.5324855383855886e-05
30 3.237734675657525e-05
40 0.00016028389483453093
50 5.2573117505726144e-05
60 1.0899304848748103e-05
70 0.0001622073015725453
80 9.937601479740917e-06
90 4.487949055366866e-06
100 1.2822711586762474e-05
110 7.052491372719361e-06
120 5.449652424374051e-06
130 6.731923583050299e-06
140 5.449652424374051e-06
150 4.487949055366866e-06
160 3.2056778966906185e-06
170 3.5262456863596804e-06
180 5.449652424374051e-06
190 5.1290846347049894e-06
200 3.1095075597899e-05
300 5.1611414136718955e-05
400 5.321425308506427e-05
500 4.487949055366866e-05
600 4.3276651605323345e-05
700 3.237734675657525e-05
800 3.494188907392774e-05
900 2.115747411815808e-05
1000 0.00010931361627715008
2000 0.00018528818242871775
3000 8.847670994866107e-05
4000 6.058731224745269e-05
5000 4.87263040296974e-05
6000 3.6865295811942114e-05
7000 1.3143279376431536e-05
8000 8.975898110733731e-06
9000 3.2056778966906185e-06
10000 1.2822711586762474e-06
20000 1.218157600742435e-05
40000 9.617033690071855e-07
60000 6.411355793381237e-07
280
1 3.237734675657525e-05
10 4.391778718466147e-05
20 1.3143279376431536e-05
30 2.5645423173524947e-06
40 1.8272364011136525e-05
50 1.923406738014371e-06
60 3.5262456863596804e-06
70 3.846813476028742e-06
90 9.617033690071855e-07
100 1.2822711586762474e-06
120 3.2056778966906184e-07
130 3.2056778966906184e-07
160 3.2056778966906184e-07
170 3.2056778966906184e-07
180 1.2822711586762474e-06
190 3.2056778966906184e-07
200 3.2056778966906185e-06
300 3.5262456863596804e-06
400 3.2056778966906185e-06
500 2.243974527683433e-06
600 3.5262456863596804e-06
700 3.846813476028742e-06
800 9.617033690071855e-07
900 3.2056778966906185e-06
1000 1.0258169269409979e-05
2000 1.3463847166100598e-05
3000 4.487949055366866e-06
4000 4.487949055366866e-06
5000 2.5645423173524947e-06
6000 6.411355793381237e-07
7000 3.2056778966906184e-07
8000 3.2056778966906184e-07
9000 3.2056778966906184e-07
20000 9.617033690071855e-07
2000
1 2.5645423173524947e-06
10 6.411355793381237e-07
30 3.2056778966906184e-07
40 3.2056778966906184e-07
70 3.2056778966906184e-07
140 3.2056778966906184e-07
200 3.2056778966906184e-07
300 3.2056778966906184e-07
400 3.2056778966906184e-07
500 9.617033690071855e-07
1000 6.411355793381237e-07
2000 6.411355793381237e-07
6000 3.2056778966906184e-07
20000 3.2056778966906184e-07
320
1 2.596599096319401e-05
10 3.5903592442934925e-05
20 5.770220214043113e-06
30 9.617033690071855e-07
40 2.8851101070215566e-06
50 3.2056778966906185e-06
60 3.5262456863596804e-06
70 2.5645423173524947e-06
90 3.2056778966906184e-07
100 9.617033690071855e-07
120 6.411355793381237e-07
150 3.2056778966906184e-07
160 6.411355793381237e-07
180 9.617033690071855e-07
200 9.617033690071855e-07
300 3.2056778966906185e-06
400 9.617033690071855e-07
500 2.5645423173524947e-06
600 2.243974527683433e-06
700 2.243974527683433e-06
800 9.617033690071855e-07
900 9.617033690071855e-07
1000 6.090788003712175e-06
2000 6.731923583050299e-06
3000 5.1290846347049894e-06
4000 1.2822711586762474e-06
5000 9.617033690071855e-07
7000 9.617033690071855e-07
8000 6.411355793381237e-07
9000 3.2056778966906184e-07
10000 3.2056778966906184e-07
20000 1.923406738014371e-06
1150
1 6.731923583050299e-06
10 1.0899304848748103e-05
20 3.2056778966906184e-07
40 9.617033690071855e-07
50 1.2822711586762474e-06
80 3.2056778966906184e-07
90 3.2056778966906184e-07
130 3.2056778966906184e-07
170 3.2056778966906184e-07
190 3.2056778966906184e-07
300 3.2056778966906184e-07
400 3.2056778966906184e-07
500 3.2056778966906184e-07
800 3.2056778966906184e-07
2000 1.6028389483453093e-06
4000 1.2822711586762474e-06
260
1 3.494188907392774e-05
10 5.28936852953952e-05
20 8.65533032106467e-06
30 1.923406738014371e-06
40 1.3143279376431536e-05
50 1.923406738014371e-06
60 2.8851101070215566e-06
70 5.1290846347049894e-06
80 6.411355793381237e-07
90 1.2822711586762474e-06
100 1.2822711586762474e-06
120 3.2056778966906184e-07
130 6.411355793381237e-07
140 6.411355793381237e-07
150 6.411355793381237e-07
160 6.411355793381237e-07
170 3.2056778966906184e-07
180 9.617033690071855e-07
190 6.411355793381237e-07
200 3.5262456863596804e-06
300 2.8851101070215566e-06
400 3.5262456863596804e-06
500 5.770220214043113e-06
600 6.090788003712175e-06
700 3.2056778966906185e-06
800 4.167381265697804e-06
900 2.5645423173524947e-06
1000 1.76312284317984e-05
2000 1.4746118324776845e-05
3000 6.090788003712175e-06
4000 3.2056778966906185e-06
5000 2.5645423173524947e-06
6000 6.411355793381237e-07
7000 9.617033690071855e-07
8000 9.617033690071855e-07
20000 1.2822711586762474e-06
40000 3.2056778966906184e-07
220
1 3.975040591896367e-05
10 5.706106656109301e-05
20 6.731923583050299e-06
30 2.243974527683433e-06
40 1.2502143797093412e-05
50 3.2056778966906185e-06
60 2.243974527683433e-06
70 1.0258169269409979e-05
80 1.2822711586762474e-06
90 9.617033690071855e-07
100 3.846813476028742e-06
110 9.617033690071855e-07
130 1.2822711586762474e-06
150 3.2056778966906184e-07
160 6.411355793381237e-07
170 6.411355793381237e-07
180 3.2056778966906184e-07
190 2.8851101070215566e-06
200 3.846813476028742e-06
300 8.014194741726546e-06
400 6.731923583050299e-06
500 3.5262456863596804e-06
600 5.1290846347049894e-06
700 3.846813476028742e-06
800 4.167381265697804e-06
900 5.1290846347049894e-06
1000 7.052491372719361e-06
2000 2.0195770749150896e-05
3000 7.373059162388423e-06
4000 7.373059162388423e-06
5000 2.5645423173524947e-06
6000 2.5645423173524947e-06
7000 1.6028389483453093e-06
8000 6.411355793381237e-07
9000 3.2056778966906184e-07
20000 1.923406738014371e-06
800000 3.2056778966906184e-07
2100
1 1.6028389483453093e-06
10 2.243974527683433e-06
40 3.2056778966906184e-07
60 3.2056778966906184e-07
180 6.411355793381237e-07
400 3.2056778966906184e-07
1000 6.411355793381237e-07
2000 6.411355793381237e-07
3000 3.2056778966906184e-07
2350
1 2.5645423173524947e-06
10 2.243974527683433e-06
40 3.2056778966906184e-07
70 3.2056778966906184e-07
150 3.2056778966906184e-07
170 3.2056778966906184e-07
400 3.2056778966906184e-07
900 3.2056778966906184e-07
1000 3.2056778966906184e-07
4000 3.2056778966906184e-07
20000 3.2056778966906184e-07
550
1 2.5645423173524948e-05
10 3.7826999180949297e-05
20 3.2056778966906185e-06
30 2.243974527683433e-06
40 4.487949055366866e-06
50 1.923406738014371e-06
60 6.411355793381237e-07
70 6.411355793381237e-07
80 9.617033690071855e-07
90 3.2056778966906184e-07
100 3.2056778966906184e-07
110 3.2056778966906184e-07
120 1.2822711586762474e-06
130 6.411355793381237e-07
140 3.2056778966906184e-07
150 1.2822711586762474e-06
160 3.2056778966906184e-07
180 1.2822711586762474e-06
190 3.2056778966906184e-07
200 1.6028389483453093e-06
300 2.5645423173524947e-06
400 2.5645423173524947e-06
500 2.243974527683433e-06
600 2.5645423173524947e-06
700 1.2822711586762474e-06
800 9.617033690071855e-07
900 9.617033690071855e-07
1000 3.846813476028742e-06
2000 3.846813476028742e-06
3000 2.5645423173524947e-06
4000 9.617033690071855e-07
5000 1.2822711586762474e-06
7000 3.2056778966906184e-07
8000 1.2822711586762474e-06
20000 3.2056778966906184e-07
2700
1 9.617033690071855e-07
10 1.923406738014371e-06
20 3.2056778966906184e-07
40 1.6028389483453093e-06
110 3.2056778966906184e-07
400 3.2056778966906184e-07
2000 3.2056778966906184e-07
4000 3.2056778966906184e-07
1800
1 2.5645423173524947e-06
10 2.243974527683433e-06
40 6.411355793381237e-07
80 3.2056778966906184e-07
110 3.2056778966906184e-07
200 3.2056778966906184e-07
300 6.411355793381237e-07
400 9.617033690071855e-07
500 3.2056778966906184e-07
700 3.2056778966906184e-07
900 3.2056778966906184e-07
1000 6.411355793381237e-07
4000 3.2056778966906184e-07
9800
1 6.411355793381237e-07
10 6.411355793381237e-07
3300
1 1.6028389483453093e-06
10 3.2056778966906184e-07
40 3.2056778966906184e-07
70 6.411355793381237e-07
2000 3.2056778966906184e-07
100
1 0.0001939435127497824
10 0.00021638325802661673
20 1.6990092852460277e-05
30 1.1219872638417165e-05
40 4.1032677077639916e-05
50 2.756882991153932e-05
60 5.770220214043113e-06
70 7.853910846892015e-05
80 3.5262456863596804e-06
90 2.5645423173524947e-06
100 5.449652424374051e-06
110 4.8085168450359275e-06
120 3.5262456863596804e-06
130 7.052491372719361e-06
140 5.770220214043113e-06
150 1.923406738014371e-06
160 2.5645423173524947e-06
170 9.617033690071855e-07
180 3.846813476028742e-06
190 5.449652424374051e-06
200 1.731066064212934e-05
300 3.0774507808229935e-05
400 2.5645423173524948e-05
500 2.6927694332201196e-05
600 2.4683719804517762e-05
700 2.083690632848902e-05
800 1.378441495576966e-05
900 1.6348957273122153e-05
1000 7.565399836189859e-05
2000 9.392636237303512e-05
3000 4.135324486730898e-05
4000 3.0774507808229935e-05
5000 2.1798609697496205e-05
6000 1.6348957273122153e-05
7000 8.334762531395608e-06
8000 2.8851101070215566e-06
9000 1.923406738014371e-06
10000 6.411355793381237e-07
20000 7.693626952057484e-06
40000 9.617033690071855e-07
100000 6.411355793381237e-07
500000 3.2056778966906184e-07
340
1 2.5004287594186824e-05
10 3.462132128425868e-05
20 4.487949055366866e-06
30 1.2822711586762474e-06
40 6.090788003712175e-06
50 1.2822711586762474e-06
60 2.8851101070215566e-06
70 3.5262456863596804e-06
80 3.2056778966906184e-07
90 9.617033690071855e-07
100 6.411355793381237e-07
130 9.617033690071855e-07
150 3.2056778966906184e-07
160 3.2056778966906184e-07
170 3.2056778966906184e-07
180 3.2056778966906184e-07
190 9.617033690071855e-07
300 2.8851101070215566e-06
400 3.2056778966906185e-06
500 9.617033690071855e-07
600 1.923406738014371e-06
700 2.243974527683433e-06
800 2.243974527683433e-06
900 2.243974527683433e-06
1000 6.090788003712175e-06
2000 6.090788003712175e-06
3000 1.923406738014371e-06
4000 1.6028389483453093e-06
5000 6.411355793381237e-07
6000 1.2822711586762474e-06
7000 9.617033690071855e-07
8000 3.2056778966906184e-07
10000 3.2056778966906184e-07
20000 3.2056778966906184e-07
440
1 1.4425550535107783e-05
10 2.2119177487165267e-05
20 3.846813476028742e-06
30 1.2822711586762474e-06
40 2.8851101070215566e-06
50 6.411355793381237e-07
60 6.411355793381237e-07
70 9.617033690071855e-07
80 3.2056778966906184e-07
90 3.2056778966906184e-07
100 3.2056778966906184e-07
120 3.2056778966906184e-07
150 3.2056778966906184e-07
160 6.411355793381237e-07
180 6.411355793381237e-07
200 6.411355793381237e-07
300 6.411355793381237e-07
400 3.2056778966906185e-06
500 9.617033690071855e-07
600 1.2822711586762474e-06
700 9.617033690071855e-07
800 1.2822711586762474e-06
900 6.411355793381237e-07
1000 2.243974527683433e-06
2000 1.923406738014371e-06
3000 6.411355793381237e-07
4000 1.6028389483453093e-06
5000 6.411355793381237e-07
6000 3.2056778966906184e-07
20000 6.411355793381237e-07
32
1 0.0001436143697717397
10 0.0001721449030522862
20 2.276031306650339e-05
30 2.2119177487165267e-05
40 0.00011700724322920757
50 4.263551602598523e-05
60 8.334762531395608e-06
70 0.00010963418406681915
80 5.1290846347049894e-06
90 1.923406738014371e-06
100 6.090788003712175e-06
110 5.1290846347049894e-06
120 5.770220214043113e-06
130 7.693626952057484e-06
140 5.770220214043113e-06
150 5.1290846347049894e-06
160 4.487949055366866e-06
170 2.5645423173524947e-06
180 3.5262456863596804e-06
190 3.5262456863596804e-06
200 2.0195770749150896e-05
300 4.167381265697804e-05
400 3.654472802227305e-05
500 3.622416023260399e-05
600 1.8272364011136525e-05
700 1.76312284317984e-05
800 2.3401448645841515e-05
900 2.3080880856172453e-05
1000 9.296465900402793e-05
2000 0.0001974697584361421
3000 6.924264256851736e-05
4000 4.3276651605323345e-05
5000 3.0453940018560876e-05
6000 2.243974527683433e-05
7000 9.617033690071855e-06
8000 6.090788003712175e-06
9000 1.2822711586762474e-06
10000 1.923406738014371e-06
20000 8.975898110733731e-06
40000 6.411355793381237e-07
1850
1 4.167381265697804e-06
10 1.6028389483453093e-06
150 3.2056778966906184e-07
300 3.2056778966906184e-07
500 3.2056778966906184e-07
1000 3.2056778966906184e-07
3000 3.2056778966906184e-07
5000 3.2056778966906184e-07
34
1 0.00011796894659821476
10 0.0001647718438898978
20 1.4746118324776845e-05
30 2.3401448645841515e-05
40 8.366819310362514e-05
50 4.039154149830179e-05
60 5.1290846347049894e-06
70 0.00010226112490443073
80 8.014194741726546e-06
90 1.923406738014371e-06
100 4.487949055366866e-06
110 4.8085168450359275e-06
120 2.8851101070215566e-06
130 4.167381265697804e-06
140 2.8851101070215566e-06
150 2.8851101070215566e-06
160 4.167381265697804e-06
170 2.243974527683433e-06
180 4.487949055366866e-06
190 1.923406738014371e-06
200 1.9875202959481834e-05
300 3.718586360161117e-05
400 3.494188907392774e-05
500 2.9812804439222753e-05
600 2.404258422517964e-05
700 2.1478041907827143e-05
800 2.276031306650339e-05
900 1.6669525062791215e-05
1000 6.507526130281955e-05
2000 0.00019105840264276085
3000 5.802276993010019e-05
4000 4.487949055366866e-05
5000 3.141564338756806e-05
6000 1.8272364011136525e-05
7000 1.0258169269409979e-05
8000 4.167381265697804e-06
9000 3.2056778966906185e-06
10000 3.2056778966906184e-07
20000 8.65533032106467e-06
40000 3.2056778966906184e-07
2550
1 1.923406738014371e-06
10 1.2822711586762474e-06
170 3.2056778966906184e-07
200 3.2056778966906184e-07
300 6.411355793381237e-07
400 3.2056778966906184e-07
500 3.2056778966906184e-07
600 3.2056778966906184e-07
1000 3.2056778966906184e-07
8000 3.2056778966906184e-07
36
1 0.00011283986196350977
10 0.00014938458998578282
20 1.2502143797093412e-05
30 1.570782169378403e-05
40 8.206535415527983e-05
50 3.205677896690618e-05
60 8.014194741726546e-06
70 8.911784552799919e-05
80 4.487949055366866e-06
90 4.8085168450359275e-06
100 4.487949055366866e-06
110 4.487949055366866e-06
120 4.167381265697804e-06
130 4.167381265697804e-06
140 5.449652424374051e-06
150 3.2056778966906185e-06
160 4.487949055366866e-06
170 4.167381265697804e-06
180 2.8851101070215566e-06
190 1.6028389483453093e-06
200 1.7951796221467463e-05
300 3.3659617915251495e-05
400 2.4683719804517762e-05
500 2.276031306650339e-05
600 1.923406738014371e-05
700 1.5066686114445907e-05
800 2.0516338538819958e-05
900 1.218157600742435e-05
1000 6.443412572348143e-05
2000 0.00011348099754284789
3000 5.000857518837365e-05
4000 4.039154149830179e-05
5000 2.4683719804517762e-05
6000 1.8913499590474648e-05
7000 6.411355793381237e-06
8000 3.846813476028742e-06
9000 9.617033690071855e-07
10000 9.617033690071855e-07
20000 6.731923583050299e-06
40000 6.411355793381237e-07
60000 6.411355793381237e-07
5200
1 9.617033690071855e-07
10 1.2822711586762474e-06
2000 3.2056778966906184e-07
3000 3.2056778966906184e-07
18
1 0.0003503805941082846
10 0.00043725446510860033
20 4.808516845035928e-05
30 7.565399836189859e-05
40 0.0004394984396362838
50 0.00016925979294526465
60 2.5324855383855886e-05
70 0.00035839478885001114
80 3.301848233591337e-05
90 1.5066686114445907e-05
100 2.43631520148487e-05
110 1.1861008217755288e-05
120 1.6348957273122153e-05
130 1.8592931800805586e-05
140 2.596599096319401e-05
150 1.1861008217755288e-05
160 1.5387253904114967e-05
170 8.65533032106467e-06
180 8.65533032106467e-06
190 1.0899304848748103e-05
200 6.090788003712175e-05
300 0.00012405973460192694
400 0.0001394469885060419
500 0.00013560017503001315
600 0.00010899304848748103
700 8.975898110733732e-05
800 8.943841331766825e-05
900 6.763980362017204e-05
1000 0.0003186443829310475
2000 0.0004702729474445137
3000 0.00021990950371297642
4000 0.00015739878472750937
5000 0.00010033771816641636
6000 7.084548151686267e-05
7000 3.622416023260399e-05
8000 1.0899304848748103e-05
9000 7.373059162388423e-06
10000 3.846813476028742e-06
20000 2.9812804439222753e-05
40000 1.923406738014371e-06
80000 3.2056778966906184e-07
100000 3.2056778966906184e-07
3400
1 9.617033690071855e-07
10 3.2056778966906184e-07
40 3.2056778966906184e-07
70 3.2056778966906184e-07
100 3.2056778966906184e-07
700 3.2056778966906184e-07
1000 6.411355793381237e-07
5400
1 6.411355793381237e-07
10 3.2056778966906184e-07
400 3.2056778966906184e-07
4000 3.2056778966906184e-07
11000
1 3.2056778966906184e-07
10 3.2056778966906184e-07
5800
1 1.6028389483453093e-06
10 9.617033690071855e-07
40 3.2056778966906184e-07
500 3.2056778966906184e-07
1000 3.2056778966906184e-07
2000 3.2056778966906184e-07
1050
1 6.411355793381237e-06
10 9.617033690071855e-06
40 9.617033690071855e-07
50 9.617033690071855e-07
100 3.2056778966906184e-07
130 6.411355793381237e-07
180 3.2056778966906184e-07
190 3.2056778966906184e-07
300 6.411355793381237e-07
400 9.617033690071855e-07
500 3.2056778966906184e-07
600 3.2056778966906184e-07
700 6.411355793381237e-07
900 3.2056778966906184e-07
1000 1.2822711586762474e-06
2000 3.2056778966906184e-07
3000 1.6028389483453093e-06
4000 3.2056778966906184e-07
8000 3.2056778966906184e-07
20000 9.617033690071855e-07
2750
1 1.2822711586762474e-06
10 3.2056778966906184e-07
300 6.411355793381237e-07
400 3.2056778966906184e-07
2000 3.2056778966906184e-07
3000 3.2056778966906184e-07
4000 3.2056778966906184e-07
6000 3.2056778966906184e-07
2800
1 1.6028389483453093e-06
10 9.617033690071855e-07
40 2.5645423173524947e-06
400 9.617033690071855e-07
500 6.411355793381237e-07
600 3.2056778966906184e-07
1000 3.2056778966906184e-07
2000 6.411355793381237e-07
3000 3.2056778966906184e-07
4000 3.2056778966906184e-07
3150
1 1.6028389483453093e-06
10 3.2056778966906184e-07
40 3.2056778966906184e-07
300 3.2056778966906184e-07
900 3.2056778966906184e-07
2000 3.2056778966906184e-07
3000 3.2056778966906184e-07
4000 6.411355793381237e-07
1500
1 3.2056778966906185e-06
10 3.2056778966906185e-06
40 3.2056778966906184e-07
50 3.2056778966906184e-07
190 3.2056778966906184e-07
200 6.411355793381237e-07
300 3.2056778966906184e-07
400 9.617033690071855e-07
700 9.617033690071855e-07
800 3.2056778966906184e-07
2000 9.617033690071855e-07
3000 6.411355793381237e-07
4000 3.2056778966906184e-07
1100
1 5.1290846347049894e-06
10 1.0258169269409979e-05
20 3.2056778966906184e-07
40 6.411355793381237e-07
50 3.2056778966906184e-07
70 3.2056778966906184e-07
160 3.2056778966906184e-07
170 3.2056778966906184e-07
190 3.2056778966906184e-07
400 6.411355793381237e-07
500 1.2822711586762474e-06
600 6.411355793381237e-07
700 3.2056778966906184e-07
800 6.411355793381237e-07
900 6.411355793381237e-07
1000 1.6028389483453093e-06
2000 1.6028389483453093e-06
3000 9.617033690071855e-07
4000 3.2056778966906184e-07
5000 3.2056778966906184e-07
22800
1 3.2056778966906184e-07
122600
10 3.2056778966906184e-07
2600
1 1.2822711586762474e-06
10 1.923406738014371e-06
40 3.2056778966906184e-07
200 3.2056778966906184e-07
400 9.617033690071855e-07
2000 3.2056778966906184e-07
4000 6.411355793381237e-07
9200
1 3.2056778966906184e-07
10 3.2056778966906184e-07
3600
1 1.2822711586762474e-06
10 6.411355793381237e-07
300 3.2056778966906184e-07
5000
1 1.6028389483453093e-06
10 1.923406738014371e-06
120 3.2056778966906184e-07
4000 3.2056778966906184e-07
2850
1 9.617033690071855e-07
10 9.617033690071855e-07
40 1.2822711586762474e-06
300 3.2056778966906184e-07
400 6.411355793381237e-07
600 3.2056778966906184e-07
700 3.2056778966906184e-07
2000 3.2056778966906184e-07
3000 3.2056778966906184e-07
4000 3.2056778966906184e-07
6000 3.2056778966906184e-07
7000 3.2056778966906184e-07
2500
1 1.2822711586762474e-06
10 1.923406738014371e-06
300 3.2056778966906184e-07
600 6.411355793381237e-07
900 3.2056778966906184e-07
20000
1 9.617033690071855e-07
480
1 1.3463847166100598e-05
10 1.8272364011136525e-05
20 5.1290846347049894e-06
30 9.617033690071855e-07
40 2.243974527683433e-06
50 3.2056778966906184e-07
60 9.617033690071855e-07
70 3.2056778966906184e-07
90 6.411355793381237e-07
120 3.2056778966906184e-07
130 3.2056778966906184e-07
140 6.411355793381237e-07
150 3.2056778966906184e-07
160 3.2056778966906184e-07
190 3.2056778966906184e-07
200 6.411355793381237e-07
300 9.617033690071855e-07
400 6.411355793381237e-07
500 2.243974527683433e-06
600 6.411355793381237e-07
700 9.617033690071855e-07
800 3.2056778966906184e-07
900 9.617033690071855e-07
1000 3.2056778966906185e-06
2000 2.243974527683433e-06
3000 1.923406738014371e-06
4000 3.2056778966906184e-07
7000 3.2056778966906184e-07
160200
10 3.2056778966906184e-07
3550
1 6.411355793381237e-07
10 1.2822711586762474e-06
40 3.2056778966906184e-07
700 3.2056778966906184e-07
2050
1 1.2822711586762474e-06
10 1.2822711586762474e-06
40 3.2056778966906184e-07
70 6.411355793381237e-07
110 3.2056778966906184e-07
170 3.2056778966906184e-07
200 3.2056778966906184e-07
300 3.2056778966906184e-07
400 6.411355793381237e-07
600 6.411355793381237e-07
900 3.2056778966906184e-07
2000 6.411355793381237e-07
3000 3.2056778966906184e-07
5000 3.2056778966906184e-07
3350
1 9.617033690071855e-07
10 9.617033690071855e-07
70 3.2056778966906184e-07
180 3.2056778966906184e-07
400 3.2056778966906184e-07
1000 3.2056778966906184e-07
2000 3.2056778966906184e-07
6600
1 1.2822711586762474e-06
10 6.411355793381237e-07
43600
10 3.2056778966906184e-07
6000
1 6.411355793381237e-07
10 9.617033690071855e-07
1000 3.2056778966906184e-07
4700
1 3.2056778966906184e-07
10 6.411355793381237e-07
11200
1 1.6028389483453093e-06
2200
1 1.923406738014371e-06
10 1.923406738014371e-06
300 3.2056778966906184e-07
800 3.2056778966906184e-07
1000 3.2056778966906184e-07
4000 3.2056778966906184e-07
20000 3.2056778966906184e-07
1250
1 3.846813476028742e-06
10 5.1290846347049894e-06
40 9.617033690071855e-07
50 1.923406738014371e-06
60 3.2056778966906184e-07
70 3.2056778966906184e-07
80 3.2056778966906184e-07
130 3.2056778966906184e-07
140 3.2056778966906184e-07
170 3.2056778966906184e-07
180 3.2056778966906184e-07
190 3.2056778966906184e-07
300 9.617033690071855e-07
400 1.2822711586762474e-06
500 3.2056778966906184e-07
700 6.411355793381237e-07
1000 3.2056778966906184e-07
2000 6.411355793381237e-07
3000 6.411355793381237e-07
4000 6.411355793381237e-07
5000 3.2056778966906184e-07
9000 3.2056778966906184e-07
14200
1 3.2056778966906184e-07
10 3.2056778966906184e-07
7800
1 6.411355793381237e-07
10 6.411355793381237e-07
2000 3.2056778966906184e-07
4100
1 9.617033690071855e-07
10 3.2056778966906184e-07
30 3.2056778966906184e-07
70 3.2056778966906184e-07
3000 3.2056778966906184e-07
4900
1 3.2056778966906184e-07
10 6.411355793381237e-07
9000
1 9.617033690071855e-07
10 9.617033690071855e-07
2000 3.2056778966906184e-07
18000
2000 3.2056778966906184e-07
21200
1 3.2056778966906184e-07
80 3.2056778966906184e-07
4800
1 6.411355793381237e-07
4000 3.2056778966906184e-07
4250
1 1.6028389483453093e-06
60 3.2056778966906184e-07
500 3.2056778966906184e-07
11600
1 9.617033690071855e-07
10 6.411355793381237e-07
8600
10 9.617033690071855e-07
2900
1 1.6028389483453093e-06
10 9.617033690071855e-07
40 2.243974527683433e-06
180 3.2056778966906184e-07
400 6.411355793381237e-07
500 3.2056778966906184e-07
2000 6.411355793381237e-07
3000 3.2056778966906184e-07
6000 6.411355793381237e-07
14000
1 3.2056778966906184e-07
10 1.2822711586762474e-06
7000
1 1.2822711586762474e-06
10 6.411355793381237e-07
800 3.2056778966906184e-07
48400
3000 3.2056778966906184e-07
9600
1 9.617033690071855e-07
619600
20 3.2056778966906184e-07
7400
1 1.2822711586762474e-06
10 1.2822711586762474e-06
3050
1 1.2822711586762474e-06
10 6.411355793381237e-07
20 3.2056778966906184e-07
40 6.411355793381237e-07
1000 3.2056778966906184e-07
2000 6.411355793381237e-07
1900
1 4.167381265697804e-06
10 9.617033690071855e-07
40 3.2056778966906184e-07
80 3.2056778966906184e-07
110 3.2056778966906184e-07
500 3.2056778966906184e-07
600 3.2056778966906184e-07
900 3.2056778966906184e-07
1000 6.411355793381237e-07
1650
1 3.5262456863596804e-06
10 3.846813476028742e-06
60 3.2056778966906184e-07
300 3.2056778966906184e-07
500 6.411355793381237e-07
1000 6.411355793381237e-07
2000 3.2056778966906184e-07
4000 6.411355793381237e-07
5000 3.2056778966906184e-07
3450
1 1.2822711586762474e-06
10 3.2056778966906184e-07
40 3.2056778966906184e-07
300 3.2056778966906184e-07
1000 3.2056778966906184e-07
4000 3.2056778966906184e-07
4550
1 3.2056778966906184e-07
200 3.2056778966906184e-07
37200
10 3.2056778966906184e-07
27600
1 3.2056778966906184e-07
2400
1 2.243974527683433e-06
10 1.923406738014371e-06
70 3.2056778966906184e-07
300 3.2056778966906184e-07
700 6.411355793381237e-07
1000 3.2056778966906184e-07
2000 6.411355793381237e-07
4000 3.2056778966906184e-07
10200
130 3.2056778966906184e-07
20000 3.2056778966906184e-07
281000
1000 3.2056778966906184e-07
3250
1 1.2822711586762474e-06
10 1.6028389483453093e-06
400 3.2056778966906184e-07
500 3.2056778966906184e-07
26600
1 3.2056778966906184e-07
4150
1 9.617033690071855e-07
10 3.2056778966906184e-07
500 3.2056778966906184e-07
2000 6.411355793381237e-07
4000 3.2056778966906184e-07
20000 3.2056778966906184e-07
38400
1 3.2056778966906184e-07
3100
1 1.2822711586762474e-06
10 6.411355793381237e-07
40 3.2056778966906184e-07
180 3.2056778966906184e-07
400 3.2056778966906184e-07
600 6.411355793381237e-07
900 3.2056778966906184e-07
1000 6.411355793381237e-07
2000 3.2056778966906184e-07
3000 3.2056778966906184e-07
4000 3.2056778966906184e-07
43000
1 3.2056778966906184e-07
4300
1 6.411355793381237e-07
10 6.411355793381237e-07
180 3.2056778966906184e-07
2000 3.2056778966906184e-07
3500
1 3.2056778966906184e-07
10 6.411355793381237e-07
500 3.2056778966906184e-07
3000 3.2056778966906184e-07
1550
1 4.167381265697804e-06
10 3.846813476028742e-06
40 3.2056778966906184e-07
90 6.411355793381237e-07
150 3.2056778966906184e-07
400 6.411355793381237e-07
500 3.2056778966906184e-07
900 3.2056778966906184e-07
1000 3.2056778966906184e-07
2000 9.617033690071855e-07
3000 3.2056778966906184e-07
7200
1 3.2056778966906184e-07
10 1.6028389483453093e-06
2150
1 1.2822711586762474e-06
10 2.8851101070215566e-06
70 3.2056778966906184e-07
400 6.411355793381237e-07
500 3.2056778966906184e-07
2000 9.617033690071855e-07
4000 3.2056778966906184e-07
3950
1 3.2056778966906184e-07
1000 3.2056778966906184e-07
33800
1 3.2056778966906184e-07
10 3.2056778966906184e-07
10800
1 9.617033690071855e-07
10 6.411355793381237e-07
316400
1 3.2056778966906184e-07
34400
1 3.2056778966906184e-07
10600
1 9.617033690071855e-07
10 9.617033690071855e-07
18400
1 3.2056778966906184e-07
12400
10 3.2056778966906184e-07
13200
1 3.2056778966906184e-07
10 3.2056778966906184e-07
3650
1 6.411355793381237e-07
20000 3.2056778966906184e-07
4650
1 3.2056778966906184e-07
10 9.617033690071855e-07
600 6.411355793381237e-07
8800
1 9.617033690071855e-07
408600
10 3.2056778966906184e-07
3200
1 9.617033690071855e-07
10 6.411355793381237e-07
40 6.411355793381237e-07
400 3.2056778966906184e-07
1000 6.411355793381237e-07
2000 6.411355793381237e-07
4000 3.2056778966906184e-07
6400
1 9.617033690071855e-07
10 9.617033690071855e-07
400 3.2056778966906184e-07
1000 3.2056778966906184e-07
2000 3.2056778966906184e-07
40600
10 3.2056778966906184e-07
8400
1 6.411355793381237e-07
10 3.2056778966906184e-07
5600
1 9.617033690071855e-07
10 3.2056778966906184e-07
300 3.2056778966906184e-07
3000 3.2056778966906184e-07
36400
1 3.2056778966906184e-07
16400
1 3.2056778966906184e-07
10 3.2056778966906184e-07
3700
1 3.2056778966906184e-07
10 6.411355793381237e-07
70 3.2056778966906184e-07
90 3.2056778966906184e-07
4050
1 1.6028389483453093e-06
10 3.2056778966906184e-07
120 3.2056778966906184e-07
8000
1 6.411355793381237e-07
300 3.2056778966906184e-07
2950
10 1.2822711586762474e-06
500 3.2056778966906184e-07
600 3.2056778966906184e-07
2000 3.2056778966906184e-07
32000
1 3.2056778966906184e-07
78600
20 3.2056778966906184e-07
4950
10 9.617033690071855e-07
2000 3.2056778966906184e-07
165400
10 3.2056778966906184e-07
4200
1 9.617033690071855e-07
500 3.2056778966906184e-07
14800
10 3.2056778966906184e-07
1000 3.2056778966906184e-07
11400
1 3.2056778966906184e-07
10 3.2056778966906184e-07
54600
1 3.2056778966906184e-07
4400
1 3.2056778966906184e-07
10 3.2056778966906184e-07
1000 3.2056778966906184e-07
2000 3.2056778966906184e-07
32400
1 3.2056778966906184e-07
12000
1 3.2056778966906184e-07
10 3.2056778966906184e-07
3000 3.2056778966906184e-07
73800
1 3.2056778966906184e-07
19200
1 3.2056778966906184e-07
10 3.2056778966906184e-07
4000
1 9.617033690071855e-07
10 3.2056778966906184e-07
70 3.2056778966906184e-07
600 3.2056778966906184e-07
700 3.2056778966906184e-07
20000 3.2056778966906184e-07
20200
1 3.2056778966906184e-07
600 3.2056778966906184e-07
25000
1 3.2056778966906184e-07
10400
1 6.411355793381237e-07
10000
1 1.2822711586762474e-06
10 3.2056778966906184e-07
50 3.2056778966906184e-07
67600
80 3.2056778966906184e-07
12800
10 3.2056778966906184e-07
80 3.2056778966906184e-07
3000 3.2056778966906184e-07
24000
10 3.2056778966906184e-07
6800
1 1.2822711586762474e-06
200 3.2056778966906184e-07
26400
10 3.2056778966906184e-07
13400
10 3.2056778966906184e-07
2000 3.2056778966906184e-07
13800
10 3.2056778966906184e-07
409000
10 3.2056778966906184e-07
23200
200 3.2056778966906184e-07
414200
1 3.2056778966906184e-07
24400
1 3.2056778966906184e-07
25200
150 3.2056778966906184e-07
24800
10 6.411355793381237e-07
17000
1 3.2056778966906184e-07
10 3.2056778966906184e-07
15800
1 3.2056778966906184e-07
25400
1 3.2056778966906184e-07
4500
1 3.2056778966906184e-07
10 3.2056778966906184e-07
1000 3.2056778966906184e-07
37600
1 3.2056778966906184e-07
19600
10 3.2056778966906184e-07
26800
1 3.2056778966906184e-07
14400
1 3.2056778966906184e-07
10 3.2056778966906184e-07
16600
1 3.2056778966906184e-07
400 3.2056778966906184e-07
20800
1 3.2056778966906184e-07
39800
10 3.2056778966906184e-07
55600
1 3.2056778966906184e-07
23800
10 6.411355793381237e-07
26200
1 3.2056778966906184e-07
36000
10 3.2056778966906184e-07
22200
10 3.2056778966906184e-07
618600
10 3.2056778966906184e-07
31400
1 3.2056778966906184e-07
30600
10 3.2056778966906184e-07
29200
10 3.2056778966906184e-07
17600
1 3.2056778966906184e-07
4450
1 1.2822711586762474e-06
10 3.2056778966906184e-07
150 3.2056778966906184e-07
15400
1 3.2056778966906184e-07
20400
10 3.2056778966906184e-07
300 3.2056778966906184e-07
15000
1 3.2056778966906184e-07
10 3.2056778966906184e-07
12600
180 3.2056778966906184e-07
7600
1 3.2056778966906184e-07
10 6.411355793381237e-07
14600
1 3.2056778966906184e-07
10 3.2056778966906184e-07
3900
1 3.2056778966906184e-07
10 9.617033690071855e-07
80 3.2056778966906184e-07
3850
1 3.2056778966906184e-07
10 3.2056778966906184e-07
70 3.2056778966906184e-07
200 3.2056778966906184e-07
2000 3.2056778966906184e-07
3750
1 3.2056778966906184e-07
10 9.617033690071855e-07
18200
10 3.2056778966906184e-07
13600
10 3.2056778966906184e-07
4850
1 3.2056778966906184e-07
4750
6000 3.2056778966906184e-07
17800
1 3.2056778966906184e-07
17400
1 3.2056778966906184e-07
9400
10 3.2056778966906184e-07
2000 3.2056778966906184e-07
16800
1 3.2056778966906184e-07
12200
10 6.411355793381237e-07
21000
1 3.2056778966906184e-07
21400
10 3.2056778966906184e-07
21800
10 3.2056778966906184e-07
99600
1 3.2056778966906184e-07
