12200
1 4.2826387392939384e-07
10 2.1413193696469692e-07
20 4.2826387392939384e-07
40 2.1413193696469692e-07
11600
1 4.2826387392939384e-07
10 1.0706596848234846e-06
30 4.2826387392939384e-07
14
1 0.0015453901890742177
10 0.0021044886764890413
20 0.000493145850829697
30 0.00019935683331413285
40 0.00016252614015620497
50 0.00012312586375470074
60 9.229086483178438e-05
70 7.387551825282044e-05
80 5.56743036108212e-05
90 4.1969859645080595e-05
100 3.8115484779716055e-05
110 2.9978471175057568e-05
120 2.441104081397545e-05
130 2.0770797885575602e-05
140 1.7558818831105148e-05
150 1.5845763335387573e-05
160 1.8415346578963935e-05
170 1.327618009181121e-05
180 9.421805226446664e-06
190 8.35114554162318e-06
200 3.683069315792787e-05
300 3.597416541006908e-05
400 2.5481700498798933e-05
500 1.6274027209316967e-05
600 1.1134860722164241e-05
700 1.3490312028775906e-05
800 6.638090045905605e-06
900 1.0492464911270149e-05
1000 4.17557277081159e-05
2000 0.00010685183654538377
3000 1.0492464911270149e-05
4000 5.781562298046817e-06
5000 3.854374865364545e-06
6000 3.211979054470454e-06
7000 2.1413193696469693e-06
8000 2.7837151805410602e-06
9000 2.1413193696469693e-06
10000 6.423958108940907e-07
20000 8.137013604658483e-06
40000 6.423958108940907e-07
100000 2.1413193696469692e-07
1
1 0.1324549498524417
10 0.24637206965797562
20 0.06980230054787798
30 0.034027277839186056
40 0.023844019444892933
50 0.01901320294696937
60 0.014848550904942978
70 0.01199781242813197
80 0.01015649190217254
90 0.008536583799034608
100 0.00711838798051742
110 0.006147942042193414
120 0.005235739990723805
130 0.004630174872987641
140 0.003943882015015788
150 0.0033967749160709873
160 0.0029494532997517355
170 0.0025488124456907874
180 0.00222889933186553
190 0.0019456027792612363
200 0.007776201290872969
300 0.007024384060189918
400 0.00400234003380715
500 0.0026151933461498436
600 0.002168299993704521
700 0.0030438854839531667
800 0.0018558814976730282
900 0.001134042738165035
1000 0.004184994576038037
2000 0.005490985259585723
3000 0.002365515507649007
4000 0.0012646632197135
5000 0.000429548665551182
6000 0.0002083503746666501
7000 0.00011498885015004225
8000 8.586690672284346e-05
9000 5.524603973689181e-05
10000 1.8629478515928634e-05
20000 0.000188650236465898
40000 2.3554513066116663e-05
60000 1.327618009181121e-05
80000 4.925034550188029e-06
100000 1.9271874326822724e-06
200000 4.2826387392939384e-07
340
1 3.8115484779716055e-05
10 6.702329626995014e-05
20 1.1777256533058331e-05
30 6.423958108940908e-06
40 1.7130554957175754e-06
50 3.4261109914351507e-06
60 1.9271874326822724e-06
70 8.565277478587877e-07
80 4.2826387392939384e-07
90 1.0706596848234846e-06
100 2.1413193696469692e-07
110 8.565277478587877e-07
120 6.423958108940907e-07
130 1.0706596848234846e-06
140 2.1413193696469692e-07
150 4.2826387392939384e-07
170 6.423958108940907e-07
180 2.1413193696469692e-07
190 4.2826387392939384e-07
200 2.1413193696469693e-06
300 2.569583243576363e-06
400 8.565277478587877e-07
500 8.565277478587877e-07
600 8.565277478587877e-07
700 2.1413193696469692e-07
800 8.565277478587877e-07
900 4.2826387392939384e-07
1000 3.211979054470454e-06
2000 1.0706596848234846e-06
35800
10 2.1413193696469692e-07
7
1 0.0028248285124382816
10 0.003982639895606398
20 0.0009620947927823833
30 0.0004291204016772526
40 0.0003952875556368305
50 0.00033490234941278596
60 0.0002507484981856601
70 0.00017708711186980436
80 0.00012184107213291255
90 0.0001044963852387721
100 7.772989311818499e-05
110 6.059933816100923e-05
120 5.7387359106538774e-05
130 5.203406068242135e-05
140 3.832961671668075e-05
150 3.661656122096317e-05
160 2.8907811490234086e-05
170 2.5481700498798933e-05
180 1.9057742389858027e-05
190 1.7772950768069846e-05
200 7.237659469406756e-05
300 7.066353919834999e-05
400 4.4967706762586354e-05
500 2.7623019868445905e-05
600 2.3554513066116663e-05
700 2.0984929822540297e-05
800 2.034253401164621e-05
900 2.0556665948610904e-05
1000 7.537444181157332e-05
2000 0.0002175580479561321
3000 2.1841457570399085e-05
4000 1.9271874326822723e-05
5000 8.35114554162318e-06
6000 6.209826171976211e-06
7000 6.8522219828703015e-06
8000 5.353298424117423e-06
9000 3.6402429283998476e-06
10000 1.4989235587528785e-06
20000 1.327618009181121e-05
40000 2.1413193696469693e-06
60000 4.2826387392939384e-07
80000 2.1413193696469692e-07
100000 2.1413193696469692e-07
200000 2.1413193696469692e-07
6800
1 8.565277478587877e-07
10 2.355451306611666e-06
20 6.423958108940907e-07
60 2.1413193696469692e-07
160 2.1413193696469692e-07
300 2.1413193696469692e-07
1000 2.1413193696469692e-07
3800
1 6.423958108940907e-07
10 6.423958108940907e-07
20 4.2826387392939384e-07
40 2.1413193696469692e-07
60 2.1413193696469692e-07
70 2.1413193696469692e-07
1000 2.1413193696469692e-07
3
1 0.013411083212098968
10 0.021851950035310357
20 0.005407473804169492
30 0.002526542724246459
40 0.0020832896147295363
50 0.0018029909092427481
60 0.0013175538081437801
70 0.0009342576409769726
80 0.0007436802170783924
90 0.0006162717145843978
100 0.0005038524476779319
110 0.00041605835352240614
120 0.00034539481432405616
130 0.00030149776724629326
140 0.0002588855117903186
150 0.0002291211725522257
160 0.00018393933385267466
170 0.00015995655691262861
180 0.00014304013389241754
190 0.00010749423235627785
200 0.0004466792205083578
300 0.0004299769294251114
400 0.000243039748454931
500 0.0001884361045289333
600 0.00012740850249399468
700 0.00013126287735935923
800 0.00011948562082630089
900 0.00010984968366288952
1000 0.0004299769294251114
2000 0.0005336167869160247
3000 0.00019700138200752116
4000 0.00010899315591503073
5000 6.29547894676209e-05
6000 4.004267221239833e-05
7000 2.9978471175057568e-05
8000 2.0984929822540297e-05
9000 1.670229108324636e-05
10000 7.280485856799695e-06
20000 5.9528678476185746e-05
40000 6.423958108940908e-06
60000 1.9271874326822724e-06
80000 4.2826387392939384e-07
100000 6.423958108940907e-07
200000 4.2826387392939384e-07
20
1 0.0008603821227241523
10 0.0010984968366288953
20 0.0002447528039506486
30 0.00010578117686056028
40 7.794402505514968e-05
50 6.423958108940907e-05
60 4.88220816279509e-05
70 3.768722090578666e-05
80 2.912194342719878e-05
90 2.012840207468151e-05
100 1.6916423020211056e-05
110 1.7772950768069846e-05
120 1.2633784280917119e-05
130 1.2205520406987725e-05
140 8.99354135251727e-06
150 6.209826171976211e-06
160 3.854374865364545e-06
170 4.068506802329242e-06
180 3.6402429283998476e-06
190 6.638090045905605e-06
200 2.141319369646969e-05
300 1.4989235587528784e-05
400 1.0920728785199542e-05
500 8.565277478587877e-06
600 4.925034550188029e-06
700 4.710902613223332e-06
800 5.353298424117423e-06
900 7.494617793764392e-06
1000 2.0984929822540297e-05
2000 2.441104081397545e-05
3000 8.35114554162318e-06
4000 3.6402429283998476e-06
5000 3.4261109914351507e-06
6000 1.7130554957175754e-06
7000 1.2847916217881815e-06
8000 1.0706596848234846e-06
9000 1.4989235587528785e-06
10000 4.2826387392939384e-07
20000 3.6402429283998476e-06
40000 2.1413193696469692e-07
80000 2.1413193696469692e-07
800
1 1.9700138200752116e-05
10 2.8479547616304692e-05
20 7.280485856799695e-06
30 3.211979054470454e-06
40 6.423958108940907e-07
50 1.4989235587528785e-06
60 8.565277478587877e-07
70 8.565277478587877e-07
80 1.2847916217881815e-06
100 4.2826387392939384e-07
140 4.2826387392939384e-07
200 4.2826387392939384e-07
300 2.1413193696469692e-07
400 4.2826387392939384e-07
500 4.2826387392939384e-07
600 2.1413193696469692e-07
1000 1.0706596848234846e-06
2000 2.1413193696469692e-07
4000 2.1413193696469692e-07
20000 2.1413193696469692e-07
850
1 1.7558818831105148e-05
10 2.5909964372728326e-05
20 6.209826171976211e-06
30 1.2847916217881815e-06
40 1.7130554957175754e-06
50 1.4989235587528785e-06
60 1.2847916217881815e-06
70 1.0706596848234846e-06
80 1.0706596848234846e-06
90 4.2826387392939384e-07
100 6.423958108940907e-07
110 4.2826387392939384e-07
120 2.1413193696469692e-07
150 2.1413193696469692e-07
160 2.1413193696469692e-07
170 4.2826387392939384e-07
200 6.423958108940907e-07
300 4.2826387392939384e-07
400 4.2826387392939384e-07
500 2.1413193696469692e-07
600 2.1413193696469692e-07
800 2.1413193696469692e-07
900 8.565277478587877e-07
1000 4.2826387392939384e-07
7000 2.1413193696469692e-07
20000 2.1413193696469692e-07
80
1 0.0006171282423322566
10 0.0007950718819499197
20 0.00016466745952585193
30 6.166999784583272e-05
40 4.539597063651575e-05
50 3.46893737882809e-05
60 2.8479547616304692e-05
70 2.3554513066116663e-05
80 1.5631631398422875e-05
90 1.8629478515928634e-05
100 1.1348992659128938e-05
110 1.0064201037340755e-05
120 7.066353919834998e-06
130 6.423958108940908e-06
140 4.710902613223332e-06
150 4.068506802329242e-06
160 4.710902613223332e-06
170 2.355451306611666e-06
180 3.4261109914351507e-06
190 2.7837151805410602e-06
200 1.327618009181121e-05
300 1.4346839776634694e-05
400 8.565277478587877e-06
500 7.922881667693787e-06
600 3.854374865364545e-06
700 3.4261109914351507e-06
800 3.6402429283998476e-06
900 3.854374865364545e-06
1000 1.6488159146281662e-05
2000 8.99354135251727e-06
3000 3.6402429283998476e-06
4000 2.1413193696469693e-06
5000 1.2847916217881815e-06
6000 2.1413193696469692e-07
7000 8.565277478587877e-07
8000 6.423958108940907e-07
9000 4.2826387392939384e-07
20000 2.997847117505757e-06
40000 1.0706596848234846e-06
80000 4.2826387392939384e-07
100000 6.423958108940907e-07
200000 4.2826387392939384e-07
9200
1 8.565277478587877e-07
10 1.2847916217881815e-06
20 4.2826387392939384e-07
30 2.1413193696469692e-07
40 2.1413193696469692e-07
50 2.1413193696469692e-07
1000 2.1413193696469692e-07
240
1 7.944294861390256e-05
10 0.00010963555172592482
20 2.3982776940046057e-05
30 8.99354135251727e-06
40 8.137013604658483e-06
50 1.2847916217881816e-05
60 3.6402429283998476e-06
70 3.211979054470454e-06
80 1.9271874326822724e-06
90 6.8522219828703015e-06
100 1.2847916217881815e-06
110 1.9271874326822724e-06
120 1.2847916217881815e-06
130 8.565277478587877e-07
140 1.9271874326822724e-06
150 2.1413193696469693e-06
160 4.2826387392939384e-07
170 8.565277478587877e-07
180 2.1413193696469692e-07
190 2.1413193696469692e-07
200 3.4261109914351507e-06
300 2.997847117505757e-06
400 1.9271874326822724e-06
500 8.565277478587877e-07
600 1.0706596848234846e-06
800 4.2826387392939384e-07
900 6.423958108940907e-07
1000 2.7837151805410602e-06
2000 2.1413193696469693e-06
3000 4.2826387392939384e-07
4000 2.1413193696469692e-07
7000 2.1413193696469692e-07
8000 2.1413193696469692e-07
9000 2.1413193696469692e-07
20000 2.1413193696469692e-07
1100
1 9.207673289481968e-06
10 1.3704443965740603e-05
20 3.211979054470454e-06
30 1.2847916217881815e-06
40 2.1413193696469693e-06
50 2.1413193696469692e-07
60 8.565277478587877e-07
70 2.1413193696469692e-07
90 2.1413193696469692e-07
100 2.1413193696469692e-07
140 2.1413193696469692e-07
150 4.2826387392939384e-07
190 2.1413193696469692e-07
200 2.1413193696469692e-07
300 6.423958108940907e-07
600 2.1413193696469692e-07
1000 2.1413193696469692e-07
2000 2.1413193696469692e-07
40000 2.1413193696469692e-07
600
1 3.832961671668075e-05
10 5.289058843028014e-05
20 1.0278332974305452e-05
30 3.854374865364545e-06
40 4.068506802329242e-06
50 1.7130554957175754e-06
60 1.0706596848234846e-06
70 1.7130554957175754e-06
80 6.423958108940907e-07
90 2.1413193696469692e-07
100 1.0706596848234846e-06
110 4.2826387392939384e-07
120 6.423958108940907e-07
130 2.1413193696469692e-07
150 2.1413193696469692e-07
180 2.1413193696469692e-07
200 8.565277478587877e-07
300 2.355451306611666e-06
400 6.423958108940907e-07
500 1.2847916217881815e-06
600 2.1413193696469692e-07
700 4.2826387392939384e-07
900 6.423958108940907e-07
1000 8.565277478587877e-07
2000 6.423958108940907e-07
3000 4.2826387392939384e-07
4000 4.2826387392939384e-07
7000 2.1413193696469692e-07
180
1 0.00014967822393832314
10 0.00019121981970947436
20 3.940027640150423e-05
30 1.2205520406987725e-05
40 1.1777256533058331e-05
50 1.6274027209316967e-05
60 5.139166487152726e-06
70 3.854374865364545e-06
80 4.2826387392939385e-06
90 9.850069100376058e-06
100 2.569583243576363e-06
110 1.0706596848234846e-06
120 2.569583243576363e-06
130 1.9271874326822724e-06
140 1.4989235587528785e-06
150 1.0706596848234846e-06
160 2.569583243576363e-06
170 1.9271874326822724e-06
180 1.0706596848234846e-06
190 1.0706596848234846e-06
200 3.6402429283998476e-06
300 3.4261109914351507e-06
400 2.997847117505757e-06
500 1.7130554957175754e-06
600 1.0706596848234846e-06
700 1.2847916217881815e-06
800 1.2847916217881815e-06
900 2.1413193696469693e-06
1000 4.496770676258635e-06
2000 3.211979054470454e-06
3000 1.7130554957175754e-06
4000 1.0706596848234846e-06
5000 2.1413193696469692e-07
7000 2.1413193696469692e-07
8000 2.1413193696469692e-07
20000 4.2826387392939384e-07
60000 2.1413193696469692e-07
100000 4.2826387392939384e-07
300000 2.1413193696469692e-07
6600
1 1.0706596848234846e-06
10 3.211979054470454e-06
20 4.2826387392939384e-07
30 6.423958108940907e-07
60 2.1413193696469692e-07
150 2.1413193696469692e-07
20000 2.1413193696469692e-07
16
1 0.0012586675254784886
10 0.0016629486224678364
20 0.00038672227815824263
30 0.00015781523754298163
40 0.00011391819046521877
50 0.00010578117686056028
60 7.387551825282044e-05
70 4.86079496909862e-05
80 4.689489419526863e-05
90 3.062086698595166e-05
100 3.0192603112022267e-05
110 2.2055589507363783e-05
120 1.9271874326822723e-05
130 1.9057742389858027e-05
140 1.5845763335387573e-05
150 1.1563124596093635e-05
160 1.1991388470023028e-05
170 9.207673289481968e-06
180 8.779409415552574e-06
190 5.781562298046817e-06
200 3.0192603112022267e-05
300 2.655236018362242e-05
400 2.034253401164621e-05
500 1.6059895272352268e-05
600 8.565277478587877e-06
700 6.423958108940908e-06
800 6.8522219828703015e-06
900 8.137013604658483e-06
1000 3.2976318292563324e-05
2000 6.638090045905604e-05
3000 7.70874973072909e-06
4000 6.638090045905605e-06
5000 3.4261109914351507e-06
6000 2.997847117505757e-06
7000 1.2847916217881815e-06
8000 8.565277478587877e-07
9000 4.2826387392939384e-07
10000 2.1413193696469692e-07
20000 5.781562298046817e-06
40000 1.7130554957175754e-06
60000 2.1413193696469692e-07
45800
1 2.1413193696469692e-07
37200
10 2.1413193696469692e-07
260
1 7.537444181157332e-05
10 9.828655906679588e-05
20 1.8629478515928634e-05
30 5.5674303610821204e-06
40 4.2826387392939385e-06
50 5.353298424117423e-06
60 1.7130554957175754e-06
70 2.355451306611666e-06
80 2.355451306611666e-06
90 1.9271874326822724e-06
100 1.7130554957175754e-06
110 6.423958108940907e-07
120 8.565277478587877e-07
130 4.2826387392939384e-07
140 1.0706596848234846e-06
150 4.2826387392939384e-07
160 4.2826387392939384e-07
170 8.565277478587877e-07
180 4.2826387392939384e-07
190 1.0706596848234846e-06
200 1.2847916217881815e-06
300 2.355451306611666e-06
400 1.7130554957175754e-06
500 4.2826387392939384e-07
700 6.423958108940907e-07
800 6.423958108940907e-07
900 1.0706596848234846e-06
1000 1.0706596848234846e-06
2000 1.4989235587528785e-06
3000 4.2826387392939384e-07
5000 2.1413193696469692e-07
6000 2.1413193696469692e-07
8000 2.1413193696469692e-07
10000 2.1413193696469692e-07
20000 2.1413193696469692e-07
100000 2.1413193696469692e-07
178000
1 2.1413193696469692e-07
5800
1 1.9271874326822724e-06
10 2.7837151805410602e-06
20 2.1413193696469692e-07
30 2.1413193696469692e-07
40 2.1413193696469692e-07
50 2.1413193696469692e-07
1000 2.1413193696469692e-07
42
1 0.00022612332543471995
10 0.0002982857881918228
20 6.659503239602074e-05
30 2.419690887701075e-05
40 1.9700138200752116e-05
50 1.2847916217881816e-05
60 1.1563124596093635e-05
70 7.280485856799695e-06
80 6.638090045905605e-06
90 5.781562298046817e-06
100 5.139166487152726e-06
110 2.7837151805410602e-06
120 3.211979054470454e-06
130 3.211979054470454e-06
140 1.7130554957175754e-06
150 1.9271874326822724e-06
160 1.0706596848234846e-06
170 1.9271874326822724e-06
180 1.7130554957175754e-06
190 6.423958108940907e-07
200 7.280485856799695e-06
300 5.5674303610821204e-06
400 2.569583243576363e-06
500 2.7837151805410602e-06
600 2.1413193696469693e-06
700 1.2847916217881815e-06
800 2.355451306611666e-06
900 1.9271874326822724e-06
1000 7.280485856799695e-06
2000 3.6402429283998476e-06
3000 1.9271874326822724e-06
4000 2.1413193696469692e-07
5000 4.2826387392939384e-07
8000 2.1413193696469692e-07
10000 4.2826387392939384e-07
20000 1.2847916217881815e-06
40000 2.1413193696469692e-07
750
1 2.291211725522257e-05
10 3.361871410345742e-05
20 6.423958108940908e-06
30 3.211979054470454e-06
40 1.9271874326822724e-06
50 8.565277478587877e-07
60 8.565277478587877e-07
70 8.565277478587877e-07
80 4.2826387392939384e-07
90 4.2826387392939384e-07
100 8.565277478587877e-07
110 4.2826387392939384e-07
120 2.1413193696469692e-07
130 6.423958108940907e-07
180 2.1413193696469692e-07
200 4.2826387392939384e-07
300 4.2826387392939384e-07
400 6.423958108940907e-07
500 6.423958108940907e-07
600 8.565277478587877e-07
700 2.1413193696469692e-07
800 6.423958108940907e-07
900 2.1413193696469692e-07
1000 8.565277478587877e-07
2000 4.2826387392939384e-07
7000 2.1413193696469692e-07
120
1 0.00030706519760737537
10 0.00039849953469130097
20 8.501037897498468e-05
30 3.276218635559863e-05
40 2.1841457570399085e-05
50 1.7130554957175754e-05
60 1.1777256533058331e-05
70 1.1348992659128938e-05
80 9.207673289481968e-06
90 1.0920728785199542e-05
100 5.5674303610821204e-06
110 4.2826387392939385e-06
120 2.7837151805410602e-06
130 3.4261109914351507e-06
140 3.211979054470454e-06
150 8.779409415552574e-06
160 8.99354135251727e-06
170 2.569583243576363e-06
180 2.1413193696469693e-06
190 2.355451306611666e-06
200 7.494617793764392e-06
300 1.3062048154846512e-05
400 4.068506802329242e-06
500 2.7837151805410602e-06
600 5.353298424117423e-06
700 3.4261109914351507e-06
800 2.355451306611666e-06
900 2.355451306611666e-06
1000 7.922881667693787e-06
2000 5.353298424117423e-06
3000 2.7837151805410602e-06
4000 1.0706596848234846e-06
5000 1.2847916217881815e-06
7000 6.423958108940907e-07
8000 2.1413193696469692e-07
9000 2.1413193696469692e-07
20000 8.565277478587877e-07
40000 2.1413193696469692e-07
100000 8.565277478587877e-07
200000 2.1413193696469692e-07
60
1 0.0010029939927426405
10 0.0012550272825500887
20 0.0002627398866556831
30 0.00010278332974305453
40 6.638090045905604e-05
50 5.0535137123668475e-05
60 5.010687324973908e-05
70 3.661656122096317e-05
80 3.1691526670775146e-05
90 2.2697985318257875e-05
100 1.9057742389858027e-05
110 1.7772950768069846e-05
120 1.1563124596093635e-05
130 1.0064201037340755e-05
140 7.494617793764392e-06
150 8.137013604658483e-06
160 7.922881667693787e-06
170 6.638090045905605e-06
180 5.139166487152726e-06
190 4.496770676258635e-06
200 1.884361045289333e-05
300 2.4625172750940145e-05
400 1.5845763335387573e-05
500 1.3062048154846512e-05
600 8.779409415552574e-06
700 6.423958108940908e-06
800 7.494617793764392e-06
900 8.35114554162318e-06
1000 2.8051283742375298e-05
2000 1.1563124596093635e-05
3000 6.423958108940908e-06
4000 3.854374865364545e-06
5000 2.997847117505757e-06
6000 2.569583243576363e-06
7000 8.565277478587877e-07
8000 6.423958108940907e-07
9000 6.423958108940907e-07
10000 4.2826387392939384e-07
20000 2.569583243576363e-06
40000 1.0706596848234846e-06
60000 4.2826387392939384e-07
80000 8.565277478587877e-07
100000 2.1413193696469692e-07
1250
1 7.70874973072909e-06
10 1.1563124596093635e-05
20 3.6402429283998476e-06
30 8.565277478587877e-07
40 1.0706596848234846e-06
50 6.423958108940907e-07
60 2.1413193696469692e-07
70 4.2826387392939384e-07
80 2.1413193696469692e-07
90 2.1413193696469692e-07
100 4.2826387392939384e-07
160 2.1413193696469692e-07
180 2.1413193696469692e-07
300 4.2826387392939384e-07
400 4.2826387392939384e-07
900 4.2826387392939384e-07
1000 4.2826387392939384e-07
100
1 0.0004231247074422411
10 0.0005244091136265427
20 0.00011477471821307755
30 4.325465126686878e-05
40 3.126326279684575e-05
50 2.4625172750940145e-05
60 1.734468689414045e-05
70 1.734468689414045e-05
80 1.2205520406987725e-05
90 1.1348992659128938e-05
100 8.137013604658483e-06
110 6.209826171976211e-06
120 4.2826387392939385e-06
130 4.2826387392939385e-06
140 3.211979054470454e-06
150 6.423958108940908e-06
160 3.4261109914351507e-06
170 3.211979054470454e-06
180 2.1413193696469693e-06
190 1.4989235587528785e-06
200 9.850069100376058e-06
300 1.5845763335387573e-05
400 6.209826171976211e-06
500 6.209826171976211e-06
600 4.496770676258635e-06
700 3.211979054470454e-06
800 2.997847117505757e-06
900 5.5674303610821204e-06
1000 1.2419652343952422e-05
2000 6.8522219828703015e-06
3000 2.1413193696469693e-06
4000 1.0706596848234846e-06
5000 2.1413193696469692e-07
6000 2.1413193696469692e-07
7000 6.423958108940907e-07
8000 2.1413193696469692e-07
9000 4.2826387392939384e-07
10000 2.1413193696469692e-07
20000 6.423958108940907e-07
40000 2.1413193696469692e-07
100000 4.2826387392939384e-07
46400
900 2.1413193696469692e-07
1450
1 4.710902613223332e-06
10 7.494617793764392e-06
20 1.7130554957175754e-06
30 1.7130554957175754e-06
40 8.565277478587877e-07
50 6.423958108940907e-07
60 4.2826387392939384e-07
70 2.1413193696469692e-07
80 2.1413193696469692e-07
110 2.1413193696469692e-07
150 2.1413193696469692e-07
300 2.1413193696469692e-07
400 2.1413193696469692e-07
800 2.1413193696469692e-07
900 2.1413193696469692e-07
44
1 0.0002160591243973792
10 0.0002646670740883654
20 6.25265255936915e-05
30 2.3768645003081358e-05
40 1.541749946145818e-05
50 1.5203367524493481e-05
60 9.421805226446664e-06
70 9.635937163411361e-06
80 6.8522219828703015e-06
90 8.779409415552574e-06
100 1.2847916217881815e-06
110 2.1413193696469693e-06
120 4.068506802329242e-06
130 2.7837151805410602e-06
140 1.4989235587528785e-06
150 2.569583243576363e-06
160 1.4989235587528785e-06
170 1.4989235587528785e-06
180 1.0706596848234846e-06
190 2.1413193696469693e-06
200 4.496770676258635e-06
300 4.925034550188029e-06
400 2.1413193696469693e-06
500 2.7837151805410602e-06
600 2.7837151805410602e-06
700 1.7130554957175754e-06
800 1.0706596848234846e-06
900 1.7130554957175754e-06
1000 5.995694235011514e-06
2000 2.569583243576363e-06
3000 1.0706596848234846e-06
4000 6.423958108940907e-07
5000 2.1413193696469692e-07
6000 2.1413193696469692e-07
7000 6.423958108940907e-07
9000 2.1413193696469692e-07
10000 2.1413193696469692e-07
20000 1.2847916217881815e-06
40000 6.423958108940907e-07
380
1 3.147739473381045e-05
10 4.8179685817056805e-05
20 6.638090045905605e-06
30 3.4261109914351507e-06
40 2.355451306611666e-06
50 2.355451306611666e-06
60 1.4989235587528785e-06
70 2.1413193696469693e-06
80 2.1413193696469692e-07
90 1.0706596848234846e-06
100 4.2826387392939384e-07
110 6.423958108940907e-07
120 4.2826387392939384e-07
150 4.2826387392939384e-07
160 2.1413193696469692e-07
200 8.565277478587877e-07
300 1.0706596848234846e-06
400 4.2826387392939384e-07
500 4.2826387392939384e-07
600 6.423958108940907e-07
700 2.1413193696469692e-07
800 4.2826387392939384e-07
900 6.423958108940907e-07
1000 1.0706596848234846e-06
2000 1.9271874326822724e-06
4000 2.1413193696469692e-07
5000 2.1413193696469692e-07
6000 2.1413193696469692e-07
8000 2.1413193696469692e-07
40000 4.2826387392939384e-07
200
1 0.00012291173181773604
10 0.00015824350141691103
20 3.554590153613969e-05
30 9.850069100376058e-06
40 7.280485856799695e-06
50 1.5203367524493481e-05
60 6.423958108940908e-06
70 3.6402429283998476e-06
80 5.995694235011514e-06
90 5.5674303610821204e-06
100 1.7130554957175754e-06
110 2.1413193696469693e-06
120 1.4989235587528785e-06
130 1.4989235587528785e-06
140 1.4989235587528785e-06
150 1.7130554957175754e-06
160 6.423958108940907e-07
170 8.565277478587877e-07
180 6.423958108940907e-07
190 2.1413193696469692e-07
200 3.4261109914351507e-06
300 2.569583243576363e-06
400 2.1413193696469693e-06
500 4.2826387392939384e-07
600 1.2847916217881815e-06
700 1.2847916217881815e-06
800 1.0706596848234846e-06
900 6.423958108940907e-07
1000 3.211979054470454e-06
2000 2.355451306611666e-06
3000 8.565277478587877e-07
4000 4.2826387392939384e-07
6000 2.1413193696469692e-07
7000 2.1413193696469692e-07
22
1 0.0007231235511297816
10 0.0009584545498539834
20 0.00021284714534290875
30 8.757996221856104e-05
40 6.509610883726787e-05
50 5.0749269060633174e-05
60 3.46893737882809e-05
70 2.6980624057551812e-05
80 2.012840207468151e-05
90 1.948600626378742e-05
100 1.6274027209316967e-05
110 1.2419652343952422e-05
120 9.421805226446664e-06
130 7.922881667693787e-06
140 7.494617793764392e-06
150 5.995694235011514e-06
160 5.781562298046817e-06
170 4.068506802329242e-06
180 4.496770676258635e-06
190 2.7837151805410602e-06
200 1.6916423020211056e-05
300 1.7130554957175754e-05
400 1.0064201037340755e-05
500 5.995694235011514e-06
600 4.925034550188029e-06
700 3.211979054470454e-06
800 4.925034550188029e-06
900 4.2826387392939385e-06
1000 1.6916423020211056e-05
2000 1.6059895272352268e-05
3000 5.5674303610821204e-06
4000 3.4261109914351507e-06
5000 2.569583243576363e-06
6000 4.2826387392939384e-07
7000 1.0706596848234846e-06
8000 6.423958108940907e-07
9000 1.2847916217881815e-06
10000 2.1413193696469692e-07
20000 4.2826387392939385e-06
40000 2.1413193696469692e-07
60000 2.1413193696469692e-07
2
1 0.0298733323940079
10 0.05107988877130666
20 0.013041277356960937
30 0.005888200002655236
40 0.004304480196864338
50 0.003575789215373474
60 0.002718833203640757
70 0.0020697993027007605
80 0.0017411067794599507
90 0.001417981686580223
100 0.001173443014566539
110 0.0010079190272928285
120 0.0008674484766439872
130 0.0007520313626200156
140 0.0006233380685042328
150 0.0005342591827269188
160 0.0004501053314997929
170 0.000403424569241489
180 0.00032805012742991566
190 0.00028864985102841146
200 0.0011511732931222107
300 0.001025263714186969
400 0.000592074805707387
500 0.00043918460271459336
600 0.00030535214211165784
700 0.0002516050259335189
800 0.00024025603327438994
900 0.0002443245400767192
1000 0.0008650930253373756
2000 0.001512628002718619
3000 0.00037837113261661947
4000 0.0002304059641740139
5000 0.00011584537789790104
6000 7.794402505514968e-05
7000 4.368291514079817e-05
8000 3.426110991435151e-05
9000 2.6766492120587117e-05
10000 1.0920728785199542e-05
20000 0.00010792249623020725
40000 1.1348992659128938e-05
60000 3.854374865364545e-06
80000 2.1413193696469693e-06
100000 6.423958108940907e-07
200000 6.423958108940907e-07
5
1 0.0051532991949923964
10 0.007721597646946971
20 0.0018565238934839224
30 0.0008162709437094246
40 0.0007160571972099465
50 0.0006276207072435267
60 0.00045588689379783974
70 0.0003364012729715389
80 0.00024903544268994253
90 0.00020535252754914435
100 0.00016145548047138148
110 0.00013468898835079438
120 0.00012205520406987724
130 9.978548262554877e-05
140 8.137013604658483e-05
150 7.216246275710286e-05
160 5.3747116178138926e-05
170 5.203406068242135e-05
180 4.1969859645080595e-05
190 4.389704707776287e-05
200 0.00014068468258580588
300 0.00014025641871187648
400 8.822235802945513e-05
500 7.237659469406756e-05
600 4.88220816279509e-05
700 3.8757880590610144e-05
800 3.426110991435151e-05
900 3.8757880590610144e-05
1000 0.00014668037682081739
2000 0.00038008418811233706
3000 5.6102567484750596e-05
4000 3.640242928399848e-05
5000 1.884361045289333e-05
6000 1.4346839776634694e-05
7000 1.0492464911270149e-05
8000 9.850069100376058e-06
9000 7.922881667693787e-06
10000 2.7837151805410602e-06
20000 3.1691526670775146e-05
40000 2.997847117505757e-06
60000 2.355451306611666e-06
80000 8.565277478587877e-07
100000 2.1413193696469692e-07
12
1 0.002028471838866574
10 0.002789496742839107
20 0.0006190554297649388
30 0.0002706627683233769
40 0.00022633745737168465
50 0.00018565238934839222
60 0.00013597377997258254
70 0.00010214093393216043
80 7.623096955943211e-05
90 5.845801879136226e-05
100 5.4603643925997713e-05
110 3.768722090578666e-05
120 3.447524185131621e-05
130 3.2119790544704537e-05
140 2.2483853381293177e-05
150 2.633822824665772e-05
160 2.2483853381293177e-05
170 1.4989235587528784e-05
180 8.779409415552574e-06
190 9.635937163411361e-06
200 5.0321005186703777e-05
300 4.1327463834186506e-05
400 3.2333922481669235e-05
500 2.6124096309693025e-05
600 1.4775103650564087e-05
700 1.0492464911270149e-05
800 1.2205520406987725e-05
900 1.6059895272352268e-05
1000 6.23123936567268e-05
2000 0.000117986697267548
3000 1.884361045289333e-05
4000 8.99354135251727e-06
5000 8.779409415552574e-06
6000 4.925034550188029e-06
7000 4.2826387392939385e-06
8000 2.569583243576363e-06
9000 1.4989235587528785e-06
10000 8.565277478587877e-07
20000 1.2847916217881816e-05
60000 4.2826387392939384e-07
80000 2.1413193696469692e-07
300
1 5.3747116178138926e-05
10 7.66592334333615e-05
20 1.820121464199924e-05
30 6.8522219828703015e-06
40 4.925034550188029e-06
50 3.4261109914351507e-06
60 3.4261109914351507e-06
70 2.569583243576363e-06
80 2.7837151805410602e-06
90 2.569583243576363e-06
100 1.0706596848234846e-06
110 2.1413193696469692e-07
120 8.565277478587877e-07
130 2.1413193696469692e-07
140 8.565277478587877e-07
160 6.423958108940907e-07
170 4.2826387392939384e-07
180 6.423958108940907e-07
200 6.423958108940907e-07
300 1.4989235587528785e-06
400 2.1413193696469693e-06
500 2.1413193696469692e-07
600 4.2826387392939384e-07
700 2.1413193696469692e-07
800 4.2826387392939384e-07
900 4.2826387392939384e-07
1000 1.7130554957175754e-06
2000 6.423958108940907e-07
3000 2.1413193696469692e-07
4000 6.423958108940907e-07
8000 4.2826387392939384e-07
60000 2.1413193696469692e-07
300000 2.1413193696469692e-07
40
1 0.0008734441708789988
10 0.001139610168526117
20 0.0002569583243576363
30 9.871482294072528e-05
40 6.638090045905604e-05
50 5.438951198903302e-05
60 4.7537290006162716e-05
70 3.340458216649272e-05
80 2.8265415679339993e-05
90 2.7408887931481206e-05
100 1.5845763335387573e-05
110 1.4989235587528784e-05
120 1.1348992659128938e-05
130 7.70874973072909e-06
140 7.922881667693787e-06
150 5.5674303610821204e-06
160 5.995694235011514e-06
170 5.781562298046817e-06
180 4.496770676258635e-06
190 4.496770676258635e-06
200 2.1199061759504996e-05
300 2.0770797885575602e-05
400 1.6274027209316967e-05
500 1.0920728785199542e-05
600 5.5674303610821204e-06
700 7.494617793764392e-06
800 2.997847117505757e-06
900 5.781562298046817e-06
1000 2.3982776940046057e-05
2000 1.2633784280917119e-05
3000 5.353298424117423e-06
4000 2.355451306611666e-06
5000 2.569583243576363e-06
6000 1.7130554957175754e-06
7000 1.2847916217881815e-06
8000 6.423958108940907e-07
9000 8.565277478587877e-07
10000 6.423958108940907e-07
20000 3.6402429283998476e-06
40000 8.565277478587877e-07
60000 4.2826387392939384e-07
100000 2.1413193696469692e-07
6400
1 8.565277478587877e-07
10 2.1413193696469693e-06
20 1.0706596848234846e-06
30 4.2826387392939384e-07
40 2.1413193696469692e-07
46
1 0.0002012840207468151
10 0.0002627398866556831
20 6.038520622404453e-05
30 2.4839304687904844e-05
40 1.4132707839669997e-05
50 1.1777256533058331e-05
60 8.35114554162318e-06
70 7.922881667693787e-06
80 5.781562298046817e-06
90 5.5674303610821204e-06
100 3.854374865364545e-06
110 2.997847117505757e-06
120 2.1413193696469693e-06
130 2.355451306611666e-06
140 2.997847117505757e-06
150 1.9271874326822724e-06
160 1.0706596848234846e-06
170 2.1413193696469693e-06
180 1.2847916217881815e-06
190 1.0706596848234846e-06
200 7.922881667693787e-06
300 6.423958108940908e-06
400 2.569583243576363e-06
500 2.355451306611666e-06
600 1.2847916217881815e-06
700 1.4989235587528785e-06
800 8.565277478587877e-07
900 1.9271874326822724e-06
1000 4.925034550188029e-06
2000 1.0706596848234846e-06
3000 1.0706596848234846e-06
4000 6.423958108940907e-07
5000 4.2826387392939384e-07
6000 2.1413193696469692e-07
8000 2.1413193696469692e-07
9000 2.1413193696469692e-07
20000 4.2826387392939384e-07
40000 4.2826387392939384e-07
19200
1 2.1413193696469692e-07
10 4.2826387392939384e-07
161800
60 2.1413193696469692e-07
360600
20 2.1413193696469692e-07
3400
1 1.0706596848234846e-06
10 1.9271874326822724e-06
20 2.1413193696469692e-07
30 2.1413193696469692e-07
50 2.1413193696469692e-07
900 2.1413193696469692e-07
2000 2.1413193696469692e-07
1150
1 1.0492464911270149e-05
10 1.5845763335387573e-05
20 2.997847117505757e-06
30 1.0706596848234846e-06
40 1.4989235587528785e-06
50 1.0706596848234846e-06
60 6.423958108940907e-07
70 2.1413193696469692e-07
80 2.1413193696469692e-07
90 2.1413193696469692e-07
120 2.1413193696469692e-07
160 2.1413193696469692e-07
200 2.1413193696469692e-07
300 2.1413193696469692e-07
400 2.1413193696469692e-07
500 6.423958108940907e-07
800 2.1413193696469692e-07
900 2.1413193696469692e-07
1000 6.423958108940907e-07
2000 4.2826387392939384e-07
3000 4.2826387392939384e-07
6000 2.1413193696469692e-07
440
1 2.8265415679339993e-05
10 4.1541595771151204e-05
20 9.207673289481968e-06
30 1.7130554957175754e-06
40 1.9271874326822724e-06
50 1.2847916217881815e-06
60 1.0706596848234846e-06
70 6.423958108940907e-07
80 6.423958108940907e-07
90 8.565277478587877e-07
100 1.0706596848234846e-06
110 6.423958108940907e-07
120 2.1413193696469692e-07
130 4.2826387392939384e-07
140 4.2826387392939384e-07
150 8.565277478587877e-07
160 2.1413193696469692e-07
170 2.1413193696469692e-07
200 4.2826387392939384e-07
300 4.2826387392939384e-07
400 6.423958108940907e-07
500 4.2826387392939384e-07
700 2.1413193696469692e-07
900 4.2826387392939384e-07
1000 1.2847916217881815e-06
2000 4.2826387392939384e-07
3000 4.2826387392939384e-07
4000 4.2826387392939384e-07
64000
10 2.1413193696469692e-07
8600
1 4.2826387392939384e-07
10 2.1413193696469692e-07
20 4.2826387392939384e-07
30 4.2826387392939384e-07
120 2.1413193696469692e-07
900 2.1413193696469692e-07
3350
1 1.2847916217881815e-06
10 2.1413193696469693e-06
20 2.1413193696469692e-07
300 6.423958108940907e-07
1000 2.1413193696469692e-07
360
1 4.282638739293938e-05
10 4.86079496909862e-05
20 1.1777256533058331e-05
30 5.781562298046817e-06
40 3.211979054470454e-06
50 1.7130554957175754e-06
60 1.4989235587528785e-06
70 1.9271874326822724e-06
80 1.4989235587528785e-06
90 1.0706596848234846e-06
100 6.423958108940907e-07
110 6.423958108940907e-07
120 2.1413193696469692e-07
140 2.1413193696469692e-07
150 2.1413193696469692e-07
160 4.2826387392939384e-07
180 6.423958108940907e-07
190 2.1413193696469692e-07
200 1.2847916217881815e-06
300 1.0706596848234846e-06
400 1.2847916217881815e-06
500 4.2826387392939384e-07
600 6.423958108940907e-07
700 4.2826387392939384e-07
800 2.1413193696469692e-07
1000 1.0706596848234846e-06
2000 4.2826387392939384e-07
5000 2.1413193696469692e-07
9000 2.1413193696469692e-07
3726200
1 2.1413193696469692e-07
2100
1 1.7130554957175754e-06
10 2.997847117505757e-06
20 8.565277478587877e-07
30 2.1413193696469692e-07
40 2.1413193696469692e-07
60 2.1413193696469692e-07
100 2.1413193696469692e-07
140 2.1413193696469692e-07
170 2.1413193696469692e-07
200 2.1413193696469692e-07
300 2.1413193696469692e-07
600 2.1413193696469692e-07
36
1 0.0002858661358478704
10 0.0003961440833846893
20 8.244079573140831e-05
30 3.1905658607739845e-05
40 2.569583243576363e-05
50 1.6488159146281662e-05
60 1.2419652343952422e-05
70 1.0278332974305452e-05
80 7.066353919834998e-06
90 7.922881667693787e-06
100 5.5674303610821204e-06
110 4.710902613223332e-06
120 2.997847117505757e-06
130 3.4261109914351507e-06
140 4.068506802329242e-06
150 2.997847117505757e-06
160 2.1413193696469693e-06
170 3.6402429283998476e-06
180 1.2847916217881815e-06
190 1.9271874326822724e-06
200 6.8522219828703015e-06
300 7.066353919834998e-06
400 4.068506802329242e-06
500 4.925034550188029e-06
600 2.569583243576363e-06
700 2.1413193696469693e-06
800 1.2847916217881815e-06
900 3.211979054470454e-06
1000 8.137013604658483e-06
2000 4.710902613223332e-06
3000 1.9271874326822724e-06
4000 1.7130554957175754e-06
5000 4.2826387392939384e-07
6000 8.565277478587877e-07
7000 8.565277478587877e-07
8000 2.1413193696469692e-07
20000 1.0706596848234846e-06
60000 2.1413193696469692e-07
460
1 2.5909964372728326e-05
10 3.768722090578666e-05
20 8.779409415552574e-06
30 2.997847117505757e-06
40 8.565277478587877e-07
50 1.9271874326822724e-06
60 1.0706596848234846e-06
70 8.565277478587877e-07
80 4.2826387392939384e-07
90 1.0706596848234846e-06
100 2.1413193696469692e-07
110 2.1413193696469692e-07
120 4.2826387392939384e-07
130 8.565277478587877e-07
140 2.1413193696469692e-07
160 4.2826387392939384e-07
200 8.565277478587877e-07
300 8.565277478587877e-07
400 8.565277478587877e-07
500 4.2826387392939384e-07
600 2.1413193696469692e-07
700 4.2826387392939384e-07
900 2.1413193696469692e-07
1000 6.423958108940907e-07
2000 8.565277478587877e-07
420
1 2.7623019868445905e-05
10 3.8115484779716055e-05
20 8.35114554162318e-06
30 2.7837151805410602e-06
40 2.7837151805410602e-06
50 1.4989235587528785e-06
60 1.9271874326822724e-06
70 1.0706596848234846e-06
80 4.2826387392939384e-07
90 4.2826387392939384e-07
100 4.2826387392939384e-07
110 4.2826387392939384e-07
120 2.1413193696469692e-07
130 1.2847916217881815e-06
140 4.2826387392939384e-07
150 4.2826387392939384e-07
160 4.2826387392939384e-07
170 8.565277478587877e-07
180 4.2826387392939384e-07
190 2.1413193696469692e-07
200 1.0706596848234846e-06
300 6.423958108940907e-07
400 2.1413193696469692e-07
500 6.423958108940907e-07
600 6.423958108940907e-07
700 6.423958108940907e-07
800 4.2826387392939384e-07
900 2.1413193696469692e-07
1000 1.9271874326822724e-06
2000 4.2826387392939384e-07
3000 2.1413193696469692e-07
8000 2.1413193696469692e-07
5400
1 1.7130554957175754e-06
10 2.569583243576363e-06
20 1.0706596848234846e-06
30 4.2826387392939384e-07
60 2.1413193696469692e-07
130 2.1413193696469692e-07
900 2.1413193696469692e-07
1000 4.2826387392939384e-07
2150
1 3.211979054470454e-06
10 4.710902613223332e-06
20 1.9271874326822724e-06
30 6.423958108940907e-07
80 2.1413193696469692e-07
110 2.1413193696469692e-07
400 2.1413193696469692e-07
1000 4.2826387392939384e-07
5200
1 1.0706596848234846e-06
10 2.569583243576363e-06
20 1.7130554957175754e-06
70 2.1413193696469692e-07
120 2.1413193696469692e-07
200 2.1413193696469692e-07
200000 2.1413193696469692e-07
4350
1 2.1413193696469692e-07
10 1.0706596848234846e-06
30 2.1413193696469692e-07
40 2.1413193696469692e-07
60 2.1413193696469692e-07
200 2.1413193696469692e-07
1000 2.1413193696469692e-07
1050
1 1.2847916217881816e-05
10 1.6059895272352268e-05
20 4.496770676258635e-06
30 1.4989235587528785e-06
40 6.423958108940907e-07
50 2.1413193696469692e-07
60 6.423958108940907e-07
70 2.1413193696469692e-07
80 4.2826387392939384e-07
90 8.565277478587877e-07
100 2.1413193696469692e-07
110 6.423958108940907e-07
180 2.1413193696469692e-07
200 2.1413193696469692e-07
300 6.423958108940907e-07
400 4.2826387392939384e-07
500 2.1413193696469692e-07
600 2.1413193696469692e-07
900 2.1413193696469692e-07
1000 2.1413193696469692e-07
2350
1 2.355451306611666e-06
10 2.997847117505757e-06
20 2.1413193696469692e-07
30 6.423958108940907e-07
40 4.2826387392939384e-07
80 2.1413193696469692e-07
200 2.1413193696469692e-07
400 2.1413193696469692e-07
9
1 0.0017888582014030782
10 0.002568298451954575
20 0.000587149771157199
30 0.0002629540185926478
40 0.00022740811705650814
50 0.00018436759772660406
60 0.00014004228677491179
70 9.207673289481968e-05
80 7.344725437889104e-05
90 5.9528678476185746e-05
100 4.603836644740984e-05
110 4.1541595771151204e-05
120 3.147739473381045e-05
130 2.933607536416348e-05
140 2.3768645003081358e-05
150 1.798708270503454e-05
160 2.0556665948610904e-05
170 1.0278332974305452e-05
180 9.207673289481968e-06
190 1.2633784280917119e-05
200 4.689489419526863e-05
300 4.389704707776287e-05
400 2.8693679553269387e-05
500 2.162732563343439e-05
600 1.2847916217881816e-05
700 1.39185759027053e-05
800 7.494617793764392e-06
900 1.4989235587528784e-05
1000 5.0535137123668475e-05
2000 0.00015674457785815814
3000 1.670229108324636e-05
4000 9.207673289481968e-06
5000 5.353298424117423e-06
6000 4.2826387392939385e-06
7000 3.6402429283998476e-06
8000 3.6402429283998476e-06
9000 1.7130554957175754e-06
10000 1.0706596848234846e-06
20000 1.0492464911270149e-05
40000 1.0706596848234846e-06
60000 2.1413193696469692e-07
100000 2.1413193696469692e-07
34
1 0.0003286925232408098
10 0.00043490196397529945
20 9.314739257964316e-05
30 4.1969859645080595e-05
40 2.6124096309693025e-05
50 2.2269721444328482e-05
60 1.5631631398422875e-05
70 1.2205520406987725e-05
80 1.0278332974305452e-05
90 8.779409415552574e-06
100 7.922881667693787e-06
110 5.353298424117423e-06
120 4.710902613223332e-06
130 5.353298424117423e-06
140 2.997847117505757e-06
150 2.7837151805410602e-06
160 1.9271874326822724e-06
170 1.9271874326822724e-06
180 1.9271874326822724e-06
190 2.355451306611666e-06
200 6.209826171976211e-06
300 7.922881667693787e-06
400 4.496770676258635e-06
500 3.4261109914351507e-06
600 4.925034550188029e-06
700 2.355451306611666e-06
800 1.9271874326822724e-06
900 2.7837151805410602e-06
1000 9.207673289481968e-06
2000 3.854374865364545e-06
3000 1.9271874326822724e-06
4000 1.4989235587528785e-06
5000 8.565277478587877e-07
6000 6.423958108940907e-07
7000 2.1413193696469692e-07
8000 2.1413193696469692e-07
20000 4.2826387392939384e-07
40000 2.1413193696469692e-07
8
1 0.0022259014847480245
10 0.003118617529953846
20 0.0007190550443274523
30 0.0003304055787365274
40 0.00028393894841518815
50 0.0002573865882315657
60 0.00018179801448302768
70 0.00013768683546830013
80 9.357565645357256e-05
90 7.002114338745589e-05
100 6.0813470097973924e-05
110 5.181992874545665e-05
120 3.5760033473104385e-05
130 3.2548054418633934e-05
140 3.747308896882196e-05
150 2.505343662486954e-05
160 2.291211725522257e-05
170 1.734468689414045e-05
180 1.7130554957175754e-05
190 1.2847916217881816e-05
200 5.6744963295644685e-05
300 5.203406068242135e-05
400 3.618829734703378e-05
500 3.1691526670775146e-05
600 1.8629478515928634e-05
700 1.734468689414045e-05
800 1.3704443965740603e-05
900 1.6274027209316967e-05
1000 5.781562298046817e-05
2000 0.00015995655691262861
3000 1.9271874326822723e-05
4000 1.3490312028775906e-05
5000 8.137013604658483e-06
6000 4.925034550188029e-06
7000 4.925034550188029e-06
8000 4.496770676258635e-06
9000 2.1413193696469693e-06
10000 1.4989235587528785e-06
20000 8.99354135251727e-06
40000 1.0706596848234846e-06
100000 2.1413193696469692e-07
400000 2.1413193696469692e-07
37600
1 2.1413193696469692e-07
24
1 0.0005952867847618575
10 0.0008229090337553303
20 0.00019079155583554496
30 7.280485856799696e-05
40 5.4603643925997713e-05
50 3.7901352842751356e-05
60 3.426110991435151e-05
70 2.7623019868445905e-05
80 1.7558818831105148e-05
90 1.5631631398422875e-05
100 1.5203367524493481e-05
110 9.421805226446664e-06
120 7.494617793764392e-06
130 8.137013604658483e-06
140 7.922881667693787e-06
150 6.209826171976211e-06
160 5.5674303610821204e-06
170 2.7837151805410602e-06
180 3.211979054470454e-06
190 3.4261109914351507e-06
200 1.3062048154846512e-05
300 1.456097171359939e-05
400 8.565277478587877e-06
500 7.70874973072909e-06
600 5.353298424117423e-06
700 3.6402429283998476e-06
800 3.4261109914351507e-06
900 3.4261109914351507e-06
1000 1.541749946145818e-05
2000 1.456097171359939e-05
3000 4.2826387392939385e-06
4000 2.355451306611666e-06
5000 1.0706596848234846e-06
6000 1.0706596848234846e-06
7000 1.4989235587528785e-06
8000 2.1413193696469692e-07
9000 4.2826387392939384e-07
20000 1.7130554957175754e-06
40000 2.1413193696469692e-07
80000 2.1413193696469692e-07
200000 2.1413193696469692e-07
3700
1 2.1413193696469692e-07
10 1.2847916217881815e-06
20 1.0706596848234846e-06
30 2.1413193696469692e-07
1000 2.1413193696469692e-07
19000
10 4.2826387392939384e-07
7400
1 4.2826387392939384e-07
10 1.4989235587528785e-06
20 2.1413193696469692e-07
30 4.2826387392939384e-07
3300
1 6.423958108940907e-07
10 2.1413193696469693e-06
20 6.423958108940907e-07
30 4.2826387392939384e-07
50 2.1413193696469692e-07
60 2.1413193696469692e-07
80 2.1413193696469692e-07
170 2.1413193696469692e-07
6
1 0.003732747925168597
10 0.005467430746519606
20 0.0012939992950776636
30 0.0005813682088591522
40 0.0004965719618211322
50 0.00043618675559708764
60 0.0003252664122493746
70 0.0002286929086782963
80 0.00016937836213907527
90 0.00014025641871187648
100 0.0001051387810496662
110 8.907888577731393e-05
120 7.451791406371454e-05
130 6.445371302637377e-05
140 5.6744963295644685e-05
150 4.925034550188029e-05
160 4.111333189722181e-05
170 3.46893737882809e-05
180 3.447524185131621e-05
190 2.3768645003081358e-05
200 9.614523969714892e-05
300 9.122020514696089e-05
400 5.931454653922105e-05
500 4.7537290006162716e-05
600 2.8693679553269387e-05
700 2.9764339238092873e-05
800 3.062086698595166e-05
900 2.912194342719878e-05
1000 0.00010278332974305453
2000 0.0002241961380020377
3000 3.8115484779716055e-05
4000 2.3340381129151964e-05
5000 1.3490312028775906e-05
6000 1.1134860722164241e-05
7000 7.922881667693787e-06
8000 6.423958108940908e-06
9000 4.068506802329242e-06
10000 3.211979054470454e-06
20000 2.0770797885575602e-05
40000 1.2847916217881815e-06
60000 1.0706596848234846e-06
38
1 0.0002719475599451651
10 0.0003413263075217269
20 7.687336537032619e-05
30 2.9978471175057568e-05
40 1.5845763335387573e-05
50 1.6488159146281662e-05
60 1.4346839776634694e-05
70 1.0278332974305452e-05
80 7.066353919834998e-06
90 7.494617793764392e-06
100 4.710902613223332e-06
110 3.854374865364545e-06
120 4.710902613223332e-06
130 2.1413193696469693e-06
140 2.569583243576363e-06
150 2.1413193696469693e-06
160 1.7130554957175754e-06
170 1.9271874326822724e-06
180 1.4989235587528785e-06
190 1.0706596848234846e-06
200 6.8522219828703015e-06
300 3.4261109914351507e-06
400 5.5674303610821204e-06
500 3.6402429283998476e-06
600 2.569583243576363e-06
700 1.9271874326822724e-06
800 1.2847916217881815e-06
900 2.1413193696469693e-06
1000 7.922881667693787e-06
2000 4.925034550188029e-06
3000 2.355451306611666e-06
4000 2.1413193696469692e-07
5000 8.565277478587877e-07
6000 4.2826387392939384e-07
7000 4.2826387392939384e-07
8000 4.2826387392939384e-07
20000 1.4989235587528785e-06
40000 4.2826387392939384e-07
60000 2.1413193696469692e-07
80000 2.1413193696469692e-07
4
1 0.00782138312957252
10 0.011953915381054206
20 0.0029261129186225836
30 0.0014012793954969766
40 0.001276012212372629
50 0.0011400384324000464
60 0.0008244079573140831
70 0.0005578136957930355
80 0.0004244094990640293
90 0.00033061971067349205
100 0.0002719475599451651
110 0.00022077002701060254
120 0.00018672304903321571
130 0.00016081308466048738
140 0.00014496732132509982
150 0.00012119867632201846
160 9.635937163411361e-05
170 7.815815699211438e-05
180 7.815815699211438e-05
190 6.402544915244437e-05
200 0.00025288981755530705
300 0.00022805051286740223
400 0.00012826503024185345
500 0.00011327579465432467
600 7.687336537032619e-05
700 6.381131721547969e-05
800 5.7387359106538774e-05
900 6.766569208084422e-05
1000 0.00023383207516544904
2000 0.0003683069315792787
3000 9.07919412730315e-05
4000 5.3961248115103625e-05
5000 3.340458216649272e-05
6000 2.162732563343439e-05
7000 1.456097171359939e-05
8000 1.1348992659128938e-05
9000 1.2205520406987725e-05
10000 2.569583243576363e-06
20000 4.047093608632772e-05
40000 2.7837151805410602e-06
60000 1.0706596848234846e-06
80000 6.423958108940907e-07
200000 2.1413193696469692e-07
10
1 0.00278371518054106
10 0.0039100491689753655
20 0.0008680908724548813
30 0.00038051245198626645
40 0.00030578040598558723
50 0.0002730182196299886
60 0.00019828617362930935
70 0.00013768683546830013
80 0.00011284753078039527
90 8.608103865980816e-05
100 6.31689214045856e-05
110 5.781562298046817e-05
120 4.86079496909862e-05
130 4.111333189722181e-05
140 3.447524185131621e-05
150 2.933607536416348e-05
160 2.719475599451651e-05
170 2.3340381129151964e-05
180 1.7130554957175754e-05
190 1.7130554957175754e-05
200 6.745156014387954e-05
300 6.381131721547969e-05
400 4.4539442888656964e-05
500 3.0192603112022267e-05
600 2.2055589507363783e-05
700 1.7772950768069846e-05
800 1.7558818831105148e-05
900 2.1841457570399085e-05
1000 7.237659469406756e-05
2000 0.00016980662601300467
3000 2.5267568561834238e-05
4000 1.6916423020211056e-05
5000 9.850069100376058e-06
6000 8.779409415552574e-06
7000 4.2826387392939385e-06
8000 3.854374865364545e-06
9000 3.211979054470454e-06
10000 2.1413193696469693e-06
20000 1.3062048154846512e-05
40000 8.565277478587877e-07
60000 4.2826387392939384e-07
80000 4.2826387392939384e-07
100000 2.1413193696469692e-07
400000 2.1413193696469692e-07
1550
1 6.209826171976211e-06
10 7.280485856799695e-06
20 1.7130554957175754e-06
30 8.565277478587877e-07
40 4.2826387392939384e-07
60 6.423958108940907e-07
70 6.423958108940907e-07
110 4.2826387392939384e-07
140 2.1413193696469692e-07
200 4.2826387392939384e-07
300 4.2826387392939384e-07
400 2.1413193696469692e-07
500 2.1413193696469692e-07
600 2.1413193696469692e-07
2000 4.2826387392939384e-07
65000
10 2.1413193696469692e-07
80 2.1413193696469692e-07
239800
10 2.1413193696469692e-07
1350
1 7.280485856799695e-06
10 1.0706596848234846e-05
20 2.1413193696469693e-06
30 2.1413193696469692e-07
40 2.1413193696469692e-07
50 6.423958108940907e-07
60 2.1413193696469692e-07
90 2.1413193696469692e-07
130 2.1413193696469692e-07
200 2.1413193696469692e-07
400 2.1413193696469692e-07
500 4.2826387392939384e-07
700 2.1413193696469692e-07
2000 4.2826387392939384e-07
4950
10 4.2826387392939384e-07
20 2.1413193696469692e-07
1000 2.1413193696469692e-07
1400
1 4.710902613223332e-06
10 8.779409415552574e-06
20 1.7130554957175754e-06
30 6.423958108940907e-07
50 4.2826387392939384e-07
80 2.1413193696469692e-07
90 2.1413193696469692e-07
120 2.1413193696469692e-07
800 2.1413193696469692e-07
2000 2.1413193696469692e-07
11200
1 6.423958108940907e-07
300 2.1413193696469692e-07
158400
1 2.1413193696469692e-07
36600
1 2.1413193696469692e-07
650
1 3.0406735048986962e-05
10 4.325465126686878e-05
20 6.423958108940908e-06
30 2.997847117505757e-06
40 2.569583243576363e-06
50 2.1413193696469693e-06
60 1.9271874326822724e-06
70 1.4989235587528785e-06
80 1.4989235587528785e-06
90 1.4989235587528785e-06
100 2.1413193696469692e-07
110 1.2847916217881815e-06
120 4.2826387392939384e-07
140 6.423958108940907e-07
170 2.1413193696469692e-07
180 2.1413193696469692e-07
190 2.1413193696469692e-07
200 2.1413193696469692e-07
300 8.565277478587877e-07
400 8.565277478587877e-07
500 8.565277478587877e-07
700 6.423958108940907e-07
900 2.1413193696469692e-07
1000 1.4989235587528785e-06
2000 1.0706596848234846e-06
4000 2.1413193696469692e-07
100000 2.1413193696469692e-07
8800
1 8.565277478587877e-07
10 6.423958108940907e-07
300 2.1413193696469692e-07
3750
1 4.2826387392939384e-07
10 1.0706596848234846e-06
20 2.1413193696469692e-07
800 2.1413193696469692e-07
1000 4.2826387392939384e-07
30
1 0.00040685068023292413
10 0.0005642376539019764
20 0.00012012801663719497
30 4.047093608632772e-05
40 3.5117637662210296e-05
50 2.5909964372728326e-05
60 1.9271874326822723e-05
70 1.4346839776634694e-05
80 1.39185759027053e-05
90 1.0492464911270149e-05
100 8.779409415552574e-06
110 8.137013604658483e-06
120 5.353298424117423e-06
130 4.2826387392939385e-06
140 5.5674303610821204e-06
150 2.569583243576363e-06
160 3.6402429283998476e-06
170 3.6402429283998476e-06
180 3.4261109914351507e-06
190 2.7837151805410602e-06
200 1.1991388470023028e-05
300 1.0278332974305452e-05
400 6.209826171976211e-06
500 5.5674303610821204e-06
600 3.854374865364545e-06
700 2.569583243576363e-06
800 1.9271874326822724e-06
900 2.355451306611666e-06
1000 1.0920728785199542e-05
2000 9.421805226446664e-06
3000 1.9271874326822724e-06
4000 2.355451306611666e-06
5000 1.2847916217881815e-06
6000 4.2826387392939384e-07
7000 6.423958108940907e-07
9000 4.2826387392939384e-07
10000 2.1413193696469692e-07
20000 2.1413193696469693e-06
40000 6.423958108940907e-07
60000 2.1413193696469692e-07
200000 2.1413193696469692e-07
27600
20 2.1413193696469692e-07
500
1 5.1177532934562564e-05
10 5.910041460225635e-05
20 1.4775103650564087e-05
30 5.995694235011514e-06
40 4.710902613223332e-06
50 4.068506802329242e-06
60 2.1413193696469693e-06
70 2.355451306611666e-06
80 1.9271874326822724e-06
90 8.565277478587877e-07
100 4.2826387392939384e-07
110 6.423958108940907e-07
120 1.0706596848234846e-06
130 4.2826387392939384e-07
140 2.1413193696469692e-07
150 2.1413193696469692e-07
170 2.1413193696469692e-07
190 2.1413193696469692e-07
200 1.7130554957175754e-06
300 6.423958108940907e-07
400 1.7130554957175754e-06
500 4.2826387392939384e-07
600 2.1413193696469692e-07
700 6.423958108940907e-07
800 2.1413193696469692e-07
900 2.1413193696469692e-07
1000 1.7130554957175754e-06
2000 1.9271874326822724e-06
3000 2.1413193696469692e-07
20000 2.1413193696469692e-07
80000 2.1413193696469692e-07
24800
1 2.1413193696469692e-07
10 4.2826387392939384e-07
44800
50 2.1413193696469692e-07
23000
60 2.1413193696469692e-07
5000
1 1.2847916217881815e-06
10 1.0706596848234846e-06
20 6.423958108940907e-07
40 2.1413193696469692e-07
60 4.2826387392939384e-07
80 2.1413193696469692e-07
190 2.1413193696469692e-07
200 2.1413193696469692e-07
800 2.1413193696469692e-07
900 2.1413193696469692e-07
6000
1 1.4989235587528785e-06
10 2.997847117505757e-06
20 2.1413193696469692e-07
30 4.2826387392939384e-07
40 6.423958108940907e-07
74600
10 2.1413193696469692e-07
42000
10 2.1413193696469692e-07
222200
10 2.1413193696469692e-07
700
1 2.6124096309693025e-05
10 3.618829734703378e-05
20 7.280485856799695e-06
30 3.4261109914351507e-06
40 1.2847916217881815e-06
50 1.0706596848234846e-06
60 1.0706596848234846e-06
70 8.565277478587877e-07
90 6.423958108940907e-07
110 2.1413193696469692e-07
120 4.2826387392939384e-07
130 2.1413193696469692e-07
140 6.423958108940907e-07
150 4.2826387392939384e-07
160 2.1413193696469692e-07
170 2.1413193696469692e-07
200 4.2826387392939384e-07
300 4.2826387392939384e-07
400 2.1413193696469692e-07
500 8.565277478587877e-07
700 4.2826387392939384e-07
900 2.1413193696469692e-07
1000 1.0706596848234846e-06
2000 8.565277478587877e-07
4000 6.423958108940907e-07
5000 2.1413193696469692e-07
11000
10 1.0706596848234846e-06
20 6.423958108940907e-07
50 2.1413193696469692e-07
70 2.1413193696469692e-07
600 2.1413193696469692e-07
9400
1 2.1413193696469692e-07
10 1.2847916217881815e-06
900
1 1.7130554957175754e-05
10 2.2483853381293177e-05
20 4.2826387392939385e-06
30 4.2826387392939384e-07
40 1.2847916217881815e-06
50 1.0706596848234846e-06
60 6.423958108940907e-07
70 8.565277478587877e-07
80 6.423958108940907e-07
90 2.1413193696469692e-07
100 2.1413193696469692e-07
110 4.2826387392939384e-07
160 2.1413193696469692e-07
200 8.565277478587877e-07
400 2.1413193696469692e-07
500 4.2826387392939384e-07
600 4.2826387392939384e-07
700 2.1413193696469692e-07
1000 8.565277478587877e-07
38000
10 2.1413193696469692e-07
30 2.1413193696469692e-07
85000
10 2.1413193696469692e-07
8000
1 2.1413193696469692e-07
10 2.355451306611666e-06
20 4.2826387392939384e-07
900 2.1413193696469692e-07
2000 2.1413193696469692e-07
40000
20 2.1413193696469692e-07
30 2.1413193696469692e-07
15200
1 2.1413193696469692e-07
10 8.565277478587877e-07
180 2.1413193696469692e-07
228600
10 2.1413193696469692e-07
79400
10 4.2826387392939384e-07
400
1 3.083499892291636e-05
10 4.518183869955105e-05
20 1.0492464911270149e-05
30 4.068506802329242e-06
40 3.211979054470454e-06
50 1.7130554957175754e-06
60 2.569583243576363e-06
70 1.4989235587528785e-06
80 1.4989235587528785e-06
90 1.0706596848234846e-06
100 2.1413193696469692e-07
110 4.2826387392939384e-07
120 8.565277478587877e-07
130 4.2826387392939384e-07
140 6.423958108940907e-07
150 2.1413193696469692e-07
160 2.1413193696469692e-07
180 4.2826387392939384e-07
190 6.423958108940907e-07
200 6.423958108940907e-07
300 2.1413193696469692e-07
400 6.423958108940907e-07
500 2.1413193696469692e-07
600 4.2826387392939384e-07
700 4.2826387392939384e-07
900 2.1413193696469692e-07
1000 1.2847916217881815e-06
2000 1.2847916217881815e-06
3000 2.1413193696469692e-07
4000 2.1413193696469692e-07
5000 4.2826387392939384e-07
10600
1 2.1413193696469692e-07
10 6.423958108940907e-07
30 2.1413193696469692e-07
550
1 3.640242928399848e-05
10 6.0171074287079835e-05
20 1.0706596848234846e-05
30 6.209826171976211e-06
40 2.997847117505757e-06
50 2.7837151805410602e-06
60 2.7837151805410602e-06
70 1.4989235587528785e-06
80 8.565277478587877e-07
90 1.4989235587528785e-06
100 1.7130554957175754e-06
110 8.565277478587877e-07
120 2.1413193696469692e-07
130 4.2826387392939384e-07
140 2.1413193696469692e-07
150 2.1413193696469692e-07
160 4.2826387392939384e-07
170 4.2826387392939384e-07
180 2.1413193696469692e-07
200 8.565277478587877e-07
300 2.355451306611666e-06
400 1.7130554957175754e-06
500 8.565277478587877e-07
600 6.423958108940907e-07
700 6.423958108940907e-07
800 2.1413193696469692e-07
1000 1.7130554957175754e-06
2000 6.423958108940907e-07
3000 4.2826387392939384e-07
6000 2.1413193696469692e-07
8000 2.1413193696469692e-07
20000 2.1413193696469692e-07
950
1 1.3704443965740603e-05
10 2.0984929822540297e-05
20 3.4261109914351507e-06
30 1.4989235587528785e-06
40 2.1413193696469693e-06
50 1.0706596848234846e-06
60 4.2826387392939384e-07
90 2.1413193696469692e-07
100 2.1413193696469692e-07
120 2.1413193696469692e-07
150 2.1413193696469692e-07
180 2.1413193696469692e-07
190 2.1413193696469692e-07
200 4.2826387392939384e-07
300 2.1413193696469692e-07
400 4.2826387392939384e-07
500 4.2826387392939384e-07
600 2.1413193696469692e-07
800 2.1413193696469692e-07
1000 8.565277478587877e-07
2000 2.1413193696469692e-07
3000 2.1413193696469692e-07
4000 2.1413193696469692e-07
40000 2.1413193696469692e-07
293400
10 2.1413193696469692e-07
48
1 0.00018286867416785117
10 0.00023790058196777829
20 4.88220816279509e-05
30 1.798708270503454e-05
40 1.3704443965740603e-05
50 1.0706596848234846e-05
60 1.1991388470023028e-05
70 7.922881667693787e-06
80 5.139166487152726e-06
90 3.854374865364545e-06
100 5.139166487152726e-06
110 1.9271874326822724e-06
120 2.7837151805410602e-06
130 2.1413193696469693e-06
140 2.355451306611666e-06
150 1.9271874326822724e-06
160 1.9271874326822724e-06
170 1.0706596848234846e-06
180 1.0706596848234846e-06
190 1.9271874326822724e-06
200 3.211979054470454e-06
300 2.997847117505757e-06
400 1.4989235587528785e-06
500 1.0706596848234846e-06
600 1.2847916217881815e-06
700 1.4989235587528785e-06
800 6.423958108940907e-07
900 2.569583243576363e-06
1000 4.496770676258635e-06
2000 3.4261109914351507e-06
3000 1.7130554957175754e-06
4000 4.2826387392939384e-07
7000 4.2826387392939384e-07
9000 2.1413193696469692e-07
10000 2.1413193696469692e-07
20000 8.565277478587877e-07
32
1 0.00038522335459948977
10 0.0004963578298841675
20 0.00010342572555394862
30 3.832961671668075e-05
40 3.383284604042211e-05
50 2.5481700498798933e-05
60 1.2847916217881816e-05
70 1.1777256533058331e-05
80 1.1134860722164241e-05
90 8.99354135251727e-06
100 6.8522219828703015e-06
110 3.854374865364545e-06
120 7.280485856799695e-06
130 4.925034550188029e-06
140 3.6402429283998476e-06
150 2.355451306611666e-06
160 1.0706596848234846e-06
170 3.211979054470454e-06
180 1.4989235587528785e-06
190 8.565277478587877e-07
200 8.137013604658483e-06
300 1.0278332974305452e-05
400 4.925034550188029e-06
500 3.854374865364545e-06
600 2.7837151805410602e-06
700 1.9271874326822724e-06
800 8.565277478587877e-07
900 2.569583243576363e-06
1000 8.137013604658483e-06
2000 1.0278332974305452e-05
3000 8.565277478587877e-07
4000 1.7130554957175754e-06
5000 1.0706596848234846e-06
6000 6.423958108940907e-07
7000 2.1413193696469692e-07
8000 6.423958108940907e-07
9000 6.423958108940907e-07
10000 2.1413193696469692e-07
20000 1.2847916217881815e-06
40000 1.0706596848234846e-06
480
1 2.312624919218727e-05
10 3.104913085988105e-05
20 5.139166487152726e-06
30 2.355451306611666e-06
40 1.7130554957175754e-06
50 1.4989235587528785e-06
60 1.2847916217881815e-06
70 6.423958108940907e-07
80 8.565277478587877e-07
90 4.2826387392939384e-07
100 1.0706596848234846e-06
110 2.1413193696469692e-07
120 6.423958108940907e-07
150 2.1413193696469692e-07
190 2.1413193696469692e-07
200 2.1413193696469692e-07
300 6.423958108940907e-07
400 4.2826387392939384e-07
700 2.1413193696469692e-07
800 2.1413193696469692e-07
900 4.2826387392939384e-07
1000 4.2826387392939384e-07
2000 8.565277478587877e-07
3000 2.1413193696469692e-07
200000 2.1413193696469692e-07
16800
10 2.1413193696469692e-07
40 2.1413193696469692e-07
20600
10 2.1413193696469692e-07
140 2.1413193696469692e-07
2450
1 1.0706596848234846e-06
10 2.7837151805410602e-06
20 4.2826387392939384e-07
30 6.423958108940907e-07
40 6.423958108940907e-07
50 4.2826387392939384e-07
60 2.1413193696469692e-07
110 2.1413193696469692e-07
300 2.1413193696469692e-07
700 2.1413193696469692e-07
1000 2.1413193696469692e-07
4700
1 6.423958108940907e-07
10 8.565277478587877e-07
60 2.1413193696469692e-07
700 2.1413193696469692e-07
800 2.1413193696469692e-07
103800
80 2.1413193696469692e-07
18
1 0.0010334007277916274
10 0.0013250484259375445
20 0.0002865085316587645
30 0.00011563124596093634
40 9.421805226446665e-05
50 7.815815699211438e-05
60 5.6744963295644685e-05
70 3.704482509489257e-05
80 3.554590153613969e-05
90 2.3554513066116663e-05
100 1.8629478515928634e-05
110 1.798708270503454e-05
120 1.7130554957175754e-05
130 1.3490312028775906e-05
140 1.0064201037340755e-05
150 1.1134860722164241e-05
160 8.99354135251727e-06
170 7.70874973072909e-06
180 3.854374865364545e-06
190 8.35114554162318e-06
200 2.4839304687904844e-05
300 2.3982776940046057e-05
400 1.5631631398422875e-05
500 1.0492464911270149e-05
600 8.137013604658483e-06
700 4.710902613223332e-06
800 5.995694235011514e-06
900 6.8522219828703015e-06
1000 2.3554513066116663e-05
2000 3.361871410345742e-05
3000 8.565277478587877e-06
4000 3.854374865364545e-06
5000 3.854374865364545e-06
6000 1.7130554957175754e-06
7000 1.0706596848234846e-06
8000 6.423958108940907e-07
9000 1.0706596848234846e-06
10000 1.0706596848234846e-06
20000 5.353298424117423e-06
40000 2.1413193696469692e-07
60000 2.1413193696469692e-07
100000 2.1413193696469692e-07
11400
1 2.1413193696469692e-07
10 1.0706596848234846e-06
60 2.1413193696469692e-07
1600
1 5.995694235011514e-06
10 6.423958108940908e-06
20 2.1413193696469693e-06
30 1.2847916217881815e-06
40 8.565277478587877e-07
60 4.2826387392939384e-07
90 2.1413193696469692e-07
100 2.1413193696469692e-07
110 2.1413193696469692e-07
120 2.1413193696469692e-07
140 2.1413193696469692e-07
160 4.2826387392939384e-07
200 2.1413193696469692e-07
400 6.423958108940907e-07
700 2.1413193696469692e-07
1000 2.1413193696469692e-07
1200
1 7.922881667693787e-06
10 1.1563124596093635e-05
20 4.2826387392939385e-06
30 1.4989235587528785e-06
40 8.565277478587877e-07
50 8.565277478587877e-07
60 4.2826387392939384e-07
70 2.1413193696469692e-07
80 2.1413193696469692e-07
140 2.1413193696469692e-07
170 2.1413193696469692e-07
180 2.1413193696469692e-07
300 2.1413193696469692e-07
600 2.1413193696469692e-07
300000 2.1413193696469692e-07
160
1 0.00018650891709625102
10 0.00023554513066116663
20 5.224819261938605e-05
30 1.7558818831105148e-05
40 1.0920728785199542e-05
50 1.0278332974305452e-05
60 8.779409415552574e-06
70 6.423958108940908e-06
80 6.638090045905605e-06
90 3.854374865364545e-06
100 2.569583243576363e-06
110 2.1413193696469693e-06
120 1.2847916217881815e-06
130 2.997847117505757e-06
140 2.1413193696469693e-06
150 2.1413193696469693e-06
160 2.1413193696469693e-06
170 8.565277478587877e-07
180 1.2847916217881815e-06
190 1.0706596848234846e-06
200 4.710902613223332e-06
300 6.8522219828703015e-06
400 3.6402429283998476e-06
500 1.7130554957175754e-06
600 1.0706596848234846e-06
700 1.7130554957175754e-06
800 1.4989235587528785e-06
900 1.2847916217881815e-06
1000 5.781562298046817e-06
2000 4.710902613223332e-06
3000 8.565277478587877e-07
4000 2.1413193696469692e-07
6000 6.423958108940907e-07
8000 2.1413193696469692e-07
20000 2.1413193696469692e-07
60000 2.1413193696469692e-07
82000
1 2.1413193696469692e-07
59400
3000 2.1413193696469692e-07
97800
10 2.1413193696469692e-07
12000
1 2.1413193696469692e-07
10 8.565277478587877e-07
30 2.1413193696469692e-07
100 2.1413193696469692e-07
8200
1 4.2826387392939384e-07
10 2.1413193696469692e-07
80 2.1413193696469692e-07
1900
1 4.710902613223332e-06
10 6.423958108940908e-06
20 1.7130554957175754e-06
30 2.1413193696469692e-07
50 2.1413193696469692e-07
60 2.1413193696469692e-07
80 2.1413193696469692e-07
90 2.1413193696469692e-07
100 2.1413193696469692e-07
500 2.1413193696469692e-07
1000 2.1413193696469692e-07
2000 2.1413193696469692e-07
3000 2.1413193696469692e-07
17800
10 6.423958108940907e-07
30 4.2826387392939384e-07
50 2.1413193696469692e-07
220
1 0.00010535291298663088
10 0.00013019221767453573
20 2.655236018362242e-05
30 9.635937163411361e-06
40 6.638090045905605e-06
50 1.327618009181121e-05
60 3.6402429283998476e-06
70 3.4261109914351507e-06
80 4.925034550188029e-06
90 6.638090045905605e-06
100 2.997847117505757e-06
110 1.4989235587528785e-06
120 1.0706596848234846e-06
130 1.0706596848234846e-06
140 2.1413193696469693e-06
150 8.565277478587877e-07
160 1.9271874326822724e-06
170 1.9271874326822724e-06
180 1.2847916217881815e-06
190 6.423958108940907e-07
200 3.211979054470454e-06
300 1.4989235587528785e-06
400 8.565277478587877e-07
500 2.1413193696469693e-06
600 1.2847916217881815e-06
700 4.2826387392939384e-07
800 2.1413193696469692e-07
900 1.2847916217881815e-06
1000 3.854374865364545e-06
2000 1.2847916217881815e-06
3000 2.1413193696469692e-07
4000 6.423958108940907e-07
7000 2.1413193696469692e-07
9000 2.1413193696469692e-07
10000 2.1413193696469692e-07
80000 2.1413193696469692e-07
3000
1 1.0706596848234846e-06
10 1.0706596848234846e-06
20 4.2826387392939384e-07
50 2.1413193696469692e-07
60 2.1413193696469692e-07
200 2.1413193696469692e-07
1800
1 2.997847117505757e-06
10 4.925034550188029e-06
20 2.1413193696469693e-06
30 8.565277478587877e-07
50 4.2826387392939384e-07
100 2.1413193696469692e-07
110 2.1413193696469692e-07
120 2.1413193696469692e-07
200 2.1413193696469692e-07
500 2.1413193696469692e-07
700 2.1413193696469692e-07
1000 2.1413193696469692e-07
2000 2.1413193696469692e-07
60000 2.1413193696469692e-07
26
1 0.0005190558152024253
10 0.0007032092809920647
20 0.00015353259880368769
30 5.56743036108212e-05
40 5.160579680849196e-05
50 3.46893737882809e-05
60 2.78371518054106e-05
70 1.9914270137716815e-05
80 1.6274027209316967e-05
90 1.1134860722164241e-05
100 1.2847916217881816e-05
110 1.1134860722164241e-05
120 8.35114554162318e-06
130 5.5674303610821204e-06
140 3.854374865364545e-06
150 4.496770676258635e-06
160 3.211979054470454e-06
170 2.7837151805410602e-06
180 2.569583243576363e-06
190 2.569583243576363e-06
200 1.0706596848234846e-05
300 1.2847916217881816e-05
400 6.423958108940908e-06
500 6.423958108940908e-06
600 4.068506802329242e-06
700 3.4261109914351507e-06
800 2.569583243576363e-06
900 4.710902613223332e-06
1000 1.3490312028775906e-05
2000 1.4132707839669997e-05
3000 3.211979054470454e-06
4000 3.211979054470454e-06
5000 8.565277478587877e-07
6000 1.9271874326822724e-06
7000 4.2826387392939384e-07
8000 8.565277478587877e-07
9000 8.565277478587877e-07
10000 2.1413193696469692e-07
20000 1.9271874326822724e-06
40000 2.1413193696469692e-07
60000 2.1413193696469692e-07
80000 4.2826387392939384e-07
100000 2.1413193696469692e-07
4450
1 1.0706596848234846e-06
10 1.4989235587528785e-06
20 4.2826387392939384e-07
60 2.1413193696469692e-07
600 2.1413193696469692e-07
1000 2.1413193696469692e-07
4000 2.1413193696469692e-07
3200
1 8.565277478587877e-07
10 1.2847916217881815e-06
20 8.565277478587877e-07
50 2.1413193696469692e-07
120 2.1413193696469692e-07
2000 2.1413193696469692e-07
20000
1 4.2826387392939384e-07
316200
10 2.1413193696469692e-07
35400
20 2.1413193696469692e-07
27800
10 2.1413193696469692e-07
160600
10 2.1413193696469692e-07
63200
10 2.1413193696469692e-07
18200
10 4.2826387392939384e-07
123400
10 2.1413193696469692e-07
81400
20 2.1413193696469692e-07
22400
10 4.2826387392939384e-07
24400
10 2.1413193696469692e-07
2250
1 2.1413193696469693e-06
10 4.068506802329242e-06
20 2.1413193696469692e-07
30 4.2826387392939384e-07
40 2.1413193696469692e-07
80 2.1413193696469692e-07
170 2.1413193696469692e-07
180 2.1413193696469692e-07
200 2.1413193696469692e-07
204400
10 2.1413193696469692e-07
15000
1 2.1413193696469692e-07
10 2.1413193696469692e-07
20 2.1413193696469692e-07
30 2.1413193696469692e-07
16000
1 2.1413193696469692e-07
10 4.2826387392939384e-07
2000 2.1413193696469692e-07
12800
1 2.1413193696469692e-07
10 1.0706596848234846e-06
27200
10 4.2826387392939384e-07
30 2.1413193696469692e-07
4000 2.1413193696469692e-07
5600
1 1.2847916217881815e-06
10 2.355451306611666e-06
20 6.423958108940907e-07
40 2.1413193696469692e-07
140 2.1413193696469692e-07
400 2.1413193696469692e-07
1000 2.1413193696469692e-07
3150
1 1.4989235587528785e-06
10 2.355451306611666e-06
20 4.2826387392939384e-07
40 4.2826387392939384e-07
110 2.1413193696469692e-07
500 2.1413193696469692e-07
5000 2.1413193696469692e-07
16400
10 4.2826387392939384e-07
20 2.1413193696469692e-07
90 2.1413193696469692e-07
15800
10 6.423958108940907e-07
140
1 0.00022055589507363784
10 0.0002982857881918228
20 5.6744963295644685e-05
30 2.1841457570399085e-05
40 1.541749946145818e-05
50 1.2847916217881816e-05
60 7.70874973072909e-06
70 7.922881667693787e-06
80 6.638090045905605e-06
90 6.209826171976211e-06
100 4.925034550188029e-06
110 3.4261109914351507e-06
120 3.6402429283998476e-06
130 1.9271874326822724e-06
140 2.1413193696469693e-06
150 1.2847916217881815e-06
160 2.1413193696469693e-06
170 1.9271874326822724e-06
180 1.2847916217881815e-06
190 8.565277478587877e-07
200 5.139166487152726e-06
300 4.925034550188029e-06
400 3.4261109914351507e-06
500 2.997847117505757e-06
600 3.211979054470454e-06
700 6.423958108940907e-07
800 2.569583243576363e-06
900 1.4989235587528785e-06
1000 7.280485856799695e-06
2000 5.353298424117423e-06
3000 6.423958108940907e-07
4000 8.565277478587877e-07
5000 6.423958108940907e-07
7000 2.1413193696469692e-07
9000 2.1413193696469692e-07
10000 2.1413193696469692e-07
20000 8.565277478587877e-07
60000 2.1413193696469692e-07
200000 4.2826387392939384e-07
7600
1 6.423958108940907e-07
10 8.565277478587877e-07
20 6.423958108940907e-07
30 2.1413193696469692e-07
40 2.1413193696469692e-07
110 2.1413193696469692e-07
150 2.1413193696469692e-07
500 2.1413193696469692e-07
1000 2.1413193696469692e-07
364600
10 2.1413193696469692e-07
350200
20 2.1413193696469692e-07
7800
1 4.2826387392939384e-07
10 2.355451306611666e-06
20 2.1413193696469692e-07
70 2.1413193696469692e-07
139800
10 2.1413193696469692e-07
320
1 4.946447743884499e-05
10 6.852221982870302e-05
20 1.4775103650564087e-05
30 4.2826387392939385e-06
40 4.925034550188029e-06
50 2.7837151805410602e-06
60 2.7837151805410602e-06
70 2.1413193696469693e-06
80 1.0706596848234846e-06
90 1.2847916217881815e-06
100 2.1413193696469692e-07
110 4.2826387392939384e-07
120 8.565277478587877e-07
130 4.2826387392939384e-07
140 6.423958108940907e-07
150 2.1413193696469692e-07
160 6.423958108940907e-07
170 8.565277478587877e-07
180 4.2826387392939384e-07
190 2.1413193696469692e-07
200 1.9271874326822724e-06
300 1.0706596848234846e-06
400 1.0706596848234846e-06
500 8.565277478587877e-07
600 1.2847916217881815e-06
700 4.2826387392939384e-07
800 4.2826387392939384e-07
900 6.423958108940907e-07
1000 2.355451306611666e-06
2000 1.4989235587528785e-06
3000 4.2826387392939384e-07
6000 2.1413193696469692e-07
20000 2.1413193696469692e-07
39000
10 2.1413193696469692e-07
2550
1 2.1413193696469693e-06
10 2.7837151805410602e-06
20 1.2847916217881815e-06
30 2.1413193696469692e-07
40 2.1413193696469692e-07
70 2.1413193696469692e-07
1000 2.1413193696469692e-07
2000 2.1413193696469692e-07
40400
1 2.1413193696469692e-07
10 2.1413193696469692e-07
1950
1 3.211979054470454e-06
10 2.997847117505757e-06
20 1.2847916217881815e-06
40 4.2826387392939384e-07
50 6.423958108940907e-07
60 2.1413193696469692e-07
80 2.1413193696469692e-07
300 4.2826387392939384e-07
400 2.1413193696469692e-07
500 2.1413193696469692e-07
5000 2.1413193696469692e-07
3500
1 8.565277478587877e-07
10 1.9271874326822724e-06
20 2.1413193696469692e-07
30 4.2826387392939384e-07
75800
30 2.1413193696469692e-07
14400
1 2.1413193696469692e-07
10 8.565277478587877e-07
70 2.1413193696469692e-07
160 2.1413193696469692e-07
300 2.1413193696469692e-07
84000
80 2.1413193696469692e-07
63400
1 2.1413193696469692e-07
39800
10 2.1413193696469692e-07
40 2.1413193696469692e-07
100400
10 2.1413193696469692e-07
62600
10 2.1413193696469692e-07
400800
10 2.1413193696469692e-07
139000
20 2.1413193696469692e-07
10000
1 2.1413193696469692e-07
10 1.2847916217881815e-06
70 2.1413193696469692e-07
18400
10 2.1413193696469692e-07
20 2.1413193696469692e-07
2950
1 1.0706596848234846e-06
10 1.2847916217881815e-06
20 6.423958108940907e-07
40 4.2826387392939384e-07
140 2.1413193696469692e-07
400 2.1413193696469692e-07
28400
10 2.1413193696469692e-07
20 2.1413193696469692e-07
30200
20 2.1413193696469692e-07
2500
1 1.7130554957175754e-06
10 3.211979054470454e-06
20 4.2826387392939384e-07
30 2.1413193696469692e-07
400 2.1413193696469692e-07
115800
10 2.1413193696469692e-07
1850
1 4.2826387392939385e-06
10 4.496770676258635e-06
20 1.4989235587528785e-06
40 2.1413193696469692e-07
70 2.1413193696469692e-07
80 2.1413193696469692e-07
300 2.1413193696469692e-07
400 2.1413193696469692e-07
700 2.1413193696469692e-07
900 2.1413193696469692e-07
1000 2.1413193696469692e-07
13200
1 2.1413193696469692e-07
10 4.2826387392939384e-07
20 2.1413193696469692e-07
180 2.1413193696469692e-07
200 2.1413193696469692e-07
138600
10 2.1413193696469692e-07
281400
10 2.1413193696469692e-07
139400
10 2.1413193696469692e-07
58400
10 4.2826387392939384e-07
87600
10 2.1413193696469692e-07
4250
1 2.1413193696469692e-07
10 6.423958108940907e-07
20 4.2826387392939384e-07
40 2.1413193696469692e-07
3850
1 6.423958108940907e-07
10 6.423958108940907e-07
20 4.2826387392939384e-07
30 4.2826387392939384e-07
50 2.1413193696469692e-07
130 2.1413193696469692e-07
180 2.1413193696469692e-07
400 2.1413193696469692e-07
600 2.1413193696469692e-07
700 2.1413193696469692e-07
13400
1 2.1413193696469692e-07
10 1.0706596848234846e-06
20 2.1413193696469692e-07
18800
10 4.2826387392939384e-07
2000 2.1413193696469692e-07
1000
1 1.4775103650564087e-05
10 1.6488159146281662e-05
20 4.925034550188029e-06
30 1.4989235587528785e-06
40 1.4989235587528785e-06
50 6.423958108940907e-07
60 4.2826387392939384e-07
70 2.1413193696469692e-07
80 2.1413193696469692e-07
130 6.423958108940907e-07
150 2.1413193696469692e-07
170 2.1413193696469692e-07
190 2.1413193696469692e-07
200 2.1413193696469692e-07
300 2.1413193696469692e-07
500 4.2826387392939384e-07
600 2.1413193696469692e-07
700 2.1413193696469692e-07
800 4.2826387392939384e-07
1000 6.423958108940907e-07
2000 4.2826387392939384e-07
9000 2.1413193696469692e-07
20000 2.1413193696469692e-07
2750
1 1.0706596848234846e-06
10 2.569583243576363e-06
20 1.0706596848234846e-06
100 2.1413193696469692e-07
130 2.1413193696469692e-07
400 2.1413193696469692e-07
4800
1 2.1413193696469692e-07
10 6.423958108940907e-07
20 2.1413193696469692e-07
30 2.1413193696469692e-07
170 2.1413193696469692e-07
1000 2.1413193696469692e-07
14200
10 6.423958108940907e-07
60 2.1413193696469692e-07
20400
1 2.1413193696469692e-07
10 6.423958108940907e-07
30 2.1413193696469692e-07
4150
1 1.0706596848234846e-06
10 1.2847916217881815e-06
20 4.2826387392939384e-07
400 2.1413193696469692e-07
14600
10 6.423958108940907e-07
900 2.1413193696469692e-07
15400
1 4.2826387392939384e-07
10 2.1413193696469692e-07
280
1 6.059933816100923e-05
10 8.972128158820801e-05
20 1.8629478515928634e-05
30 9.421805226446664e-06
40 5.139166487152726e-06
50 3.4261109914351507e-06
60 2.569583243576363e-06
70 1.7130554957175754e-06
80 1.4989235587528785e-06
90 2.7837151805410602e-06
100 1.0706596848234846e-06
110 6.423958108940907e-07
120 1.4989235587528785e-06
130 4.2826387392939384e-07
140 2.1413193696469692e-07
150 1.4989235587528785e-06
160 6.423958108940907e-07
170 6.423958108940907e-07
180 4.2826387392939384e-07
200 1.4989235587528785e-06
300 1.9271874326822724e-06
400 1.4989235587528785e-06
500 1.0706596848234846e-06
600 8.565277478587877e-07
700 6.423958108940907e-07
800 6.423958108940907e-07
900 6.423958108940907e-07
1000 2.1413193696469693e-06
2000 1.4989235587528785e-06
3000 4.2826387392939384e-07
4000 4.2826387392939384e-07
20000 2.1413193696469692e-07
80000 2.1413193696469692e-07
37800
1 2.1413193696469692e-07
30 2.1413193696469692e-07
47600
30 2.1413193696469692e-07
31400
10 2.1413193696469692e-07
1650
1 4.496770676258635e-06
10 6.8522219828703015e-06
20 1.2847916217881815e-06
30 6.423958108940907e-07
40 4.2826387392939384e-07
50 4.2826387392939384e-07
60 6.423958108940907e-07
70 2.1413193696469692e-07
80 2.1413193696469692e-07
90 2.1413193696469692e-07
100 2.1413193696469692e-07
110 2.1413193696469692e-07
140 2.1413193696469692e-07
150 2.1413193696469692e-07
200 2.1413193696469692e-07
400 4.2826387392939384e-07
500 2.1413193696469692e-07
800 2.1413193696469692e-07
900 2.1413193696469692e-07
1000 4.2826387392939384e-07
20000 2.1413193696469692e-07
28
1 0.00046423803933946296
10 0.0006196978255758328
20 0.00012762263443095938
30 5.653083135867999e-05
40 4.17557277081159e-05
50 2.7408887931481206e-05
60 2.4625172750940145e-05
70 1.670229108324636e-05
80 1.4775103650564087e-05
90 1.0064201037340755e-05
100 9.207673289481968e-06
110 9.207673289481968e-06
120 7.922881667693787e-06
130 6.209826171976211e-06
140 6.209826171976211e-06
150 5.139166487152726e-06
160 4.2826387392939385e-06
170 2.569583243576363e-06
180 4.2826387392939385e-06
190 2.7837151805410602e-06
200 1.0064201037340755e-05
300 1.0278332974305452e-05
400 1.0064201037340755e-05
500 4.068506802329242e-06
600 3.6402429283998476e-06
700 2.997847117505757e-06
800 2.1413193696469693e-06
900 3.6402429283998476e-06
1000 1.0492464911270149e-05
2000 8.35114554162318e-06
3000 4.496770676258635e-06
4000 1.7130554957175754e-06
5000 1.2847916217881815e-06
6000 6.423958108940907e-07
7000 1.0706596848234846e-06
8000 2.1413193696469692e-07
9000 4.2826387392939384e-07
20000 1.9271874326822724e-06
80000 2.1413193696469692e-07
12400
10 6.423958108940907e-07
30 2.1413193696469692e-07
120 2.1413193696469692e-07
600 2.1413193696469692e-07
28800
10 4.2826387392939384e-07
48800
1000 2.1413193696469692e-07
9000
10 8.565277478587877e-07
20 2.1413193696469692e-07
30 2.1413193696469692e-07
40 2.1413193696469692e-07
500 2.1413193696469692e-07
800 2.1413193696469692e-07
10800
10 1.2847916217881815e-06
20 2.1413193696469692e-07
40 2.1413193696469692e-07
500 2.1413193696469692e-07
33000
30 2.1413193696469692e-07
800 2.1413193696469692e-07
10400
1 2.1413193696469692e-07
10 2.1413193696469692e-07
40 2.1413193696469692e-07
80 2.1413193696469692e-07
700 2.1413193696469692e-07
57000
10 2.1413193696469692e-07
47200
30 2.1413193696469692e-07
76000
80 2.1413193696469692e-07
4500
1 2.1413193696469692e-07
10 1.0706596848234846e-06
70 2.1413193696469692e-07
110 2.1413193696469692e-07
21200
10 4.2826387392939384e-07
65800
10 2.1413193696469692e-07
6200
1 1.7130554957175754e-06
10 2.1413193696469693e-06
20 2.1413193696469692e-07
40 4.2826387392939384e-07
50 2.1413193696469692e-07
130 4.2826387392939384e-07
200 2.1413193696469692e-07
900 2.1413193696469692e-07
55000
10 2.1413193696469692e-07
25800
10 4.2826387392939384e-07
60 2.1413193696469692e-07
101600
20 2.1413193696469692e-07
36200
10 2.1413193696469692e-07
36800
10 2.1413193696469692e-07
105200
50 2.1413193696469692e-07
2700
1 1.4989235587528785e-06
10 2.1413193696469693e-06
20 4.2826387392939384e-07
30 4.2826387392939384e-07
40 2.1413193696469692e-07
50 2.1413193696469692e-07
400 2.1413193696469692e-07
2000 2.1413193696469692e-07
1700
1 3.6402429283998476e-06
10 7.066353919834998e-06
20 2.569583243576363e-06
30 2.1413193696469692e-07
40 8.565277478587877e-07
50 2.1413193696469692e-07
60 6.423958108940907e-07
70 4.2826387392939384e-07
80 2.1413193696469692e-07
90 4.2826387392939384e-07
100 2.1413193696469692e-07
130 2.1413193696469692e-07
170 2.1413193696469692e-07
400 2.1413193696469692e-07
800 2.1413193696469692e-07
1500
1 5.995694235011514e-06
10 1.1348992659128938e-05
20 3.211979054470454e-06
30 1.0706596848234846e-06
40 1.0706596848234846e-06
50 8.565277478587877e-07
60 6.423958108940907e-07
70 4.2826387392939384e-07
80 2.1413193696469692e-07
100 2.1413193696469692e-07
110 2.1413193696469692e-07
150 2.1413193696469692e-07
400 2.1413193696469692e-07
500 2.1413193696469692e-07
800 2.1413193696469692e-07
900 6.423958108940907e-07
2000 4.2826387392939384e-07
1300
1 6.638090045905605e-06
10 1.2419652343952422e-05
20 2.7837151805410602e-06
30 1.9271874326822724e-06
40 1.0706596848234846e-06
50 4.2826387392939384e-07
60 6.423958108940907e-07
70 2.1413193696469692e-07
80 4.2826387392939384e-07
90 6.423958108940907e-07
100 2.1413193696469692e-07
110 2.1413193696469692e-07
140 2.1413193696469692e-07
180 2.1413193696469692e-07
190 2.1413193696469692e-07
500 2.1413193696469692e-07
1000 2.1413193696469692e-07
2000 2.1413193696469692e-07
12600
10 4.2826387392939384e-07
60 2.1413193696469692e-07
52000
1 2.1413193696469692e-07
10 2.1413193696469692e-07
3550
1 1.0706596848234846e-06
10 8.565277478587877e-07
20 2.1413193696469692e-07
30 2.1413193696469692e-07
170 2.1413193696469692e-07
180 2.1413193696469692e-07
900 2.1413193696469692e-07
2050
1 2.569583243576363e-06
10 2.7837151805410602e-06
20 1.2847916217881815e-06
30 6.423958108940907e-07
40 6.423958108940907e-07
60 6.423958108940907e-07
80 2.1413193696469692e-07
100 4.2826387392939384e-07
120 2.1413193696469692e-07
130 2.1413193696469692e-07
500 2.1413193696469692e-07
900 2.1413193696469692e-07
1000 4.2826387392939384e-07
2000 2.1413193696469692e-07
3000 2.1413193696469692e-07
28000
60 2.1413193696469692e-07
14000
10 2.1413193696469692e-07
130 2.1413193696469692e-07
10200
1 6.423958108940907e-07
10 2.1413193696469692e-07
20 2.1413193696469692e-07
180 2.1413193696469692e-07
900 2.1413193696469692e-07
25600
600 2.1413193696469692e-07
2850
1 1.7130554957175754e-06
10 2.7837151805410602e-06
20 8.565277478587877e-07
30 2.1413193696469692e-07
70 2.1413193696469692e-07
300 2.1413193696469692e-07
4300
1 1.0706596848234846e-06
10 6.423958108940907e-07
20 6.423958108940907e-07
13800
10 2.1413193696469692e-07
20 4.2826387392939384e-07
40 2.1413193696469692e-07
4000 2.1413193696469692e-07
27400
1 2.1413193696469692e-07
30 2.1413193696469692e-07
3450
1 1.0706596848234846e-06
10 1.4989235587528785e-06
20 4.2826387392939384e-07
70 2.1413193696469692e-07
100 2.1413193696469692e-07
150 2.1413193696469692e-07
200 2.1413193696469692e-07
500 2.1413193696469692e-07
1000 2.1413193696469692e-07
1750
1 2.7837151805410602e-06
10 6.8522219828703015e-06
20 1.0706596848234846e-06
30 4.2826387392939384e-07
40 4.2826387392939384e-07
50 4.2826387392939384e-07
60 2.1413193696469692e-07
80 4.2826387392939384e-07
110 2.1413193696469692e-07
140 2.1413193696469692e-07
170 2.1413193696469692e-07
200 2.1413193696469692e-07
400 2.1413193696469692e-07
700 2.1413193696469692e-07
800 2.1413193696469692e-07
1000 2.1413193696469692e-07
9600
1 4.2826387392939384e-07
10 6.423958108940907e-07
40 2.1413193696469692e-07
100 2.1413193696469692e-07
2800
1 1.0706596848234846e-06
10 2.7837151805410602e-06
20 8.565277478587877e-07
30 2.1413193696469692e-07
500 2.1413193696469692e-07
600 2.1413193696469692e-07
4100
1 1.4989235587528785e-06
10 1.0706596848234846e-06
4000
1 8.565277478587877e-07
10 1.2847916217881815e-06
20 4.2826387392939384e-07
30 2.1413193696469692e-07
1000 2.1413193696469692e-07
3250
1 1.4989235587528785e-06
10 8.565277478587877e-07
20 6.423958108940907e-07
30 4.2826387392939384e-07
50 4.2826387392939384e-07
2000
1 2.355451306611666e-06
10 5.139166487152726e-06
20 1.2847916217881815e-06
40 4.2826387392939384e-07
50 2.1413193696469692e-07
70 4.2826387392939384e-07
80 2.1413193696469692e-07
130 2.1413193696469692e-07
200 2.1413193696469692e-07
2200
1 4.068506802329242e-06
10 4.068506802329242e-06
20 1.0706596848234846e-06
30 6.423958108940907e-07
40 2.1413193696469692e-07
70 2.1413193696469692e-07
100 2.1413193696469692e-07
120 2.1413193696469692e-07
170 2.1413193696469692e-07
200 4.2826387392939384e-07
300 2.1413193696469692e-07
400 2.1413193696469692e-07
600 2.1413193696469692e-07
1000 2.1413193696469692e-07
26000
600 2.1413193696469692e-07
46800
20 2.1413193696469692e-07
21800
1 4.2826387392939384e-07
10 4.2826387392939384e-07
4200
1 2.1413193696469692e-07
10 6.423958108940907e-07
30 4.2826387392939384e-07
70 2.1413193696469692e-07
52800
10 2.1413193696469692e-07
20 2.1413193696469692e-07
33600
10 2.1413193696469692e-07
2600
1 1.4989235587528785e-06
10 2.7837151805410602e-06
20 4.2826387392939384e-07
40 4.2826387392939384e-07
50 6.423958108940907e-07
2300
1 1.9271874326822724e-06
10 2.997847117505757e-06
20 6.423958108940907e-07
30 6.423958108940907e-07
40 2.1413193696469692e-07
50 2.1413193696469692e-07
60 2.1413193696469692e-07
70 2.1413193696469692e-07
80 2.1413193696469692e-07
120 2.1413193696469692e-07
200 2.1413193696469692e-07
4050
1 8.565277478587877e-07
10 4.2826387392939384e-07
30 2.1413193696469692e-07
40 2.1413193696469692e-07
160 2.1413193696469692e-07
9800
10 2.1413193696469692e-07
30 2.1413193696469692e-07
300 2.1413193696469692e-07
35200
1 2.1413193696469692e-07
78000
100 2.1413193696469692e-07
29600
30 2.1413193696469692e-07
11800
10 8.565277478587877e-07
90 2.1413193696469692e-07
80000 2.1413193696469692e-07
30000
40 2.1413193696469692e-07
50
1 8.608103865980816e-05
10 0.00010856489204110134
20 2.6124096309693025e-05
30 7.922881667693787e-06
40 7.280485856799695e-06
50 6.209826171976211e-06
60 4.496770676258635e-06
70 3.211979054470454e-06
80 2.1413193696469693e-06
90 1.9271874326822724e-06
100 8.565277478587877e-07
110 1.2847916217881815e-06
120 1.2847916217881815e-06
130 8.565277478587877e-07
140 2.1413193696469692e-07
150 6.423958108940907e-07
160 1.0706596848234846e-06
170 2.1413193696469692e-07
180 8.565277478587877e-07
190 4.2826387392939384e-07
200 2.1413193696469693e-06
300 1.7130554957175754e-06
400 1.9271874326822724e-06
500 1.7130554957175754e-06
600 6.423958108940907e-07
700 1.0706596848234846e-06
800 2.1413193696469692e-07
900 8.565277478587877e-07
1000 2.569583243576363e-06
2000 1.9271874326822724e-06
3000 1.7130554957175754e-06
4000 4.2826387392939384e-07
5000 4.2826387392939384e-07
10000 2.1413193696469692e-07
20000 2.1413193696469692e-07
40000 4.2826387392939384e-07
20200
10 4.2826387392939384e-07
600 2.1413193696469692e-07
4650
1 4.2826387392939384e-07
10 1.2847916217881815e-06
20 4.2826387392939384e-07
62800
30 2.1413193696469692e-07
4600
1 6.423958108940907e-07
10 1.0706596848234846e-06
20 2.1413193696469692e-07
3000 2.1413193696469692e-07
35000
20 2.1413193696469692e-07
51200
10 2.1413193696469692e-07
59600
10 2.1413193696469692e-07
21000
50 2.1413193696469692e-07
2650
1 1.4989235587528785e-06
10 2.569583243576363e-06
20 1.2847916217881815e-06
30 1.0706596848234846e-06
50 4.2826387392939384e-07
60 2.1413193696469692e-07
300 2.1413193696469692e-07
27000
10 2.1413193696469692e-07
4550
1 4.2826387392939384e-07
10 6.423958108940907e-07
20 4.2826387392939384e-07
50 2.1413193696469692e-07
700 2.1413193696469692e-07
17400
1 4.2826387392939384e-07
40 2.1413193696469692e-07
4750
1 4.2826387392939384e-07
10 1.4989235587528785e-06
30 4.2826387392939384e-07
40 2.1413193696469692e-07
50 2.1413193696469692e-07
150 2.1413193696469692e-07
16600
10 2.1413193696469692e-07
20 2.1413193696469692e-07
30 2.1413193696469692e-07
7000
1 6.423958108940907e-07
10 1.7130554957175754e-06
20 2.1413193696469692e-07
70 2.1413193696469692e-07
22000
1 2.1413193696469692e-07
20 4.2826387392939384e-07
13000
1 2.1413193696469692e-07
10 6.423958108940907e-07
20 2.1413193696469692e-07
30 2.1413193696469692e-07
17200
1 4.2826387392939384e-07
20 2.1413193696469692e-07
49200
10 2.1413193696469692e-07
19800
1 2.1413193696469692e-07
3050
1 8.565277478587877e-07
10 2.355451306611666e-06
20 6.423958108940907e-07
30 4.2826387392939384e-07
50 4.2826387392939384e-07
300 2.1413193696469692e-07
500 2.1413193696469692e-07
2400
1 1.7130554957175754e-06
10 1.0706596848234846e-06
20 4.2826387392939384e-07
50 2.1413193696469692e-07
70 2.1413193696469692e-07
130 2.1413193696469692e-07
200 4.2826387392939384e-07
500 2.1413193696469692e-07
2000 2.1413193696469692e-07
17600
10 4.2826387392939384e-07
19400
10 4.2826387392939384e-07
28200
10 4.2826387392939384e-07
31000
10 2.1413193696469692e-07
34200
10 2.1413193696469692e-07
24000
1 2.1413193696469692e-07
20 2.1413193696469692e-07
61800
10 2.1413193696469692e-07
4900
1 2.1413193696469692e-07
10 1.7130554957175754e-06
20 2.1413193696469692e-07
25000
10 2.1413193696469692e-07
22800
40 2.1413193696469692e-07
20000 2.1413193696469692e-07
3600
1 6.423958108940907e-07
10 4.2826387392939384e-07
20 2.1413193696469692e-07
30 2.1413193696469692e-07
3650
1 1.0706596848234846e-06
10 2.1413193696469692e-07
20 4.2826387392939384e-07
30 4.2826387392939384e-07
40 2.1413193696469692e-07
70 2.1413193696469692e-07
100 2.1413193696469692e-07
130 2.1413193696469692e-07
300 2.1413193696469692e-07
22600
20 2.1413193696469692e-07
30 2.1413193696469692e-07
24200
10 6.423958108940907e-07
28600
1 2.1413193696469692e-07
10 2.1413193696469692e-07
14800
10 4.2826387392939384e-07
200 2.1413193696469692e-07
33200
10 2.1413193696469692e-07
17000
20 2.1413193696469692e-07
40 2.1413193696469692e-07
31600
10 2.1413193696469692e-07
20 2.1413193696469692e-07
30400
200 2.1413193696469692e-07
3900
1 4.2826387392939384e-07
10 1.0706596848234846e-06
20 2.1413193696469692e-07
30 2.1413193696469692e-07
50 2.1413193696469692e-07
600 2.1413193696469692e-07
36400
1 2.1413193696469692e-07
10 6.423958108940907e-07
20800
30 2.1413193696469692e-07
30800
10 2.1413193696469692e-07
3950
1 2.1413193696469692e-07
10 1.9271874326822724e-06
20 2.1413193696469692e-07
70 2.1413193696469692e-07
80 2.1413193696469692e-07
100 2.1413193696469692e-07
1000 2.1413193696469692e-07
3000 2.1413193696469692e-07
8400
1 6.423958108940907e-07
10 2.1413193696469692e-07
40 2.1413193696469692e-07
60 2.1413193696469692e-07
70 2.1413193696469692e-07
76600
10 2.1413193696469692e-07
78200
10 2.1413193696469692e-07
25200
30 2.1413193696469692e-07
2900
1 6.423958108940907e-07
10 8.565277478587877e-07
20 6.423958108940907e-07
30 4.2826387392939384e-07
40 2.1413193696469692e-07
50 2.1413193696469692e-07
60 2.1413193696469692e-07
80 2.1413193696469692e-07
100 2.1413193696469692e-07
180 2.1413193696469692e-07
500 2.1413193696469692e-07
900 2.1413193696469692e-07
1000 2.1413193696469692e-07
37400
10 2.1413193696469692e-07
46600
10 2.1413193696469692e-07
32800
10 2.1413193696469692e-07
26400
10 2.1413193696469692e-07
4850
1 4.2826387392939384e-07
10 6.423958108940907e-07
20 4.2826387392939384e-07
30 4.2826387392939384e-07
500 2.1413193696469692e-07
1000 2.1413193696469692e-07
33400
10 4.2826387392939384e-07
13600
10 2.1413193696469692e-07
20 2.1413193696469692e-07
3100
1 1.0706596848234846e-06
10 2.355451306611666e-06
20 2.1413193696469692e-07
30 2.1413193696469692e-07
40 2.1413193696469692e-07
2000 4.2826387392939384e-07
7200
1 2.1413193696469692e-07
10 6.423958108940907e-07
20 4.2826387392939384e-07
50 2.1413193696469692e-07
110 2.1413193696469692e-07
3000 2.1413193696469692e-07
66600
20 2.1413193696469692e-07
4400
10 1.2847916217881815e-06
30 2.1413193696469692e-07
40 2.1413193696469692e-07
70 2.1413193696469692e-07
80 2.1413193696469692e-07
6000 2.1413193696469692e-07
32200
20 2.1413193696469692e-07
29000
10 2.1413193696469692e-07
16200
1 2.1413193696469692e-07
29200
20 2.1413193696469692e-07
24600
1 2.1413193696469692e-07
31800
10 2.1413193696469692e-07
41600
10 2.1413193696469692e-07
38800
1000 2.1413193696469692e-07
65400
10 2.1413193696469692e-07
68000
10 2.1413193696469692e-07
49400
10 2.1413193696469692e-07
18000
10 2.1413193696469692e-07
18600
10 2.1413193696469692e-07
49600
80 2.1413193696469692e-07
