880900
1 3.460207612456748e-05
888100
1 3.460207612456748e-05
749300
1 3.460207612456748e-05
1056800
2000 3.460207612456748e-05
395100
4000 3.460207612456748e-05
169300
2000 3.460207612456748e-05
46500
60000 3.460207612456748e-05
59200
2000 3.460207612456748e-05
157900
2000 3.460207612456748e-05
212600
400000 3.460207612456748e-05
141700
1 3.460207612456748e-05
140600
1 3.460207612456748e-05
130700
1 3.460207612456748e-05
2800
6800000 3.460207612456748e-05
17400000 3.460207612456748e-05
31100
2000 3.460207612456748e-05
55300
4000 3.460207612456748e-05
2
2000 3.460207612456748e-05
3000 3.460207612456748e-05
4000 6.920415224913495e-05
5000 3.460207612456748e-05
6000 3.460207612456748e-05
7000 3.460207612456748e-05
8000 6.920415224913495e-05
10000 3.460207612456748e-05
20000 0.001245674740484429
30000 0.0014878892733564014
40000 0.001384083044982699
50000 0.0019377162629757784
60000 0.002698961937716263
70000 0.0025951557093425604
80000 0.0005536332179930796
90000 0.0002422145328719723
100000 3.460207612456748e-05
200000 6.920415224913495e-05
16200000 3.460207612456748e-05
9800
25800000 3.460207612456748e-05
56600
8000 3.460207612456748e-05
606700
2000 3.460207612456748e-05
153800
4000 3.460207612456748e-05
678200
1 3.460207612456748e-05
126800
1400000 3.460207612456748e-05
9700
1400000 3.460207612456748e-05
12200
20000 3.460207612456748e-05
194300
2000 3.460207612456748e-05
691300
10000 3.460207612456748e-05
351100
60000 3.460207612456748e-05
19400
2400000 3.460207612456748e-05
500
5000 3.460207612456748e-05
113200
10000 3.460207612456748e-05
6400
1 3.460207612456748e-05
1000
2000 3.460207612456748e-05
200000 3.460207612456748e-05
2250
1100000 3.460207612456748e-05
46400
2000 3.460207612456748e-05
12800
1000000 3.460207612456748e-05
1450
2000 6.920415224913495e-05
3700000 3.460207612456748e-05
7700
2000 3.460207612456748e-05
11100
2000 3.460207612456748e-05
1
1 3.460207612456748e-05
2000 0.0002768166089965398
3000 6.920415224913495e-05
4000 0.00020761245674740485
5000 6.920415224913495e-05
6000 3.460207612456748e-05
7000 0.0001384083044982699
8000 3.460207612456748e-05
10000 6.920415224913495e-05
20000 0.0008996539792387544
30000 0.0022837370242214535
40000 0.0017993079584775087
50000 0.0033217993079584776
60000 0.004844290657439446
70000 0.00384083044982699
80000 0.0012110726643598615
90000 0.0004498269896193772
100000 0.0001384083044982699
400000 3.460207612456748e-05
1900000 3.460207612456748e-05
3600
4000000 3.460207612456748e-05
477000
2000 3.460207612456748e-05
640800
400000 3.460207612456748e-05
23300
3800000 3.460207612456748e-05
4
2000 6.920415224913495e-05
4000 0.00010380622837370242
5000 3.460207612456748e-05
6000 3.460207612456748e-05
7000 3.460207612456748e-05
9000 6.920415224913495e-05
10000 6.920415224913495e-05
20000 0.0012110726643598615
30000 0.0025259515570934254
40000 0.0030103806228373702
50000 0.0030103806228373702
60000 0.004221453287197232
70000 0.002422145328719723
80000 0.0007266435986159169
90000 0.00031141868512110725
100000 6.920415224913495e-05
200000 3.460207612456748e-05
28100000 3.460207612456748e-05
850
900000 3.460207612456748e-05
1800000 3.460207612456748e-05
4800
8000 3.460207612456748e-05
10700
10000 3.460207612456748e-05
5
2000 3.460207612456748e-05
4000 0.0001384083044982699
8000 6.920415224913495e-05
10000 0.0002768166089965398
20000 0.008200692041522491
30000 0.0171280276816609
40000 0.017058823529411765
50000 0.02162629757785467
60000 0.024186851211072665
70000 0.016089965397923876
80000 0.0070242214532871975
90000 0.0014186851211072664
100000 0.0005536332179930796
2200000 3.460207612456748e-05
6
5000 3.460207612456748e-05
6000 3.460207612456748e-05
8000 6.920415224913495e-05
10000 3.460207612456748e-05
20000 0.0022145328719723185
30000 0.004325259515570935
40000 0.004913494809688581
50000 0.006228373702422145
60000 0.006401384083044983
70000 0.00328719723183391
80000 0.0012110726643598615
90000 0.00031141868512110725
100000 0.0001384083044982699
1200000 3.460207612456748e-05
1250
10000 3.460207612456748e-05
2300000 3.460207612456748e-05
3
2000 6.920415224913495e-05
4000 0.0002422145328719723
5000 3.460207612456748e-05
10000 0.00010380622837370242
20000 0.00397923875432526
30000 0.008546712802768166
40000 0.00795847750865052
50000 0.009930795847750865
60000 0.010934256055363321
70000 0.009065743944636679
80000 0.0030103806228373702
90000 0.0005536332179930796
100000 0.00017301038062283736
600000 3.460207612456748e-05
14900
4000 3.460207612456748e-05
1500
600000 3.460207612456748e-05
2300
2200000 3.460207612456748e-05
17300000 3.460207612456748e-05
4100
300000 3.460207612456748e-05
340
2000 3.460207612456748e-05
300000 3.460207612456748e-05
2350
4000 3.460207612456748e-05
9600
1400000 3.460207612456748e-05
440
600000 3.460207612456748e-05
18900000 3.460207612456748e-05
5000
19000000 3.460207612456748e-05
430
30000 3.460207612456748e-05
15200000 3.460207612456748e-05
16400000 3.460207612456748e-05
460
6300000 3.460207612456748e-05
800
30000 3.460207612456748e-05
500000 3.460207612456748e-05
3200
5800000 3.460207612456748e-05
1300
8000 3.460207612456748e-05
1400
2000 3.460207612456748e-05
5000 6.920415224913495e-05
230
5000 3.460207612456748e-05
220
5000 3.460207612456748e-05
7000 3.460207612456748e-05
7
3000 3.460207612456748e-05
8000 3.460207612456748e-05
10000 0.00031141868512110725
20000 0.01328719723183391
30000 0.028027681660899653
40000 0.02782006920415225
50000 0.03432525951557094
60000 0.04145328719723183
70000 0.024878892733564015
80000 0.010103806228373702
90000 0.002249134948096886
100000 0.0005536332179930796
200000 3.460207612456748e-05
120
500000 3.460207612456748e-05
1700
2300000 3.460207612456748e-05
24700000 3.460207612456748e-05
100
1 3.460207612456748e-05
4000 6.920415224913495e-05
2200000 3.460207612456748e-05
750
8000 3.460207612456748e-05
260
100000 3.460207612456748e-05
21
100000 3.460207612456748e-05
2050
30000 3.460207612456748e-05
480
5800000 3.460207612456748e-05
210
50000 3.460207612456748e-05
4000000 3.460207612456748e-05
33
50000 3.460207612456748e-05
300
200000 3.460207612456748e-05
300000 3.460207612456748e-05
110
1200000 3.460207612456748e-05
650
40000 3.460207612456748e-05
1200000 3.460207612456748e-05
50
4000 0.0001384083044982699
5000 3.460207612456748e-05
8000 3.460207612456748e-05
9000 3.460207612456748e-05
20000 3.460207612456748e-05
30000 3.460207612456748e-05
40000 3.460207612456748e-05
200000 3.460207612456748e-05
500000 3.460207612456748e-05
310
2000 3.460207612456748e-05
4000 3.460207612456748e-05
19000000 3.460207612456748e-05
80
4000 3.460207612456748e-05
5000 3.460207612456748e-05
8000 3.460207612456748e-05
60000 3.460207612456748e-05
600000 3.460207612456748e-05
1900000 3.460207612456748e-05
23
100000 3.460207612456748e-05
200000 3.460207612456748e-05
600000 3.460207612456748e-05
28100000 3.460207612456748e-05
950
100000 3.460207612456748e-05
16
4000 3.460207612456748e-05
5000 3.460207612456748e-05
20000 6.920415224913495e-05
30000 0.00010380622837370242
40000 0.00020761245674740485
50000 6.920415224913495e-05
60000 0.0003806228373702422
70000 6.920415224913495e-05
90000 3.460207612456748e-05
14
2000 3.460207612456748e-05
4000 6.920415224913495e-05
5000 6.920415224913495e-05
20000 0.00017301038062283736
30000 0.000657439446366782
40000 0.001245674740484429
50000 0.0011072664359861593
60000 0.001245674740484429
70000 0.0007958477508650519
80000 0.0002768166089965398
400000 3.460207612456748e-05
60
4000 0.00020761245674740485
6000 3.460207612456748e-05
8000 3.460207612456748e-05
100000 3.460207612456748e-05
200000 3.460207612456748e-05
1600000 3.460207612456748e-05
1800000 3.460207612456748e-05
360
4000 3.460207612456748e-05
240
8000 3.460207612456748e-05
7500
2000 3.460207612456748e-05
10
5000 3.460207612456748e-05
9000 3.460207612456748e-05
20000 0.0014532871972318339
30000 0.004186851211072665
40000 0.004429065743944637
50000 0.005743944636678201
60000 0.005017301038062283
70000 0.0033910034602076125
80000 0.0011072664359861593
90000 0.0003806228373702422
100000 6.920415224913495e-05
16200000 3.460207612456748e-05
16600000 3.460207612456748e-05
32
2000 6.920415224913495e-05
600000 3.460207612456748e-05
140
5000 3.460207612456748e-05
30000 3.460207612456748e-05
60000 3.460207612456748e-05
2200000 3.460207612456748e-05
47900000 3.460207612456748e-05
160
5000 3.460207612456748e-05
17900000 3.460207612456748e-05
13
2000 6.920415224913495e-05
10000 0.0002768166089965398
20000 0.006920415224913495
30000 0.01356401384083045
40000 0.012560553633217992
50000 0.01522491349480969
60000 0.018719723183391004
70000 0.01193771626297578
80000 0.005190311418685121
90000 0.0011418685121107267
100000 0.0005536332179930796
200000 3.460207612456748e-05
450
100000 3.460207612456748e-05
9
3000 3.460207612456748e-05
6000 3.460207612456748e-05
10000 0.000657439446366782
20000 0.015328719723183391
30000 0.031695501730103805
40000 0.029515570934256056
50000 0.03743944636678201
60000 0.043460207612456746
70000 0.028408304498269896
80000 0.010726643598615917
90000 0.002837370242214533
100000 0.0010034602076124568
200000 0.00010380622837370242
1600000 3.460207612456748e-05
8
3000 3.460207612456748e-05
8000 3.460207612456748e-05
10000 3.460207612456748e-05
20000 0.0017301038062283738
30000 0.005328719723183391
40000 0.005847750865051903
50000 0.006193771626297578
60000 0.005640138408304498
70000 0.005017301038062283
80000 0.001245674740484429
90000 0.0004152249134948097
100000 0.0001384083044982699
130
40000 3.460207612456748e-05
1000000 3.460207612456748e-05
2300000 3.460207612456748e-05
30
16400000 3.460207612456748e-05
600
1300000 3.460207612456748e-05
24700000 3.460207612456748e-05
45
4000 3.460207612456748e-05
1200000 3.460207612456748e-05
39
6000 3.460207612456748e-05
40000 3.460207612456748e-05
41
18900000 3.460207612456748e-05
22
200000 3.460207612456748e-05
300000 3.460207612456748e-05
2900000 3.460207612456748e-05
90
30000 3.460207612456748e-05
23700000 3.460207612456748e-05
180
6800000 3.460207612456748e-05
17300000 3.460207612456748e-05
190
60000 3.460207612456748e-05
12
2000 6.920415224913495e-05
3000 3.460207612456748e-05
8000 3.460207612456748e-05
10000 6.920415224913495e-05
20000 0.0008996539792387544
30000 0.0016955017301038063
40000 0.002179930795847751
50000 0.0029065743944636678
60000 0.0036678200692041524
70000 0.002041522491349481
80000 0.0008650519031141869
90000 0.00010380622837370242
100000 3.460207612456748e-05
11
2000 6.920415224913495e-05
8000 3.460207612456748e-05
10000 0.00020761245674740485
20000 0.012491349480968857
30000 0.025155709342560555
40000 0.02304498269896194
50000 0.02792387543252595
60000 0.03384083044982699
70000 0.021972318339100346
80000 0.009100346020761246
90000 0.0016955017301038063
100000 0.0004498269896193772
500000 3.460207612456748e-05
24
4000 3.460207612456748e-05
20000 3.460207612456748e-05
200000 3.460207612456748e-05
20
2000 3.460207612456748e-05
18
60000 0.00010380622837370242
70000 0.00010380622837370242
100000 3.460207612456748e-05
15
6000 3.460207612456748e-05
10000 3.460207612456748e-05
20000 0.002698961937716263
30000 0.0049480968858131484
40000 0.005155709342560553
50000 0.005397923875432526
60000 0.006920415224913495
70000 0.003910034602076125
80000 0.0017993079584775087
90000 0.00034602076124567473
100000 0.00020761245674740485
28
15200000 3.460207612456748e-05
48
4000 6.920415224913495e-05
49200000 3.460207612456748e-05
17
10000 6.920415224913495e-05
20000 0.0004844290657439446
30000 0.001314878892733564
40000 0.0007958477508650519
50000 0.0012802768166089965
60000 0.0015224913494809689
70000 0.0010726643598615918
80000 0.0003806228373702422
90000 6.920415224913495e-05
100000 0.0001384083044982699
26
2000 3.460207612456748e-05
100000 3.460207612456748e-05
150
30000 3.460207612456748e-05
100000 3.460207612456748e-05
29
6300000 3.460207612456748e-05
27
2000 3.460207612456748e-05
5000 3.460207612456748e-05
19
20000 6.920415224913495e-05
30000 0.00017301038062283736
40000 0.0002422145328719723
50000 0.0001384083044982699
60000 0.00010380622837370242
70000 0.00017301038062283736
80000 3.460207612456748e-05
170
30000 3.460207612456748e-05
31
16200000 3.460207612456748e-05
44
4000 3.460207612456748e-05
70
2000 3.460207612456748e-05
4000 3.460207612456748e-05
1550
200000 3.460207612456748e-05
25
2000 3.460207612456748e-05
